,trial number,sensor position,sample num,sensor value,subject identifier,matching condition,channel,name,time
5,8,FP1,0,1.261,a,S1 obj,0,co2a0000375,0.0
6,8,FP1,1,0.773,a,S1 obj,0,co2a0000375,0.00390625
7,8,FP1,2,2.726,a,S1 obj,0,co2a0000375,0.0078125
8,8,FP1,3,7.609,a,S1 obj,0,co2a0000375,0.01171875
9,8,FP1,4,12.492,a,S1 obj,0,co2a0000375,0.015625
10,8,FP1,5,16.398,a,S1 obj,0,co2a0000375,0.01953125
11,8,FP1,6,17.863,a,S1 obj,0,co2a0000375,0.0234375
12,8,FP1,7,16.886,a,S1 obj,0,co2a0000375,0.02734375
13,8,FP1,8,13.957,a,S1 obj,0,co2a0000375,0.03125
14,8,FP1,9,9.074,a,S1 obj,0,co2a0000375,0.03515625
15,8,FP1,10,4.191,a,S1 obj,0,co2a0000375,0.0390625
16,8,FP1,11,0.285,a,S1 obj,0,co2a0000375,0.04296875
17,8,FP1,12,-1.668,a,S1 obj,0,co2a0000375,0.046875
18,8,FP1,13,-1.18,a,S1 obj,0,co2a0000375,0.05078125
19,8,FP1,14,1.75,a,S1 obj,0,co2a0000375,0.0546875
20,8,FP1,15,5.168,a,S1 obj,0,co2a0000375,0.05859375
21,8,FP1,16,7.609,a,S1 obj,0,co2a0000375,0.0625
22,8,FP1,17,8.097,a,S1 obj,0,co2a0000375,0.06640625
23,8,FP1,18,8.097,a,S1 obj,0,co2a0000375,0.0703125
24,8,FP1,19,8.586,a,S1 obj,0,co2a0000375,0.07421875
25,8,FP1,20,11.515,a,S1 obj,0,co2a0000375,0.078125
26,8,FP1,21,14.445,a,S1 obj,0,co2a0000375,0.08203125
27,8,FP1,22,16.886,a,S1 obj,0,co2a0000375,0.0859375
28,8,FP1,23,17.375,a,S1 obj,0,co2a0000375,0.08984375
29,8,FP1,24,16.398,a,S1 obj,0,co2a0000375,0.09375
30,8,FP1,25,15.422,a,S1 obj,0,co2a0000375,0.09765625
31,8,FP1,26,15.422,a,S1 obj,0,co2a0000375,0.1015625
32,8,FP1,27,16.398,a,S1 obj,0,co2a0000375,0.10546875
33,8,FP1,28,16.886,a,S1 obj,0,co2a0000375,0.109375
34,8,FP1,29,15.91,a,S1 obj,0,co2a0000375,0.11328125
35,8,FP1,30,11.515,a,S1 obj,0,co2a0000375,0.1171875
36,8,FP1,31,5.168,a,S1 obj,0,co2a0000375,0.12109375
37,8,FP1,32,-0.203,a,S1 obj,0,co2a0000375,0.125
38,8,FP1,33,-3.621,a,S1 obj,0,co2a0000375,0.12890625
39,8,FP1,34,-2.645,a,S1 obj,0,co2a0000375,0.1328125
40,8,FP1,35,0.773,a,S1 obj,0,co2a0000375,0.13671875
41,8,FP1,36,5.656,a,S1 obj,0,co2a0000375,0.140625
42,8,FP1,37,8.586,a,S1 obj,0,co2a0000375,0.14453125
43,8,FP1,38,8.586,a,S1 obj,0,co2a0000375,0.1484375
44,8,FP1,39,6.144,a,S1 obj,0,co2a0000375,0.15234375
45,8,FP1,40,4.191,a,S1 obj,0,co2a0000375,0.15625
46,8,FP1,41,3.703,a,S1 obj,0,co2a0000375,0.16015625
47,8,FP1,42,5.656,a,S1 obj,0,co2a0000375,0.1640625
48,8,FP1,43,8.586,a,S1 obj,0,co2a0000375,0.16796875
49,8,FP1,44,10.539,a,S1 obj,0,co2a0000375,0.171875
50,8,FP1,45,9.562,a,S1 obj,0,co2a0000375,0.17578125
51,8,FP1,46,6.144,a,S1 obj,0,co2a0000375,0.1796875
52,8,FP1,47,1.261,a,S1 obj,0,co2a0000375,0.18359375
53,8,FP1,48,-1.668,a,S1 obj,0,co2a0000375,0.1875
54,8,FP1,49,-2.157,a,S1 obj,0,co2a0000375,0.19140625
55,8,FP1,50,-0.203,a,S1 obj,0,co2a0000375,0.1953125
56,8,FP1,51,2.238,a,S1 obj,0,co2a0000375,0.19921875
57,8,FP1,52,3.703,a,S1 obj,0,co2a0000375,0.203125
58,8,FP1,53,4.191,a,S1 obj,0,co2a0000375,0.20703125
59,8,FP1,54,3.703,a,S1 obj,0,co2a0000375,0.2109375
60,8,FP1,55,3.215,a,S1 obj,0,co2a0000375,0.21484375
61,8,FP1,56,3.703,a,S1 obj,0,co2a0000375,0.21875
62,8,FP1,57,5.656,a,S1 obj,0,co2a0000375,0.22265625
63,8,FP1,58,8.097,a,S1 obj,0,co2a0000375,0.2265625
64,8,FP1,59,11.027,a,S1 obj,0,co2a0000375,0.23046875
65,8,FP1,60,13.468,a,S1 obj,0,co2a0000375,0.234375
66,8,FP1,61,14.445,a,S1 obj,0,co2a0000375,0.23828125
67,8,FP1,62,14.933,a,S1 obj,0,co2a0000375,0.2421875
68,8,FP1,63,14.445,a,S1 obj,0,co2a0000375,0.24609375
69,8,FP1,64,14.445,a,S1 obj,0,co2a0000375,0.25
70,8,FP1,65,14.933,a,S1 obj,0,co2a0000375,0.25390625
71,8,FP1,66,15.422,a,S1 obj,0,co2a0000375,0.2578125
72,8,FP1,67,15.422,a,S1 obj,0,co2a0000375,0.26171875
73,8,FP1,68,14.445,a,S1 obj,0,co2a0000375,0.265625
74,8,FP1,69,12.98,a,S1 obj,0,co2a0000375,0.26953125
75,8,FP1,70,11.515,a,S1 obj,0,co2a0000375,0.2734375
76,8,FP1,71,11.027,a,S1 obj,0,co2a0000375,0.27734375
77,8,FP1,72,11.515,a,S1 obj,0,co2a0000375,0.28125
78,8,FP1,73,11.515,a,S1 obj,0,co2a0000375,0.28515625
79,8,FP1,74,11.027,a,S1 obj,0,co2a0000375,0.2890625
80,8,FP1,75,9.074,a,S1 obj,0,co2a0000375,0.29296875
81,8,FP1,76,6.144,a,S1 obj,0,co2a0000375,0.296875
82,8,FP1,77,4.191,a,S1 obj,0,co2a0000375,0.30078125
83,8,FP1,78,3.703,a,S1 obj,0,co2a0000375,0.3046875
84,8,FP1,79,5.168,a,S1 obj,0,co2a0000375,0.30859375
85,8,FP1,80,7.121,a,S1 obj,0,co2a0000375,0.3125
86,8,FP1,81,9.562,a,S1 obj,0,co2a0000375,0.31640625
87,8,FP1,82,11.027,a,S1 obj,0,co2a0000375,0.3203125
88,8,FP1,83,11.515,a,S1 obj,0,co2a0000375,0.32421875
89,8,FP1,84,11.027,a,S1 obj,0,co2a0000375,0.328125
90,8,FP1,85,10.05,a,S1 obj,0,co2a0000375,0.33203125
91,8,FP1,86,8.586,a,S1 obj,0,co2a0000375,0.3359375
92,8,FP1,87,6.632,a,S1 obj,0,co2a0000375,0.33984375
93,8,FP1,88,5.168,a,S1 obj,0,co2a0000375,0.34375
94,8,FP1,89,4.191,a,S1 obj,0,co2a0000375,0.34765625
95,8,FP1,90,3.215,a,S1 obj,0,co2a0000375,0.3515625
96,8,FP1,91,3.703,a,S1 obj,0,co2a0000375,0.35546875
97,8,FP1,92,4.191,a,S1 obj,0,co2a0000375,0.359375
98,8,FP1,93,4.679,a,S1 obj,0,co2a0000375,0.36328125
99,8,FP1,94,4.191,a,S1 obj,0,co2a0000375,0.3671875
100,8,FP1,95,2.726,a,S1 obj,0,co2a0000375,0.37109375
101,8,FP1,96,0.773,a,S1 obj,0,co2a0000375,0.375
102,8,FP1,97,-0.692,a,S1 obj,0,co2a0000375,0.37890625
103,8,FP1,98,-1.18,a,S1 obj,0,co2a0000375,0.3828125
104,8,FP1,99,-0.692,a,S1 obj,0,co2a0000375,0.38671875
105,8,FP1,100,0.773,a,S1 obj,0,co2a0000375,0.390625
106,8,FP1,101,2.238,a,S1 obj,0,co2a0000375,0.39453125
107,8,FP1,102,4.191,a,S1 obj,0,co2a0000375,0.3984375
108,8,FP1,103,6.144,a,S1 obj,0,co2a0000375,0.40234375
109,8,FP1,104,8.097,a,S1 obj,0,co2a0000375,0.40625
110,8,FP1,105,8.586,a,S1 obj,0,co2a0000375,0.41015625
111,8,FP1,106,8.586,a,S1 obj,0,co2a0000375,0.4140625
112,8,FP1,107,7.121,a,S1 obj,0,co2a0000375,0.41796875
113,8,FP1,108,5.168,a,S1 obj,0,co2a0000375,0.421875
114,8,FP1,109,4.191,a,S1 obj,0,co2a0000375,0.42578125
115,8,FP1,110,3.215,a,S1 obj,0,co2a0000375,0.4296875
116,8,FP1,111,2.726,a,S1 obj,0,co2a0000375,0.43359375
117,8,FP1,112,1.75,a,S1 obj,0,co2a0000375,0.4375
118,8,FP1,113,0.773,a,S1 obj,0,co2a0000375,0.44140625
119,8,FP1,114,-0.203,a,S1 obj,0,co2a0000375,0.4453125
120,8,FP1,115,-0.203,a,S1 obj,0,co2a0000375,0.44921875
121,8,FP1,116,-0.203,a,S1 obj,0,co2a0000375,0.453125
122,8,FP1,117,-0.203,a,S1 obj,0,co2a0000375,0.45703125
123,8,FP1,118,-1.668,a,S1 obj,0,co2a0000375,0.4609375
124,8,FP1,119,-3.621,a,S1 obj,0,co2a0000375,0.46484375
125,8,FP1,120,-5.575,a,S1 obj,0,co2a0000375,0.46875
126,8,FP1,121,-7.039,a,S1 obj,0,co2a0000375,0.47265625
127,8,FP1,122,-7.528,a,S1 obj,0,co2a0000375,0.4765625
128,8,FP1,123,-6.551,a,S1 obj,0,co2a0000375,0.48046875
129,8,FP1,124,-4.11,a,S1 obj,0,co2a0000375,0.484375
130,8,FP1,125,-1.18,a,S1 obj,0,co2a0000375,0.48828125
131,8,FP1,126,2.238,a,S1 obj,0,co2a0000375,0.4921875
132,8,FP1,127,4.191,a,S1 obj,0,co2a0000375,0.49609375
133,8,FP1,128,4.679,a,S1 obj,0,co2a0000375,0.5
134,8,FP1,129,2.726,a,S1 obj,0,co2a0000375,0.50390625
135,8,FP1,130,0.285,a,S1 obj,0,co2a0000375,0.5078125
136,8,FP1,131,-1.18,a,S1 obj,0,co2a0000375,0.51171875
137,8,FP1,132,-1.18,a,S1 obj,0,co2a0000375,0.515625
138,8,FP1,133,-0.203,a,S1 obj,0,co2a0000375,0.51953125
139,8,FP1,134,-0.203,a,S1 obj,0,co2a0000375,0.5234375
140,8,FP1,135,-2.157,a,S1 obj,0,co2a0000375,0.52734375
141,8,FP1,136,-4.598,a,S1 obj,0,co2a0000375,0.53125
142,8,FP1,137,-6.063,a,S1 obj,0,co2a0000375,0.53515625
143,8,FP1,138,-4.598,a,S1 obj,0,co2a0000375,0.5390625
144,8,FP1,139,-0.203,a,S1 obj,0,co2a0000375,0.54296875
145,8,FP1,140,3.215,a,S1 obj,0,co2a0000375,0.546875
146,8,FP1,141,4.191,a,S1 obj,0,co2a0000375,0.55078125
147,8,FP1,142,1.75,a,S1 obj,0,co2a0000375,0.5546875
148,8,FP1,143,-0.203,a,S1 obj,0,co2a0000375,0.55859375
149,8,FP1,144,0.773,a,S1 obj,0,co2a0000375,0.5625
150,8,FP1,145,6.632,a,S1 obj,0,co2a0000375,0.56640625
151,8,FP1,146,15.422,a,S1 obj,0,co2a0000375,0.5703125
152,8,FP1,147,22.257,a,S1 obj,0,co2a0000375,0.57421875
153,8,FP1,148,24.699,a,S1 obj,0,co2a0000375,0.578125
154,8,FP1,149,23.234,a,S1 obj,0,co2a0000375,0.58203125
155,8,FP1,150,20.304,a,S1 obj,0,co2a0000375,0.5859375
156,8,FP1,151,17.863,a,S1 obj,0,co2a0000375,0.58984375
157,8,FP1,152,17.375,a,S1 obj,0,co2a0000375,0.59375
158,8,FP1,153,17.375,a,S1 obj,0,co2a0000375,0.59765625
159,8,FP1,154,16.886,a,S1 obj,0,co2a0000375,0.6015625
160,8,FP1,155,15.422,a,S1 obj,0,co2a0000375,0.60546875
161,8,FP1,156,14.445,a,S1 obj,0,co2a0000375,0.609375
162,8,FP1,157,14.445,a,S1 obj,0,co2a0000375,0.61328125
163,8,FP1,158,15.91,a,S1 obj,0,co2a0000375,0.6171875
164,8,FP1,159,16.886,a,S1 obj,0,co2a0000375,0.62109375
165,8,FP1,160,16.886,a,S1 obj,0,co2a0000375,0.625
166,8,FP1,161,15.91,a,S1 obj,0,co2a0000375,0.62890625
167,8,FP1,162,15.422,a,S1 obj,0,co2a0000375,0.6328125
168,8,FP1,163,16.886,a,S1 obj,0,co2a0000375,0.63671875
169,8,FP1,164,18.84,a,S1 obj,0,co2a0000375,0.640625
170,8,FP1,165,21.281,a,S1 obj,0,co2a0000375,0.64453125
171,8,FP1,166,23.722,a,S1 obj,0,co2a0000375,0.6484375
172,8,FP1,167,26.164,a,S1 obj,0,co2a0000375,0.65234375
173,8,FP1,168,29.582,a,S1 obj,0,co2a0000375,0.65625
174,8,FP1,169,33.488,a,S1 obj,0,co2a0000375,0.66015625
175,8,FP1,170,35.929,a,S1 obj,0,co2a0000375,0.6640625
176,8,FP1,171,35.929,a,S1 obj,0,co2a0000375,0.66796875
177,8,FP1,172,33.0,a,S1 obj,0,co2a0000375,0.671875
178,8,FP1,173,28.605,a,S1 obj,0,co2a0000375,0.67578125
179,8,FP1,174,26.652,a,S1 obj,0,co2a0000375,0.6796875
180,8,FP1,175,28.605,a,S1 obj,0,co2a0000375,0.68359375
181,8,FP1,176,32.511,a,S1 obj,0,co2a0000375,0.6875
182,8,FP1,177,35.929,a,S1 obj,0,co2a0000375,0.69140625
183,8,FP1,178,36.906,a,S1 obj,0,co2a0000375,0.6953125
184,8,FP1,179,34.953,a,S1 obj,0,co2a0000375,0.69921875
185,8,FP1,180,33.0,a,S1 obj,0,co2a0000375,0.703125
186,8,FP1,181,33.0,a,S1 obj,0,co2a0000375,0.70703125
187,8,FP1,182,35.441,a,S1 obj,0,co2a0000375,0.7109375
188,8,FP1,183,38.371,a,S1 obj,0,co2a0000375,0.71484375
189,8,FP1,184,40.812,a,S1 obj,0,co2a0000375,0.71875
190,8,FP1,185,40.812,a,S1 obj,0,co2a0000375,0.72265625
191,8,FP1,186,39.836,a,S1 obj,0,co2a0000375,0.7265625
192,8,FP1,187,38.859,a,S1 obj,0,co2a0000375,0.73046875
193,8,FP1,188,39.836,a,S1 obj,0,co2a0000375,0.734375
194,8,FP1,189,43.254,a,S1 obj,0,co2a0000375,0.73828125
195,8,FP1,190,47.648,a,S1 obj,0,co2a0000375,0.7421875
196,8,FP1,191,51.554,a,S1 obj,0,co2a0000375,0.74609375
197,8,FP1,192,52.531,a,S1 obj,0,co2a0000375,0.75
198,8,FP1,193,50.578,a,S1 obj,0,co2a0000375,0.75390625
199,8,FP1,194,46.672,a,S1 obj,0,co2a0000375,0.7578125
200,8,FP1,195,43.742,a,S1 obj,0,co2a0000375,0.76171875
201,8,FP1,196,43.254,a,S1 obj,0,co2a0000375,0.765625
202,8,FP1,197,46.183,a,S1 obj,0,co2a0000375,0.76953125
203,8,FP1,198,50.09,a,S1 obj,0,co2a0000375,0.7734375
204,8,FP1,199,53.019,a,S1 obj,0,co2a0000375,0.77734375
205,8,FP1,200,53.996,a,S1 obj,0,co2a0000375,0.78125
206,8,FP1,201,53.507,a,S1 obj,0,co2a0000375,0.78515625
207,8,FP1,202,53.507,a,S1 obj,0,co2a0000375,0.7890625
208,8,FP1,203,54.972,a,S1 obj,0,co2a0000375,0.79296875
209,8,FP1,204,57.414,a,S1 obj,0,co2a0000375,0.796875
210,8,FP1,205,59.367,a,S1 obj,0,co2a0000375,0.80078125
211,8,FP1,206,58.879,a,S1 obj,0,co2a0000375,0.8046875
212,8,FP1,207,56.437,a,S1 obj,0,co2a0000375,0.80859375
213,8,FP1,208,53.996,a,S1 obj,0,co2a0000375,0.8125
214,8,FP1,209,53.996,a,S1 obj,0,co2a0000375,0.81640625
215,8,FP1,210,55.949,a,S1 obj,0,co2a0000375,0.8203125
216,8,FP1,211,59.367,a,S1 obj,0,co2a0000375,0.82421875
217,8,FP1,212,61.32,a,S1 obj,0,co2a0000375,0.828125
218,8,FP1,213,61.32,a,S1 obj,0,co2a0000375,0.83203125
219,8,FP1,214,59.855,a,S1 obj,0,co2a0000375,0.8359375
220,8,FP1,215,57.414,a,S1 obj,0,co2a0000375,0.83984375
221,8,FP1,216,55.461,a,S1 obj,0,co2a0000375,0.84375
222,8,FP1,217,53.019,a,S1 obj,0,co2a0000375,0.84765625
223,8,FP1,218,50.578,a,S1 obj,0,co2a0000375,0.8515625
224,8,FP1,219,48.136,a,S1 obj,0,co2a0000375,0.85546875
225,8,FP1,220,46.183,a,S1 obj,0,co2a0000375,0.859375
226,8,FP1,221,45.207,a,S1 obj,0,co2a0000375,0.86328125
227,8,FP1,222,45.207,a,S1 obj,0,co2a0000375,0.8671875
228,8,FP1,223,44.718,a,S1 obj,0,co2a0000375,0.87109375
229,8,FP1,224,43.254,a,S1 obj,0,co2a0000375,0.875
230,8,FP1,225,40.324,a,S1 obj,0,co2a0000375,0.87890625
231,8,FP1,226,37.882,a,S1 obj,0,co2a0000375,0.8828125
232,8,FP1,227,36.906,a,S1 obj,0,co2a0000375,0.88671875
233,8,FP1,228,38.859,a,S1 obj,0,co2a0000375,0.890625
234,8,FP1,229,42.765,a,S1 obj,0,co2a0000375,0.89453125
235,8,FP1,230,46.672,a,S1 obj,0,co2a0000375,0.8984375
236,8,FP1,231,47.648,a,S1 obj,0,co2a0000375,0.90234375
237,8,FP1,232,45.695,a,S1 obj,0,co2a0000375,0.90625
238,8,FP1,233,42.277,a,S1 obj,0,co2a0000375,0.91015625
239,8,FP1,234,39.347,a,S1 obj,0,co2a0000375,0.9140625
240,8,FP1,235,38.371,a,S1 obj,0,co2a0000375,0.91796875
241,8,FP1,236,39.836,a,S1 obj,0,co2a0000375,0.921875
242,8,FP1,237,41.789,a,S1 obj,0,co2a0000375,0.92578125
243,8,FP1,238,43.742,a,S1 obj,0,co2a0000375,0.9296875
244,8,FP1,239,43.742,a,S1 obj,0,co2a0000375,0.93359375
245,8,FP1,240,40.812,a,S1 obj,0,co2a0000375,0.9375
246,8,FP1,241,36.418,a,S1 obj,0,co2a0000375,0.94140625
247,8,FP1,242,31.047,a,S1 obj,0,co2a0000375,0.9453125
248,8,FP1,243,26.652,a,S1 obj,0,co2a0000375,0.94921875
249,8,FP1,244,25.187,a,S1 obj,0,co2a0000375,0.953125
250,8,FP1,245,26.164,a,S1 obj,0,co2a0000375,0.95703125
251,8,FP1,246,29.582,a,S1 obj,0,co2a0000375,0.9609375
252,8,FP1,247,33.488,a,S1 obj,0,co2a0000375,0.96484375
253,8,FP1,248,36.418,a,S1 obj,0,co2a0000375,0.96875
254,8,FP1,249,37.394,a,S1 obj,0,co2a0000375,0.97265625
255,8,FP1,250,36.418,a,S1 obj,0,co2a0000375,0.9765625
256,8,FP1,251,33.976,a,S1 obj,0,co2a0000375,0.98046875
257,8,FP1,252,31.535,a,S1 obj,0,co2a0000375,0.984375
258,8,FP1,253,30.07,a,S1 obj,0,co2a0000375,0.98828125
259,8,FP1,254,30.07,a,S1 obj,0,co2a0000375,0.9921875
260,8,FP1,255,29.582,a,S1 obj,0,co2a0000375,0.99609375
262,8,FP2,0,-1.261,a,S1 obj,1,co2a0000375,0.0
263,8,FP2,1,-1.75,a,S1 obj,1,co2a0000375,0.00390625
264,8,FP2,2,0.203,a,S1 obj,1,co2a0000375,0.0078125
265,8,FP2,3,4.11,a,S1 obj,1,co2a0000375,0.01171875
266,8,FP2,4,8.504,a,S1 obj,1,co2a0000375,0.015625
267,8,FP2,5,11.434,a,S1 obj,1,co2a0000375,0.01953125
268,8,FP2,6,12.899,a,S1 obj,1,co2a0000375,0.0234375
269,8,FP2,7,12.41,a,S1 obj,1,co2a0000375,0.02734375
270,8,FP2,8,9.969,a,S1 obj,1,co2a0000375,0.03125
271,8,FP2,9,6.063,a,S1 obj,1,co2a0000375,0.03515625
272,8,FP2,10,1.668,a,S1 obj,1,co2a0000375,0.0390625
273,8,FP2,11,-2.238,a,S1 obj,1,co2a0000375,0.04296875
274,8,FP2,12,-3.215,a,S1 obj,1,co2a0000375,0.046875
275,8,FP2,13,-1.75,a,S1 obj,1,co2a0000375,0.05078125
276,8,FP2,14,2.157,a,S1 obj,1,co2a0000375,0.0546875
277,8,FP2,15,5.575,a,S1 obj,1,co2a0000375,0.05859375
278,8,FP2,16,7.528,a,S1 obj,1,co2a0000375,0.0625
279,8,FP2,17,6.551,a,S1 obj,1,co2a0000375,0.06640625
280,8,FP2,18,5.086,a,S1 obj,1,co2a0000375,0.0703125
281,8,FP2,19,5.086,a,S1 obj,1,co2a0000375,0.07421875
282,8,FP2,20,7.528,a,S1 obj,1,co2a0000375,0.078125
283,8,FP2,21,11.922,a,S1 obj,1,co2a0000375,0.08203125
284,8,FP2,22,16.317,a,S1 obj,1,co2a0000375,0.0859375
285,8,FP2,23,17.782,a,S1 obj,1,co2a0000375,0.08984375
286,8,FP2,24,17.293,a,S1 obj,1,co2a0000375,0.09375
287,8,FP2,25,15.34,a,S1 obj,1,co2a0000375,0.09765625
288,8,FP2,26,13.875,a,S1 obj,1,co2a0000375,0.1015625
289,8,FP2,27,13.875,a,S1 obj,1,co2a0000375,0.10546875
290,8,FP2,28,13.387,a,S1 obj,1,co2a0000375,0.109375
291,8,FP2,29,12.41,a,S1 obj,1,co2a0000375,0.11328125
292,8,FP2,30,8.993,a,S1 obj,1,co2a0000375,0.1171875
293,8,FP2,31,4.598,a,S1 obj,1,co2a0000375,0.12109375
294,8,FP2,32,1.668,a,S1 obj,1,co2a0000375,0.125
295,8,FP2,33,1.18,a,S1 obj,1,co2a0000375,0.12890625
296,8,FP2,34,3.133,a,S1 obj,1,co2a0000375,0.1328125
297,8,FP2,35,6.551,a,S1 obj,1,co2a0000375,0.13671875
298,8,FP2,36,9.969,a,S1 obj,1,co2a0000375,0.140625
299,8,FP2,37,10.457,a,S1 obj,1,co2a0000375,0.14453125
300,8,FP2,38,8.993,a,S1 obj,1,co2a0000375,0.1484375
301,8,FP2,39,5.086,a,S1 obj,1,co2a0000375,0.15234375
302,8,FP2,40,2.645,a,S1 obj,1,co2a0000375,0.15625
303,8,FP2,41,2.645,a,S1 obj,1,co2a0000375,0.16015625
304,8,FP2,42,5.086,a,S1 obj,1,co2a0000375,0.1640625
305,8,FP2,43,8.993,a,S1 obj,1,co2a0000375,0.16796875
306,8,FP2,44,11.434,a,S1 obj,1,co2a0000375,0.171875
307,8,FP2,45,10.946,a,S1 obj,1,co2a0000375,0.17578125
308,8,FP2,46,6.551,a,S1 obj,1,co2a0000375,0.1796875
309,8,FP2,47,0.203,a,S1 obj,1,co2a0000375,0.18359375
310,8,FP2,48,-5.168,a,S1 obj,1,co2a0000375,0.1875
311,8,FP2,49,-6.632,a,S1 obj,1,co2a0000375,0.19140625
312,8,FP2,50,-4.679,a,S1 obj,1,co2a0000375,0.1953125
313,8,FP2,51,0.203,a,S1 obj,1,co2a0000375,0.19921875
314,8,FP2,52,4.598,a,S1 obj,1,co2a0000375,0.203125
315,8,FP2,53,6.063,a,S1 obj,1,co2a0000375,0.20703125
316,8,FP2,54,5.086,a,S1 obj,1,co2a0000375,0.2109375
317,8,FP2,55,3.133,a,S1 obj,1,co2a0000375,0.21484375
318,8,FP2,56,2.645,a,S1 obj,1,co2a0000375,0.21875
319,8,FP2,57,5.086,a,S1 obj,1,co2a0000375,0.22265625
320,8,FP2,58,8.993,a,S1 obj,1,co2a0000375,0.2265625
321,8,FP2,59,12.899,a,S1 obj,1,co2a0000375,0.23046875
322,8,FP2,60,14.852,a,S1 obj,1,co2a0000375,0.234375
323,8,FP2,61,15.828,a,S1 obj,1,co2a0000375,0.23828125
324,8,FP2,62,15.828,a,S1 obj,1,co2a0000375,0.2421875
325,8,FP2,63,16.317,a,S1 obj,1,co2a0000375,0.24609375
326,8,FP2,64,17.293,a,S1 obj,1,co2a0000375,0.25
327,8,FP2,65,18.27,a,S1 obj,1,co2a0000375,0.25390625
328,8,FP2,66,18.758,a,S1 obj,1,co2a0000375,0.2578125
329,8,FP2,67,18.758,a,S1 obj,1,co2a0000375,0.26171875
330,8,FP2,68,18.27,a,S1 obj,1,co2a0000375,0.265625
331,8,FP2,69,17.782,a,S1 obj,1,co2a0000375,0.26953125
332,8,FP2,70,16.805,a,S1 obj,1,co2a0000375,0.2734375
333,8,FP2,71,16.317,a,S1 obj,1,co2a0000375,0.27734375
334,8,FP2,72,15.34,a,S1 obj,1,co2a0000375,0.28125
335,8,FP2,73,13.387,a,S1 obj,1,co2a0000375,0.28515625
336,8,FP2,74,11.434,a,S1 obj,1,co2a0000375,0.2890625
337,8,FP2,75,9.969,a,S1 obj,1,co2a0000375,0.29296875
338,8,FP2,76,8.993,a,S1 obj,1,co2a0000375,0.296875
339,8,FP2,77,8.504,a,S1 obj,1,co2a0000375,0.30078125
340,8,FP2,78,9.481,a,S1 obj,1,co2a0000375,0.3046875
341,8,FP2,79,10.946,a,S1 obj,1,co2a0000375,0.30859375
342,8,FP2,80,13.387,a,S1 obj,1,co2a0000375,0.3125
343,8,FP2,81,15.34,a,S1 obj,1,co2a0000375,0.31640625
344,8,FP2,82,16.317,a,S1 obj,1,co2a0000375,0.3203125
345,8,FP2,83,15.828,a,S1 obj,1,co2a0000375,0.32421875
346,8,FP2,84,13.387,a,S1 obj,1,co2a0000375,0.328125
347,8,FP2,85,9.481,a,S1 obj,1,co2a0000375,0.33203125
348,8,FP2,86,6.551,a,S1 obj,1,co2a0000375,0.3359375
349,8,FP2,87,5.086,a,S1 obj,1,co2a0000375,0.33984375
350,8,FP2,88,5.086,a,S1 obj,1,co2a0000375,0.34375
351,8,FP2,89,6.063,a,S1 obj,1,co2a0000375,0.34765625
352,8,FP2,90,6.063,a,S1 obj,1,co2a0000375,0.3515625
353,8,FP2,91,5.575,a,S1 obj,1,co2a0000375,0.35546875
354,8,FP2,92,5.086,a,S1 obj,1,co2a0000375,0.359375
355,8,FP2,93,5.086,a,S1 obj,1,co2a0000375,0.36328125
356,8,FP2,94,4.598,a,S1 obj,1,co2a0000375,0.3671875
357,8,FP2,95,3.621,a,S1 obj,1,co2a0000375,0.37109375
358,8,FP2,96,1.668,a,S1 obj,1,co2a0000375,0.375
359,8,FP2,97,-0.285,a,S1 obj,1,co2a0000375,0.37890625
360,8,FP2,98,-1.261,a,S1 obj,1,co2a0000375,0.3828125
361,8,FP2,99,-0.773,a,S1 obj,1,co2a0000375,0.38671875
362,8,FP2,100,1.18,a,S1 obj,1,co2a0000375,0.390625
363,8,FP2,101,4.11,a,S1 obj,1,co2a0000375,0.39453125
364,8,FP2,102,6.551,a,S1 obj,1,co2a0000375,0.3984375
365,8,FP2,103,8.016,a,S1 obj,1,co2a0000375,0.40234375
366,8,FP2,104,8.993,a,S1 obj,1,co2a0000375,0.40625
367,8,FP2,105,8.993,a,S1 obj,1,co2a0000375,0.41015625
368,8,FP2,106,8.504,a,S1 obj,1,co2a0000375,0.4140625
369,8,FP2,107,8.016,a,S1 obj,1,co2a0000375,0.41796875
370,8,FP2,108,7.039,a,S1 obj,1,co2a0000375,0.421875
371,8,FP2,109,6.551,a,S1 obj,1,co2a0000375,0.42578125
372,8,FP2,110,5.575,a,S1 obj,1,co2a0000375,0.4296875
373,8,FP2,111,4.598,a,S1 obj,1,co2a0000375,0.43359375
374,8,FP2,112,3.133,a,S1 obj,1,co2a0000375,0.4375
375,8,FP2,113,1.668,a,S1 obj,1,co2a0000375,0.44140625
376,8,FP2,114,0.203,a,S1 obj,1,co2a0000375,0.4453125
377,8,FP2,115,-0.285,a,S1 obj,1,co2a0000375,0.44921875
378,8,FP2,116,0.203,a,S1 obj,1,co2a0000375,0.453125
379,8,FP2,117,0.203,a,S1 obj,1,co2a0000375,0.45703125
380,8,FP2,118,-0.285,a,S1 obj,1,co2a0000375,0.4609375
381,8,FP2,119,-2.726,a,S1 obj,1,co2a0000375,0.46484375
382,8,FP2,120,-6.144,a,S1 obj,1,co2a0000375,0.46875
383,8,FP2,121,-9.074,a,S1 obj,1,co2a0000375,0.47265625
384,8,FP2,122,-10.05,a,S1 obj,1,co2a0000375,0.4765625
385,8,FP2,123,-8.586,a,S1 obj,1,co2a0000375,0.48046875
386,8,FP2,124,-5.168,a,S1 obj,1,co2a0000375,0.484375
387,8,FP2,125,-1.75,a,S1 obj,1,co2a0000375,0.48828125
388,8,FP2,126,1.18,a,S1 obj,1,co2a0000375,0.4921875
389,8,FP2,127,2.645,a,S1 obj,1,co2a0000375,0.49609375
390,8,FP2,128,3.133,a,S1 obj,1,co2a0000375,0.5
391,8,FP2,129,2.157,a,S1 obj,1,co2a0000375,0.50390625
392,8,FP2,130,1.668,a,S1 obj,1,co2a0000375,0.5078125
393,8,FP2,131,1.18,a,S1 obj,1,co2a0000375,0.51171875
394,8,FP2,132,1.18,a,S1 obj,1,co2a0000375,0.515625
395,8,FP2,133,0.692,a,S1 obj,1,co2a0000375,0.51953125
396,8,FP2,134,-0.773,a,S1 obj,1,co2a0000375,0.5234375
397,8,FP2,135,-2.726,a,S1 obj,1,co2a0000375,0.52734375
398,8,FP2,136,-3.703,a,S1 obj,1,co2a0000375,0.53125
399,8,FP2,137,-3.703,a,S1 obj,1,co2a0000375,0.53515625
400,8,FP2,138,-2.238,a,S1 obj,1,co2a0000375,0.5390625
401,8,FP2,139,0.692,a,S1 obj,1,co2a0000375,0.54296875
402,8,FP2,140,2.157,a,S1 obj,1,co2a0000375,0.546875
403,8,FP2,141,2.157,a,S1 obj,1,co2a0000375,0.55078125
404,8,FP2,142,0.692,a,S1 obj,1,co2a0000375,0.5546875
405,8,FP2,143,0.203,a,S1 obj,1,co2a0000375,0.55859375
406,8,FP2,144,2.645,a,S1 obj,1,co2a0000375,0.5625
407,8,FP2,145,8.504,a,S1 obj,1,co2a0000375,0.56640625
408,8,FP2,146,15.828,a,S1 obj,1,co2a0000375,0.5703125
409,8,FP2,147,22.176,a,S1 obj,1,co2a0000375,0.57421875
410,8,FP2,148,25.594,a,S1 obj,1,co2a0000375,0.578125
411,8,FP2,149,25.594,a,S1 obj,1,co2a0000375,0.58203125
412,8,FP2,150,23.153,a,S1 obj,1,co2a0000375,0.5859375
413,8,FP2,151,20.223,a,S1 obj,1,co2a0000375,0.58984375
414,8,FP2,152,17.782,a,S1 obj,1,co2a0000375,0.59375
415,8,FP2,153,16.805,a,S1 obj,1,co2a0000375,0.59765625
416,8,FP2,154,16.805,a,S1 obj,1,co2a0000375,0.6015625
417,8,FP2,155,17.293,a,S1 obj,1,co2a0000375,0.60546875
418,8,FP2,156,17.782,a,S1 obj,1,co2a0000375,0.609375
419,8,FP2,157,18.758,a,S1 obj,1,co2a0000375,0.61328125
420,8,FP2,158,19.246,a,S1 obj,1,co2a0000375,0.6171875
421,8,FP2,159,19.246,a,S1 obj,1,co2a0000375,0.62109375
422,8,FP2,160,18.758,a,S1 obj,1,co2a0000375,0.625
423,8,FP2,161,17.782,a,S1 obj,1,co2a0000375,0.62890625
424,8,FP2,162,17.782,a,S1 obj,1,co2a0000375,0.6328125
425,8,FP2,163,18.27,a,S1 obj,1,co2a0000375,0.63671875
426,8,FP2,164,19.735,a,S1 obj,1,co2a0000375,0.640625
427,8,FP2,165,21.2,a,S1 obj,1,co2a0000375,0.64453125
428,8,FP2,166,23.641,a,S1 obj,1,co2a0000375,0.6484375
429,8,FP2,167,27.059,a,S1 obj,1,co2a0000375,0.65234375
430,8,FP2,168,32.43,a,S1 obj,1,co2a0000375,0.65625
431,8,FP2,169,37.313,a,S1 obj,1,co2a0000375,0.66015625
432,8,FP2,170,39.754,a,S1 obj,1,co2a0000375,0.6640625
433,8,FP2,171,38.289,a,S1 obj,1,co2a0000375,0.66796875
434,8,FP2,172,33.407,a,S1 obj,1,co2a0000375,0.671875
435,8,FP2,173,27.059,a,S1 obj,1,co2a0000375,0.67578125
436,8,FP2,174,23.641,a,S1 obj,1,co2a0000375,0.6796875
437,8,FP2,175,24.618,a,S1 obj,1,co2a0000375,0.68359375
438,8,FP2,176,28.035,a,S1 obj,1,co2a0000375,0.6875
439,8,FP2,177,30.965,a,S1 obj,1,co2a0000375,0.69140625
440,8,FP2,178,31.453,a,S1 obj,1,co2a0000375,0.6953125
441,8,FP2,179,29.5,a,S1 obj,1,co2a0000375,0.69921875
442,8,FP2,180,28.035,a,S1 obj,1,co2a0000375,0.703125
443,8,FP2,181,29.012,a,S1 obj,1,co2a0000375,0.70703125
444,8,FP2,182,32.43,a,S1 obj,1,co2a0000375,0.7109375
445,8,FP2,183,36.825,a,S1 obj,1,co2a0000375,0.71484375
446,8,FP2,184,39.266,a,S1 obj,1,co2a0000375,0.71875
447,8,FP2,185,38.778,a,S1 obj,1,co2a0000375,0.72265625
448,8,FP2,186,36.825,a,S1 obj,1,co2a0000375,0.7265625
449,8,FP2,187,34.871,a,S1 obj,1,co2a0000375,0.73046875
450,8,FP2,188,35.848,a,S1 obj,1,co2a0000375,0.734375
451,8,FP2,189,39.266,a,S1 obj,1,co2a0000375,0.73828125
452,8,FP2,190,44.637,a,S1 obj,1,co2a0000375,0.7421875
453,8,FP2,191,49.032,a,S1 obj,1,co2a0000375,0.74609375
454,8,FP2,192,50.008,a,S1 obj,1,co2a0000375,0.75
455,8,FP2,193,48.055,a,S1 obj,1,co2a0000375,0.75390625
456,8,FP2,194,44.149,a,S1 obj,1,co2a0000375,0.7578125
457,8,FP2,195,41.219,a,S1 obj,1,co2a0000375,0.76171875
458,8,FP2,196,40.731,a,S1 obj,1,co2a0000375,0.765625
459,8,FP2,197,42.684,a,S1 obj,1,co2a0000375,0.76953125
460,8,FP2,198,46.102,a,S1 obj,1,co2a0000375,0.7734375
461,8,FP2,199,48.543,a,S1 obj,1,co2a0000375,0.77734375
462,8,FP2,200,49.52,a,S1 obj,1,co2a0000375,0.78125
463,8,FP2,201,49.032,a,S1 obj,1,co2a0000375,0.78515625
464,8,FP2,202,49.032,a,S1 obj,1,co2a0000375,0.7890625
465,8,FP2,203,50.985,a,S1 obj,1,co2a0000375,0.79296875
466,8,FP2,204,54.403,a,S1 obj,1,co2a0000375,0.796875
467,8,FP2,205,56.844,a,S1 obj,1,co2a0000375,0.80078125
468,8,FP2,206,56.356,a,S1 obj,1,co2a0000375,0.8046875
469,8,FP2,207,53.914,a,S1 obj,1,co2a0000375,0.80859375
470,8,FP2,208,50.985,a,S1 obj,1,co2a0000375,0.8125
471,8,FP2,209,50.008,a,S1 obj,1,co2a0000375,0.81640625
472,8,FP2,210,51.961,a,S1 obj,1,co2a0000375,0.8203125
473,8,FP2,211,54.891,a,S1 obj,1,co2a0000375,0.82421875
474,8,FP2,212,57.821,a,S1 obj,1,co2a0000375,0.828125
475,8,FP2,213,58.309,a,S1 obj,1,co2a0000375,0.83203125
476,8,FP2,214,56.844,a,S1 obj,1,co2a0000375,0.8359375
477,8,FP2,215,53.914,a,S1 obj,1,co2a0000375,0.83984375
478,8,FP2,216,50.985,a,S1 obj,1,co2a0000375,0.84375
479,8,FP2,217,48.055,a,S1 obj,1,co2a0000375,0.84765625
480,8,FP2,218,45.125,a,S1 obj,1,co2a0000375,0.8515625
481,8,FP2,219,42.196,a,S1 obj,1,co2a0000375,0.85546875
482,8,FP2,220,40.731,a,S1 obj,1,co2a0000375,0.859375
483,8,FP2,221,40.243,a,S1 obj,1,co2a0000375,0.86328125
484,8,FP2,222,40.731,a,S1 obj,1,co2a0000375,0.8671875
485,8,FP2,223,41.707,a,S1 obj,1,co2a0000375,0.87109375
486,8,FP2,224,41.707,a,S1 obj,1,co2a0000375,0.875
487,8,FP2,225,40.243,a,S1 obj,1,co2a0000375,0.87890625
488,8,FP2,226,37.801,a,S1 obj,1,co2a0000375,0.8828125
489,8,FP2,227,36.336,a,S1 obj,1,co2a0000375,0.88671875
490,8,FP2,228,37.313,a,S1 obj,1,co2a0000375,0.890625
491,8,FP2,229,39.266,a,S1 obj,1,co2a0000375,0.89453125
492,8,FP2,230,42.684,a,S1 obj,1,co2a0000375,0.8984375
493,8,FP2,231,44.149,a,S1 obj,1,co2a0000375,0.90234375
494,8,FP2,232,44.149,a,S1 obj,1,co2a0000375,0.90625
495,8,FP2,233,41.707,a,S1 obj,1,co2a0000375,0.91015625
496,8,FP2,234,38.778,a,S1 obj,1,co2a0000375,0.9140625
497,8,FP2,235,37.313,a,S1 obj,1,co2a0000375,0.91796875
498,8,FP2,236,37.801,a,S1 obj,1,co2a0000375,0.921875
499,8,FP2,237,39.754,a,S1 obj,1,co2a0000375,0.92578125
500,8,FP2,238,42.196,a,S1 obj,1,co2a0000375,0.9296875
501,8,FP2,239,42.684,a,S1 obj,1,co2a0000375,0.93359375
502,8,FP2,240,40.243,a,S1 obj,1,co2a0000375,0.9375
503,8,FP2,241,34.871,a,S1 obj,1,co2a0000375,0.94140625
504,8,FP2,242,29.012,a,S1 obj,1,co2a0000375,0.9453125
505,8,FP2,243,24.129,a,S1 obj,1,co2a0000375,0.94921875
506,8,FP2,244,22.176,a,S1 obj,1,co2a0000375,0.953125
507,8,FP2,245,22.664,a,S1 obj,1,co2a0000375,0.95703125
508,8,FP2,246,25.594,a,S1 obj,1,co2a0000375,0.9609375
509,8,FP2,247,29.012,a,S1 obj,1,co2a0000375,0.96484375
510,8,FP2,248,30.965,a,S1 obj,1,co2a0000375,0.96875
511,8,FP2,249,30.965,a,S1 obj,1,co2a0000375,0.97265625
512,8,FP2,250,29.5,a,S1 obj,1,co2a0000375,0.9765625
513,8,FP2,251,27.547,a,S1 obj,1,co2a0000375,0.98046875
514,8,FP2,252,25.594,a,S1 obj,1,co2a0000375,0.984375
515,8,FP2,253,24.618,a,S1 obj,1,co2a0000375,0.98828125
516,8,FP2,254,24.618,a,S1 obj,1,co2a0000375,0.9921875
517,8,FP2,255,24.618,a,S1 obj,1,co2a0000375,0.99609375
519,8,F7,0,1.628,a,S1 obj,2,co2a0000375,0.0
520,8,F7,1,2.116,a,S1 obj,2,co2a0000375,0.00390625
521,8,F7,2,4.069,a,S1 obj,2,co2a0000375,0.0078125
522,8,F7,3,7.975,a,S1 obj,2,co2a0000375,0.01171875
523,8,F7,4,11.393,a,S1 obj,2,co2a0000375,0.015625
524,8,F7,5,14.323,a,S1 obj,2,co2a0000375,0.01953125
525,8,F7,6,15.299,a,S1 obj,2,co2a0000375,0.0234375
526,8,F7,7,14.811,a,S1 obj,2,co2a0000375,0.02734375
527,8,F7,8,11.882,a,S1 obj,2,co2a0000375,0.03125
528,8,F7,9,6.999,a,S1 obj,2,co2a0000375,0.03515625
529,8,F7,10,1.628,a,S1 obj,2,co2a0000375,0.0390625
530,8,F7,11,-3.255,a,S1 obj,2,co2a0000375,0.04296875
531,8,F7,12,-5.208,a,S1 obj,2,co2a0000375,0.046875
532,8,F7,13,-3.255,a,S1 obj,2,co2a0000375,0.05078125
533,8,F7,14,0.651,a,S1 obj,2,co2a0000375,0.0546875
534,8,F7,15,4.069,a,S1 obj,2,co2a0000375,0.05859375
535,8,F7,16,5.046,a,S1 obj,2,co2a0000375,0.0625
536,8,F7,17,4.557,a,S1 obj,2,co2a0000375,0.06640625
537,8,F7,18,4.557,a,S1 obj,2,co2a0000375,0.0703125
538,8,F7,19,7.487,a,S1 obj,2,co2a0000375,0.07421875
539,8,F7,20,11.882,a,S1 obj,2,co2a0000375,0.078125
540,8,F7,21,16.276,a,S1 obj,2,co2a0000375,0.08203125
541,8,F7,22,18.229,a,S1 obj,2,co2a0000375,0.0859375
542,8,F7,23,16.276,a,S1 obj,2,co2a0000375,0.08984375
543,8,F7,24,12.858,a,S1 obj,2,co2a0000375,0.09375
544,8,F7,25,10.417,a,S1 obj,2,co2a0000375,0.09765625
545,8,F7,26,11.393,a,S1 obj,2,co2a0000375,0.1015625
546,8,F7,27,14.811,a,S1 obj,2,co2a0000375,0.10546875
547,8,F7,28,17.741,a,S1 obj,2,co2a0000375,0.109375
548,8,F7,29,17.253,a,S1 obj,2,co2a0000375,0.11328125
549,8,F7,30,11.882,a,S1 obj,2,co2a0000375,0.1171875
550,8,F7,31,4.557,a,S1 obj,2,co2a0000375,0.12109375
551,8,F7,32,-2.279,a,S1 obj,2,co2a0000375,0.125
552,8,F7,33,-4.72,a,S1 obj,2,co2a0000375,0.12890625
553,8,F7,34,-2.279,a,S1 obj,2,co2a0000375,0.1328125
554,8,F7,35,3.092,a,S1 obj,2,co2a0000375,0.13671875
555,8,F7,36,7.487,a,S1 obj,2,co2a0000375,0.140625
556,8,F7,37,8.464,a,S1 obj,2,co2a0000375,0.14453125
557,8,F7,38,6.022,a,S1 obj,2,co2a0000375,0.1484375
558,8,F7,39,3.581,a,S1 obj,2,co2a0000375,0.15234375
559,8,F7,40,3.092,a,S1 obj,2,co2a0000375,0.15625
560,8,F7,41,5.046,a,S1 obj,2,co2a0000375,0.16015625
561,8,F7,42,8.464,a,S1 obj,2,co2a0000375,0.1640625
562,8,F7,43,11.393,a,S1 obj,2,co2a0000375,0.16796875
563,8,F7,44,12.37,a,S1 obj,2,co2a0000375,0.171875
564,8,F7,45,10.905,a,S1 obj,2,co2a0000375,0.17578125
565,8,F7,46,7.975,a,S1 obj,2,co2a0000375,0.1796875
566,8,F7,47,5.046,a,S1 obj,2,co2a0000375,0.18359375
567,8,F7,48,3.092,a,S1 obj,2,co2a0000375,0.1875
568,8,F7,49,1.628,a,S1 obj,2,co2a0000375,0.19140625
569,8,F7,50,1.628,a,S1 obj,2,co2a0000375,0.1953125
570,8,F7,51,2.116,a,S1 obj,2,co2a0000375,0.19921875
571,8,F7,52,3.092,a,S1 obj,2,co2a0000375,0.203125
572,8,F7,53,4.069,a,S1 obj,2,co2a0000375,0.20703125
573,8,F7,54,4.069,a,S1 obj,2,co2a0000375,0.2109375
574,8,F7,55,3.581,a,S1 obj,2,co2a0000375,0.21484375
575,8,F7,56,3.092,a,S1 obj,2,co2a0000375,0.21875
576,8,F7,57,3.092,a,S1 obj,2,co2a0000375,0.22265625
577,8,F7,58,4.069,a,S1 obj,2,co2a0000375,0.2265625
578,8,F7,59,6.51,a,S1 obj,2,co2a0000375,0.23046875
579,8,F7,60,8.464,a,S1 obj,2,co2a0000375,0.234375
580,8,F7,61,10.417,a,S1 obj,2,co2a0000375,0.23828125
581,8,F7,62,11.393,a,S1 obj,2,co2a0000375,0.2421875
582,8,F7,63,11.882,a,S1 obj,2,co2a0000375,0.24609375
583,8,F7,64,12.858,a,S1 obj,2,co2a0000375,0.25
584,8,F7,65,12.858,a,S1 obj,2,co2a0000375,0.25390625
585,8,F7,66,11.882,a,S1 obj,2,co2a0000375,0.2578125
586,8,F7,67,9.44,a,S1 obj,2,co2a0000375,0.26171875
587,8,F7,68,6.022,a,S1 obj,2,co2a0000375,0.265625
588,8,F7,69,3.092,a,S1 obj,2,co2a0000375,0.26953125
589,8,F7,70,2.116,a,S1 obj,2,co2a0000375,0.2734375
590,8,F7,71,3.581,a,S1 obj,2,co2a0000375,0.27734375
591,8,F7,72,6.51,a,S1 obj,2,co2a0000375,0.28125
592,8,F7,73,9.44,a,S1 obj,2,co2a0000375,0.28515625
593,8,F7,74,9.44,a,S1 obj,2,co2a0000375,0.2890625
594,8,F7,75,7.487,a,S1 obj,2,co2a0000375,0.29296875
595,8,F7,76,4.557,a,S1 obj,2,co2a0000375,0.296875
596,8,F7,77,1.628,a,S1 obj,2,co2a0000375,0.30078125
597,8,F7,78,1.139,a,S1 obj,2,co2a0000375,0.3046875
598,8,F7,79,2.116,a,S1 obj,2,co2a0000375,0.30859375
599,8,F7,80,4.557,a,S1 obj,2,co2a0000375,0.3125
600,8,F7,81,7.487,a,S1 obj,2,co2a0000375,0.31640625
601,8,F7,82,10.905,a,S1 obj,2,co2a0000375,0.3203125
602,8,F7,83,12.858,a,S1 obj,2,co2a0000375,0.32421875
603,8,F7,84,13.346,a,S1 obj,2,co2a0000375,0.328125
604,8,F7,85,12.37,a,S1 obj,2,co2a0000375,0.33203125
605,8,F7,86,9.44,a,S1 obj,2,co2a0000375,0.3359375
606,8,F7,87,6.51,a,S1 obj,2,co2a0000375,0.33984375
607,8,F7,88,4.557,a,S1 obj,2,co2a0000375,0.34375
608,8,F7,89,3.581,a,S1 obj,2,co2a0000375,0.34765625
609,8,F7,90,3.581,a,S1 obj,2,co2a0000375,0.3515625
610,8,F7,91,3.581,a,S1 obj,2,co2a0000375,0.35546875
611,8,F7,92,3.581,a,S1 obj,2,co2a0000375,0.359375
612,8,F7,93,3.092,a,S1 obj,2,co2a0000375,0.36328125
613,8,F7,94,2.116,a,S1 obj,2,co2a0000375,0.3671875
614,8,F7,95,1.628,a,S1 obj,2,co2a0000375,0.37109375
615,8,F7,96,1.628,a,S1 obj,2,co2a0000375,0.375
616,8,F7,97,1.628,a,S1 obj,2,co2a0000375,0.37890625
617,8,F7,98,1.628,a,S1 obj,2,co2a0000375,0.3828125
618,8,F7,99,0.651,a,S1 obj,2,co2a0000375,0.38671875
619,8,F7,100,0.163,a,S1 obj,2,co2a0000375,0.390625
620,8,F7,101,0.163,a,S1 obj,2,co2a0000375,0.39453125
621,8,F7,102,1.628,a,S1 obj,2,co2a0000375,0.3984375
622,8,F7,103,4.069,a,S1 obj,2,co2a0000375,0.40234375
623,8,F7,104,6.51,a,S1 obj,2,co2a0000375,0.40625
624,8,F7,105,7.975,a,S1 obj,2,co2a0000375,0.41015625
625,8,F7,106,6.51,a,S1 obj,2,co2a0000375,0.4140625
626,8,F7,107,3.581,a,S1 obj,2,co2a0000375,0.41796875
627,8,F7,108,0.163,a,S1 obj,2,co2a0000375,0.421875
628,8,F7,109,-1.79,a,S1 obj,2,co2a0000375,0.42578125
629,8,F7,110,-3.255,a,S1 obj,2,co2a0000375,0.4296875
630,8,F7,111,-3.743,a,S1 obj,2,co2a0000375,0.43359375
631,8,F7,112,-4.72,a,S1 obj,2,co2a0000375,0.4375
632,8,F7,113,-4.72,a,S1 obj,2,co2a0000375,0.44140625
633,8,F7,114,-3.255,a,S1 obj,2,co2a0000375,0.4453125
634,8,F7,115,-1.302,a,S1 obj,2,co2a0000375,0.44921875
635,8,F7,116,0.651,a,S1 obj,2,co2a0000375,0.453125
636,8,F7,117,0.651,a,S1 obj,2,co2a0000375,0.45703125
637,8,F7,118,-1.302,a,S1 obj,2,co2a0000375,0.4609375
638,8,F7,119,-5.208,a,S1 obj,2,co2a0000375,0.46484375
639,8,F7,120,-9.115,a,S1 obj,2,co2a0000375,0.46875
640,8,F7,121,-12.044,a,S1 obj,2,co2a0000375,0.47265625
641,8,F7,122,-12.044,a,S1 obj,2,co2a0000375,0.4765625
642,8,F7,123,-10.091,a,S1 obj,2,co2a0000375,0.48046875
643,8,F7,124,-5.697,a,S1 obj,2,co2a0000375,0.484375
644,8,F7,125,-0.814,a,S1 obj,2,co2a0000375,0.48828125
645,8,F7,126,4.557,a,S1 obj,2,co2a0000375,0.4921875
646,8,F7,127,6.51,a,S1 obj,2,co2a0000375,0.49609375
647,8,F7,128,5.534,a,S1 obj,2,co2a0000375,0.5
648,8,F7,129,1.139,a,S1 obj,2,co2a0000375,0.50390625
649,8,F7,130,-3.743,a,S1 obj,2,co2a0000375,0.5078125
650,8,F7,131,-6.185,a,S1 obj,2,co2a0000375,0.51171875
651,8,F7,132,-5.208,a,S1 obj,2,co2a0000375,0.515625
652,8,F7,133,-2.767,a,S1 obj,2,co2a0000375,0.51953125
653,8,F7,134,-1.302,a,S1 obj,2,co2a0000375,0.5234375
654,8,F7,135,-2.767,a,S1 obj,2,co2a0000375,0.52734375
655,8,F7,136,-6.673,a,S1 obj,2,co2a0000375,0.53125
656,8,F7,137,-8.626,a,S1 obj,2,co2a0000375,0.53515625
657,8,F7,138,-7.65,a,S1 obj,2,co2a0000375,0.5390625
658,8,F7,139,-3.255,a,S1 obj,2,co2a0000375,0.54296875
659,8,F7,140,0.163,a,S1 obj,2,co2a0000375,0.546875
660,8,F7,141,0.651,a,S1 obj,2,co2a0000375,0.55078125
661,8,F7,142,-2.279,a,S1 obj,2,co2a0000375,0.5546875
662,8,F7,143,-5.208,a,S1 obj,2,co2a0000375,0.55859375
663,8,F7,144,-3.255,a,S1 obj,2,co2a0000375,0.5625
664,8,F7,145,3.581,a,S1 obj,2,co2a0000375,0.56640625
665,8,F7,146,12.37,a,S1 obj,2,co2a0000375,0.5703125
666,8,F7,147,19.206,a,S1 obj,2,co2a0000375,0.57421875
667,8,F7,148,21.159,a,S1 obj,2,co2a0000375,0.578125
668,8,F7,149,17.741,a,S1 obj,2,co2a0000375,0.58203125
669,8,F7,150,12.858,a,S1 obj,2,co2a0000375,0.5859375
670,8,F7,151,8.464,a,S1 obj,2,co2a0000375,0.58984375
671,8,F7,152,5.534,a,S1 obj,2,co2a0000375,0.59375
672,8,F7,153,4.557,a,S1 obj,2,co2a0000375,0.59765625
673,8,F7,154,4.557,a,S1 obj,2,co2a0000375,0.6015625
674,8,F7,155,4.557,a,S1 obj,2,co2a0000375,0.60546875
675,8,F7,156,3.581,a,S1 obj,2,co2a0000375,0.609375
676,8,F7,157,2.604,a,S1 obj,2,co2a0000375,0.61328125
677,8,F7,158,1.628,a,S1 obj,2,co2a0000375,0.6171875
678,8,F7,159,0.163,a,S1 obj,2,co2a0000375,0.62109375
679,8,F7,160,-0.814,a,S1 obj,2,co2a0000375,0.625
680,8,F7,161,-1.302,a,S1 obj,2,co2a0000375,0.62890625
681,8,F7,162,0.163,a,S1 obj,2,co2a0000375,0.6328125
682,8,F7,163,2.116,a,S1 obj,2,co2a0000375,0.63671875
683,8,F7,164,5.534,a,S1 obj,2,co2a0000375,0.640625
684,8,F7,165,8.464,a,S1 obj,2,co2a0000375,0.64453125
685,8,F7,166,10.417,a,S1 obj,2,co2a0000375,0.6484375
686,8,F7,167,11.393,a,S1 obj,2,co2a0000375,0.65234375
687,8,F7,168,11.882,a,S1 obj,2,co2a0000375,0.65625
688,8,F7,169,11.882,a,S1 obj,2,co2a0000375,0.66015625
689,8,F7,170,11.882,a,S1 obj,2,co2a0000375,0.6640625
690,8,F7,171,12.37,a,S1 obj,2,co2a0000375,0.66796875
691,8,F7,172,12.37,a,S1 obj,2,co2a0000375,0.671875
692,8,F7,173,11.882,a,S1 obj,2,co2a0000375,0.67578125
693,8,F7,174,11.393,a,S1 obj,2,co2a0000375,0.6796875
694,8,F7,175,10.905,a,S1 obj,2,co2a0000375,0.68359375
695,8,F7,176,11.882,a,S1 obj,2,co2a0000375,0.6875
696,8,F7,177,12.858,a,S1 obj,2,co2a0000375,0.69140625
697,8,F7,178,14.323,a,S1 obj,2,co2a0000375,0.6953125
698,8,F7,179,14.811,a,S1 obj,2,co2a0000375,0.69921875
699,8,F7,180,14.323,a,S1 obj,2,co2a0000375,0.703125
700,8,F7,181,13.835,a,S1 obj,2,co2a0000375,0.70703125
701,8,F7,182,13.346,a,S1 obj,2,co2a0000375,0.7109375
702,8,F7,183,14.323,a,S1 obj,2,co2a0000375,0.71484375
703,8,F7,184,16.276,a,S1 obj,2,co2a0000375,0.71875
704,8,F7,185,17.253,a,S1 obj,2,co2a0000375,0.72265625
705,8,F7,186,16.276,a,S1 obj,2,co2a0000375,0.7265625
706,8,F7,187,13.835,a,S1 obj,2,co2a0000375,0.73046875
707,8,F7,188,11.882,a,S1 obj,2,co2a0000375,0.734375
708,8,F7,189,12.858,a,S1 obj,2,co2a0000375,0.73828125
709,8,F7,190,17.253,a,S1 obj,2,co2a0000375,0.7421875
710,8,F7,191,23.6,a,S1 obj,2,co2a0000375,0.74609375
711,8,F7,192,28.971,a,S1 obj,2,co2a0000375,0.75
712,8,F7,193,29.46,a,S1 obj,2,co2a0000375,0.75390625
713,8,F7,194,26.042,a,S1 obj,2,co2a0000375,0.7578125
714,8,F7,195,20.671,a,S1 obj,2,co2a0000375,0.76171875
715,8,F7,196,17.741,a,S1 obj,2,co2a0000375,0.765625
716,8,F7,197,18.229,a,S1 obj,2,co2a0000375,0.76953125
717,8,F7,198,22.135,a,S1 obj,2,co2a0000375,0.7734375
718,8,F7,199,25.065,a,S1 obj,2,co2a0000375,0.77734375
719,8,F7,200,26.53,a,S1 obj,2,co2a0000375,0.78125
720,8,F7,201,26.042,a,S1 obj,2,co2a0000375,0.78515625
721,8,F7,202,26.042,a,S1 obj,2,co2a0000375,0.7890625
722,8,F7,203,27.995,a,S1 obj,2,co2a0000375,0.79296875
723,8,F7,204,31.413,a,S1 obj,2,co2a0000375,0.796875
724,8,F7,205,34.342,a,S1 obj,2,co2a0000375,0.80078125
725,8,F7,206,33.854,a,S1 obj,2,co2a0000375,0.8046875
726,8,F7,207,30.924,a,S1 obj,2,co2a0000375,0.80859375
727,8,F7,208,27.507,a,S1 obj,2,co2a0000375,0.8125
728,8,F7,209,27.018,a,S1 obj,2,co2a0000375,0.81640625
729,8,F7,210,29.948,a,S1 obj,2,co2a0000375,0.8203125
730,8,F7,211,34.831,a,S1 obj,2,co2a0000375,0.82421875
731,8,F7,212,38.737,a,S1 obj,2,co2a0000375,0.828125
732,8,F7,213,40.69,a,S1 obj,2,co2a0000375,0.83203125
733,8,F7,214,41.667,a,S1 obj,2,co2a0000375,0.8359375
734,8,F7,215,41.667,a,S1 obj,2,co2a0000375,0.83984375
735,8,F7,216,41.667,a,S1 obj,2,co2a0000375,0.84375
736,8,F7,217,39.714,a,S1 obj,2,co2a0000375,0.84765625
737,8,F7,218,35.807,a,S1 obj,2,co2a0000375,0.8515625
738,8,F7,219,32.389,a,S1 obj,2,co2a0000375,0.85546875
739,8,F7,220,30.436,a,S1 obj,2,co2a0000375,0.859375
740,8,F7,221,30.436,a,S1 obj,2,co2a0000375,0.86328125
741,8,F7,222,31.413,a,S1 obj,2,co2a0000375,0.8671875
742,8,F7,223,30.924,a,S1 obj,2,co2a0000375,0.87109375
743,8,F7,224,27.018,a,S1 obj,2,co2a0000375,0.875
744,8,F7,225,22.624,a,S1 obj,2,co2a0000375,0.87890625
745,8,F7,226,19.206,a,S1 obj,2,co2a0000375,0.8828125
746,8,F7,227,20.671,a,S1 obj,2,co2a0000375,0.88671875
747,8,F7,228,25.065,a,S1 obj,2,co2a0000375,0.890625
748,8,F7,229,29.948,a,S1 obj,2,co2a0000375,0.89453125
749,8,F7,230,31.413,a,S1 obj,2,co2a0000375,0.8984375
750,8,F7,231,28.483,a,S1 obj,2,co2a0000375,0.90234375
751,8,F7,232,23.112,a,S1 obj,2,co2a0000375,0.90625
752,8,F7,233,18.717,a,S1 obj,2,co2a0000375,0.91015625
753,8,F7,234,18.229,a,S1 obj,2,co2a0000375,0.9140625
754,8,F7,235,21.647,a,S1 obj,2,co2a0000375,0.91796875
755,8,F7,236,25.553,a,S1 obj,2,co2a0000375,0.921875
756,8,F7,237,27.507,a,S1 obj,2,co2a0000375,0.92578125
757,8,F7,238,25.065,a,S1 obj,2,co2a0000375,0.9296875
758,8,F7,239,20.671,a,S1 obj,2,co2a0000375,0.93359375
759,8,F7,240,16.764,a,S1 obj,2,co2a0000375,0.9375
760,8,F7,241,14.811,a,S1 obj,2,co2a0000375,0.94140625
761,8,F7,242,14.323,a,S1 obj,2,co2a0000375,0.9453125
762,8,F7,243,14.323,a,S1 obj,2,co2a0000375,0.94921875
763,8,F7,244,12.858,a,S1 obj,2,co2a0000375,0.953125
764,8,F7,245,11.882,a,S1 obj,2,co2a0000375,0.95703125
765,8,F7,246,13.346,a,S1 obj,2,co2a0000375,0.9609375
766,8,F7,247,17.741,a,S1 obj,2,co2a0000375,0.96484375
767,8,F7,248,22.624,a,S1 obj,2,co2a0000375,0.96875
768,8,F7,249,25.553,a,S1 obj,2,co2a0000375,0.97265625
769,8,F7,250,24.577,a,S1 obj,2,co2a0000375,0.9765625
770,8,F7,251,20.182,a,S1 obj,2,co2a0000375,0.98046875
771,8,F7,252,16.276,a,S1 obj,2,co2a0000375,0.984375
772,8,F7,253,15.299,a,S1 obj,2,co2a0000375,0.98828125
773,8,F7,254,17.741,a,S1 obj,2,co2a0000375,0.9921875
774,8,F7,255,21.159,a,S1 obj,2,co2a0000375,0.99609375
776,8,F8,0,-2.268,a,S1 obj,3,co2a0000375,0.0
777,8,F8,1,-3.733,a,S1 obj,3,co2a0000375,0.00390625
778,8,F8,2,-3.245,a,S1 obj,3,co2a0000375,0.0078125
779,8,F8,3,-1.292,a,S1 obj,3,co2a0000375,0.01171875
780,8,F8,4,1.149,a,S1 obj,3,co2a0000375,0.015625
781,8,F8,5,4.079,a,S1 obj,3,co2a0000375,0.01953125
782,8,F8,6,6.032,a,S1 obj,3,co2a0000375,0.0234375
783,8,F8,7,6.032,a,S1 obj,3,co2a0000375,0.02734375
784,8,F8,8,4.079,a,S1 obj,3,co2a0000375,0.03125
785,8,F8,9,1.638,a,S1 obj,3,co2a0000375,0.03515625
786,8,F8,10,-1.78,a,S1 obj,3,co2a0000375,0.0390625
787,8,F8,11,-4.222,a,S1 obj,3,co2a0000375,0.04296875
788,8,F8,12,-5.198,a,S1 obj,3,co2a0000375,0.046875
789,8,F8,13,-4.71,a,S1 obj,3,co2a0000375,0.05078125
790,8,F8,14,-2.757,a,S1 obj,3,co2a0000375,0.0546875
791,8,F8,15,-0.315,a,S1 obj,3,co2a0000375,0.05859375
792,8,F8,16,1.149,a,S1 obj,3,co2a0000375,0.0625
793,8,F8,17,0.661,a,S1 obj,3,co2a0000375,0.06640625
794,8,F8,18,0.173,a,S1 obj,3,co2a0000375,0.0703125
795,8,F8,19,0.661,a,S1 obj,3,co2a0000375,0.07421875
796,8,F8,20,3.591,a,S1 obj,3,co2a0000375,0.078125
797,8,F8,21,7.985,a,S1 obj,3,co2a0000375,0.08203125
798,8,F8,22,11.892,a,S1 obj,3,co2a0000375,0.0859375
799,8,F8,23,13.845,a,S1 obj,3,co2a0000375,0.08984375
800,8,F8,24,12.868,a,S1 obj,3,co2a0000375,0.09375
801,8,F8,25,10.427,a,S1 obj,3,co2a0000375,0.09765625
802,8,F8,26,8.962,a,S1 obj,3,co2a0000375,0.1015625
803,8,F8,27,8.962,a,S1 obj,3,co2a0000375,0.10546875
804,8,F8,28,9.45,a,S1 obj,3,co2a0000375,0.109375
805,8,F8,29,7.985,a,S1 obj,3,co2a0000375,0.11328125
806,8,F8,30,5.056,a,S1 obj,3,co2a0000375,0.1171875
807,8,F8,31,2.126,a,S1 obj,3,co2a0000375,0.12109375
808,8,F8,32,0.661,a,S1 obj,3,co2a0000375,0.125
809,8,F8,33,2.126,a,S1 obj,3,co2a0000375,0.12890625
810,8,F8,34,5.544,a,S1 obj,3,co2a0000375,0.1328125
811,8,F8,35,8.474,a,S1 obj,3,co2a0000375,0.13671875
812,8,F8,36,9.45,a,S1 obj,3,co2a0000375,0.140625
813,8,F8,37,8.474,a,S1 obj,3,co2a0000375,0.14453125
814,8,F8,38,5.544,a,S1 obj,3,co2a0000375,0.1484375
815,8,F8,39,3.103,a,S1 obj,3,co2a0000375,0.15234375
816,8,F8,40,0.661,a,S1 obj,3,co2a0000375,0.15625
817,8,F8,41,-0.315,a,S1 obj,3,co2a0000375,0.16015625
818,8,F8,42,-0.804,a,S1 obj,3,co2a0000375,0.1640625
819,8,F8,43,0.173,a,S1 obj,3,co2a0000375,0.16796875
820,8,F8,44,1.149,a,S1 obj,3,co2a0000375,0.171875
821,8,F8,45,1.638,a,S1 obj,3,co2a0000375,0.17578125
822,8,F8,46,-0.315,a,S1 obj,3,co2a0000375,0.1796875
823,8,F8,47,-3.733,a,S1 obj,3,co2a0000375,0.18359375
824,8,F8,48,-7.64,a,S1 obj,3,co2a0000375,0.1875
825,8,F8,49,-9.593,a,S1 obj,3,co2a0000375,0.19140625
826,8,F8,50,-7.151,a,S1 obj,3,co2a0000375,0.1953125
827,8,F8,51,-1.78,a,S1 obj,3,co2a0000375,0.19921875
828,8,F8,52,3.591,a,S1 obj,3,co2a0000375,0.203125
829,8,F8,53,6.521,a,S1 obj,3,co2a0000375,0.20703125
830,8,F8,54,5.544,a,S1 obj,3,co2a0000375,0.2109375
831,8,F8,55,3.591,a,S1 obj,3,co2a0000375,0.21484375
832,8,F8,56,3.103,a,S1 obj,3,co2a0000375,0.21875
833,8,F8,57,6.032,a,S1 obj,3,co2a0000375,0.22265625
834,8,F8,58,10.915,a,S1 obj,3,co2a0000375,0.2265625
835,8,F8,59,14.821,a,S1 obj,3,co2a0000375,0.23046875
836,8,F8,60,16.774,a,S1 obj,3,co2a0000375,0.234375
837,8,F8,61,17.263,a,S1 obj,3,co2a0000375,0.23828125
838,8,F8,62,17.751,a,S1 obj,3,co2a0000375,0.2421875
839,8,F8,63,19.216,a,S1 obj,3,co2a0000375,0.24609375
840,8,F8,64,21.169,a,S1 obj,3,co2a0000375,0.25
841,8,F8,65,21.657,a,S1 obj,3,co2a0000375,0.25390625
842,8,F8,66,21.657,a,S1 obj,3,co2a0000375,0.2578125
843,8,F8,67,21.657,a,S1 obj,3,co2a0000375,0.26171875
844,8,F8,68,21.657,a,S1 obj,3,co2a0000375,0.265625
845,8,F8,69,22.146,a,S1 obj,3,co2a0000375,0.26953125
846,8,F8,70,21.657,a,S1 obj,3,co2a0000375,0.2734375
847,8,F8,71,19.704,a,S1 obj,3,co2a0000375,0.27734375
848,8,F8,72,16.774,a,S1 obj,3,co2a0000375,0.28125
849,8,F8,73,13.845,a,S1 obj,3,co2a0000375,0.28515625
850,8,F8,74,11.403,a,S1 obj,3,co2a0000375,0.2890625
851,8,F8,75,9.45,a,S1 obj,3,co2a0000375,0.29296875
852,8,F8,76,8.474,a,S1 obj,3,co2a0000375,0.296875
853,8,F8,77,7.985,a,S1 obj,3,co2a0000375,0.30078125
854,8,F8,78,7.985,a,S1 obj,3,co2a0000375,0.3046875
855,8,F8,79,10.427,a,S1 obj,3,co2a0000375,0.30859375
856,8,F8,80,14.333,a,S1 obj,3,co2a0000375,0.3125
857,8,F8,81,19.216,a,S1 obj,3,co2a0000375,0.31640625
858,8,F8,82,21.657,a,S1 obj,3,co2a0000375,0.3203125
859,8,F8,83,21.169,a,S1 obj,3,co2a0000375,0.32421875
860,8,F8,84,16.774,a,S1 obj,3,co2a0000375,0.328125
861,8,F8,85,11.403,a,S1 obj,3,co2a0000375,0.33203125
862,8,F8,86,7.009,a,S1 obj,3,co2a0000375,0.3359375
863,8,F8,87,5.544,a,S1 obj,3,co2a0000375,0.33984375
864,8,F8,88,6.521,a,S1 obj,3,co2a0000375,0.34375
865,8,F8,89,7.985,a,S1 obj,3,co2a0000375,0.34765625
866,8,F8,90,7.497,a,S1 obj,3,co2a0000375,0.3515625
867,8,F8,91,5.056,a,S1 obj,3,co2a0000375,0.35546875
868,8,F8,92,2.614,a,S1 obj,3,co2a0000375,0.359375
869,8,F8,93,1.149,a,S1 obj,3,co2a0000375,0.36328125
870,8,F8,94,1.638,a,S1 obj,3,co2a0000375,0.3671875
871,8,F8,95,2.126,a,S1 obj,3,co2a0000375,0.37109375
872,8,F8,96,1.638,a,S1 obj,3,co2a0000375,0.375
873,8,F8,97,-0.315,a,S1 obj,3,co2a0000375,0.37890625
874,8,F8,98,-1.78,a,S1 obj,3,co2a0000375,0.3828125
875,8,F8,99,-1.292,a,S1 obj,3,co2a0000375,0.38671875
876,8,F8,100,0.661,a,S1 obj,3,co2a0000375,0.390625
877,8,F8,101,3.591,a,S1 obj,3,co2a0000375,0.39453125
878,8,F8,102,5.056,a,S1 obj,3,co2a0000375,0.3984375
879,8,F8,103,4.567,a,S1 obj,3,co2a0000375,0.40234375
880,8,F8,104,3.103,a,S1 obj,3,co2a0000375,0.40625
881,8,F8,105,3.103,a,S1 obj,3,co2a0000375,0.41015625
882,8,F8,106,4.567,a,S1 obj,3,co2a0000375,0.4140625
883,8,F8,107,6.521,a,S1 obj,3,co2a0000375,0.41796875
884,8,F8,108,6.521,a,S1 obj,3,co2a0000375,0.421875
885,8,F8,109,5.544,a,S1 obj,3,co2a0000375,0.42578125
886,8,F8,110,4.079,a,S1 obj,3,co2a0000375,0.4296875
887,8,F8,111,2.614,a,S1 obj,3,co2a0000375,0.43359375
888,8,F8,112,1.149,a,S1 obj,3,co2a0000375,0.4375
889,8,F8,113,-0.804,a,S1 obj,3,co2a0000375,0.44140625
890,8,F8,114,-3.733,a,S1 obj,3,co2a0000375,0.4453125
891,8,F8,115,-6.663,a,S1 obj,3,co2a0000375,0.44921875
892,8,F8,116,-7.151,a,S1 obj,3,co2a0000375,0.453125
893,8,F8,117,-5.198,a,S1 obj,3,co2a0000375,0.45703125
894,8,F8,118,-3.733,a,S1 obj,3,co2a0000375,0.4609375
895,8,F8,119,-5.686,a,S1 obj,3,co2a0000375,0.46484375
896,8,F8,120,-10.081,a,S1 obj,3,co2a0000375,0.46875
897,8,F8,121,-14.964,a,S1 obj,3,co2a0000375,0.47265625
898,8,F8,122,-16.917,a,S1 obj,3,co2a0000375,0.4765625
899,8,F8,123,-13.499,a,S1 obj,3,co2a0000375,0.48046875
900,8,F8,124,-6.663,a,S1 obj,3,co2a0000375,0.484375
901,8,F8,125,-1.78,a,S1 obj,3,co2a0000375,0.48828125
902,8,F8,126,-1.78,a,S1 obj,3,co2a0000375,0.4921875
903,8,F8,127,-5.686,a,S1 obj,3,co2a0000375,0.49609375
904,8,F8,128,-9.104,a,S1 obj,3,co2a0000375,0.5
905,8,F8,129,-8.616,a,S1 obj,3,co2a0000375,0.50390625
906,8,F8,130,-3.245,a,S1 obj,3,co2a0000375,0.5078125
907,8,F8,131,2.614,a,S1 obj,3,co2a0000375,0.51171875
908,8,F8,132,4.567,a,S1 obj,3,co2a0000375,0.515625
909,8,F8,133,0.173,a,S1 obj,3,co2a0000375,0.51953125
910,8,F8,134,-7.151,a,S1 obj,3,co2a0000375,0.5234375
911,8,F8,135,-13.011,a,S1 obj,3,co2a0000375,0.52734375
912,8,F8,136,-13.987,a,S1 obj,3,co2a0000375,0.53125
913,8,F8,137,-11.058,a,S1 obj,3,co2a0000375,0.53515625
914,8,F8,138,-7.64,a,S1 obj,3,co2a0000375,0.5390625
915,8,F8,139,-6.663,a,S1 obj,3,co2a0000375,0.54296875
916,8,F8,140,-8.616,a,S1 obj,3,co2a0000375,0.546875
917,8,F8,141,-11.058,a,S1 obj,3,co2a0000375,0.55078125
918,8,F8,142,-10.569,a,S1 obj,3,co2a0000375,0.5546875
919,8,F8,143,-7.151,a,S1 obj,3,co2a0000375,0.55859375
920,8,F8,144,-0.804,a,S1 obj,3,co2a0000375,0.5625
921,8,F8,145,5.056,a,S1 obj,3,co2a0000375,0.56640625
922,8,F8,146,8.474,a,S1 obj,3,co2a0000375,0.5703125
923,8,F8,147,8.962,a,S1 obj,3,co2a0000375,0.57421875
924,8,F8,148,8.474,a,S1 obj,3,co2a0000375,0.578125
925,8,F8,149,7.985,a,S1 obj,3,co2a0000375,0.58203125
926,8,F8,150,7.985,a,S1 obj,3,co2a0000375,0.5859375
927,8,F8,151,7.985,a,S1 obj,3,co2a0000375,0.58984375
928,8,F8,152,7.497,a,S1 obj,3,co2a0000375,0.59375
929,8,F8,153,6.521,a,S1 obj,3,co2a0000375,0.59765625
930,8,F8,154,6.032,a,S1 obj,3,co2a0000375,0.6015625
931,8,F8,155,7.009,a,S1 obj,3,co2a0000375,0.60546875
932,8,F8,156,8.474,a,S1 obj,3,co2a0000375,0.609375
933,8,F8,157,9.939,a,S1 obj,3,co2a0000375,0.61328125
934,8,F8,158,9.45,a,S1 obj,3,co2a0000375,0.6171875
935,8,F8,159,7.985,a,S1 obj,3,co2a0000375,0.62109375
936,8,F8,160,6.032,a,S1 obj,3,co2a0000375,0.625
937,8,F8,161,3.591,a,S1 obj,3,co2a0000375,0.62890625
938,8,F8,162,3.103,a,S1 obj,3,co2a0000375,0.6328125
939,8,F8,163,3.591,a,S1 obj,3,co2a0000375,0.63671875
940,8,F8,164,4.079,a,S1 obj,3,co2a0000375,0.640625
941,8,F8,165,6.521,a,S1 obj,3,co2a0000375,0.64453125
942,8,F8,166,9.45,a,S1 obj,3,co2a0000375,0.6484375
943,8,F8,167,14.333,a,S1 obj,3,co2a0000375,0.65234375
944,8,F8,168,17.751,a,S1 obj,3,co2a0000375,0.65625
945,8,F8,169,19.704,a,S1 obj,3,co2a0000375,0.66015625
946,8,F8,170,18.728,a,S1 obj,3,co2a0000375,0.6640625
947,8,F8,171,15.798,a,S1 obj,3,co2a0000375,0.66796875
948,8,F8,172,11.892,a,S1 obj,3,co2a0000375,0.671875
949,8,F8,173,9.45,a,S1 obj,3,co2a0000375,0.67578125
950,8,F8,174,9.45,a,S1 obj,3,co2a0000375,0.6796875
951,8,F8,175,11.892,a,S1 obj,3,co2a0000375,0.68359375
952,8,F8,176,14.821,a,S1 obj,3,co2a0000375,0.6875
953,8,F8,177,17.263,a,S1 obj,3,co2a0000375,0.69140625
954,8,F8,178,17.751,a,S1 obj,3,co2a0000375,0.6953125
955,8,F8,179,15.798,a,S1 obj,3,co2a0000375,0.69921875
956,8,F8,180,13.357,a,S1 obj,3,co2a0000375,0.703125
957,8,F8,181,12.868,a,S1 obj,3,co2a0000375,0.70703125
958,8,F8,182,14.821,a,S1 obj,3,co2a0000375,0.7109375
959,8,F8,183,18.239,a,S1 obj,3,co2a0000375,0.71484375
960,8,F8,184,20.192,a,S1 obj,3,co2a0000375,0.71875
961,8,F8,185,19.216,a,S1 obj,3,co2a0000375,0.72265625
962,8,F8,186,15.31,a,S1 obj,3,co2a0000375,0.7265625
963,8,F8,187,12.868,a,S1 obj,3,co2a0000375,0.73046875
964,8,F8,188,14.821,a,S1 obj,3,co2a0000375,0.734375
965,8,F8,189,21.169,a,S1 obj,3,co2a0000375,0.73828125
966,8,F8,190,28.982,a,S1 obj,3,co2a0000375,0.7421875
967,8,F8,191,33.864,a,S1 obj,3,co2a0000375,0.74609375
968,8,F8,192,33.376,a,S1 obj,3,co2a0000375,0.75
969,8,F8,193,28.982,a,S1 obj,3,co2a0000375,0.75390625
970,8,F8,194,24.099,a,S1 obj,3,co2a0000375,0.7578125
971,8,F8,195,21.657,a,S1 obj,3,co2a0000375,0.76171875
972,8,F8,196,22.146,a,S1 obj,3,co2a0000375,0.765625
973,8,F8,197,23.122,a,S1 obj,3,co2a0000375,0.76953125
974,8,F8,198,24.099,a,S1 obj,3,co2a0000375,0.7734375
975,8,F8,199,23.61,a,S1 obj,3,co2a0000375,0.77734375
976,8,F8,200,24.099,a,S1 obj,3,co2a0000375,0.78125
977,8,F8,201,27.028,a,S1 obj,3,co2a0000375,0.78515625
978,8,F8,202,30.935,a,S1 obj,3,co2a0000375,0.7890625
979,8,F8,203,34.841,a,S1 obj,3,co2a0000375,0.79296875
980,8,F8,204,35.817,a,S1 obj,3,co2a0000375,0.796875
981,8,F8,205,33.864,a,S1 obj,3,co2a0000375,0.80078125
982,8,F8,206,30.446,a,S1 obj,3,co2a0000375,0.8046875
983,8,F8,207,28.005,a,S1 obj,3,co2a0000375,0.80859375
984,8,F8,208,28.005,a,S1 obj,3,co2a0000375,0.8125
985,8,F8,209,29.47,a,S1 obj,3,co2a0000375,0.81640625
986,8,F8,210,31.911,a,S1 obj,3,co2a0000375,0.8203125
987,8,F8,211,34.353,a,S1 obj,3,co2a0000375,0.82421875
988,8,F8,212,35.817,a,S1 obj,3,co2a0000375,0.828125
989,8,F8,213,37.282,a,S1 obj,3,co2a0000375,0.83203125
990,8,F8,214,37.771,a,S1 obj,3,co2a0000375,0.8359375
991,8,F8,215,37.282,a,S1 obj,3,co2a0000375,0.83984375
992,8,F8,216,35.329,a,S1 obj,3,co2a0000375,0.84375
993,8,F8,217,31.911,a,S1 obj,3,co2a0000375,0.84765625
994,8,F8,218,29.47,a,S1 obj,3,co2a0000375,0.8515625
995,8,F8,219,27.028,a,S1 obj,3,co2a0000375,0.85546875
996,8,F8,220,27.028,a,S1 obj,3,co2a0000375,0.859375
997,8,F8,221,28.005,a,S1 obj,3,co2a0000375,0.86328125
998,8,F8,222,29.958,a,S1 obj,3,co2a0000375,0.8671875
999,8,F8,223,32.399,a,S1 obj,3,co2a0000375,0.87109375
1000,8,F8,224,32.888,a,S1 obj,3,co2a0000375,0.875
1001,8,F8,225,30.935,a,S1 obj,3,co2a0000375,0.87890625
1002,8,F8,226,27.028,a,S1 obj,3,co2a0000375,0.8828125
1003,8,F8,227,24.099,a,S1 obj,3,co2a0000375,0.88671875
1004,8,F8,228,24.587,a,S1 obj,3,co2a0000375,0.890625
1005,8,F8,229,28.493,a,S1 obj,3,co2a0000375,0.89453125
1006,8,F8,230,33.864,a,S1 obj,3,co2a0000375,0.8984375
1007,8,F8,231,37.282,a,S1 obj,3,co2a0000375,0.90234375
1008,8,F8,232,37.282,a,S1 obj,3,co2a0000375,0.90625
1009,8,F8,233,34.353,a,S1 obj,3,co2a0000375,0.91015625
1010,8,F8,234,30.935,a,S1 obj,3,co2a0000375,0.9140625
1011,8,F8,235,28.005,a,S1 obj,3,co2a0000375,0.91796875
1012,8,F8,236,26.54,a,S1 obj,3,co2a0000375,0.921875
1013,8,F8,237,26.052,a,S1 obj,3,co2a0000375,0.92578125
1014,8,F8,238,27.028,a,S1 obj,3,co2a0000375,0.9296875
1015,8,F8,239,29.47,a,S1 obj,3,co2a0000375,0.93359375
1016,8,F8,240,31.911,a,S1 obj,3,co2a0000375,0.9375
1017,8,F8,241,32.399,a,S1 obj,3,co2a0000375,0.94140625
1018,8,F8,242,29.958,a,S1 obj,3,co2a0000375,0.9453125
1019,8,F8,243,24.587,a,S1 obj,3,co2a0000375,0.94921875
1020,8,F8,244,19.216,a,S1 obj,3,co2a0000375,0.953125
1021,8,F8,245,16.774,a,S1 obj,3,co2a0000375,0.95703125
1022,8,F8,246,18.728,a,S1 obj,3,co2a0000375,0.9609375
1023,8,F8,247,22.146,a,S1 obj,3,co2a0000375,0.96484375
1024,8,F8,248,24.587,a,S1 obj,3,co2a0000375,0.96875
1025,8,F8,249,23.61,a,S1 obj,3,co2a0000375,0.97265625
1026,8,F8,250,20.192,a,S1 obj,3,co2a0000375,0.9765625
1027,8,F8,251,17.751,a,S1 obj,3,co2a0000375,0.98046875
1028,8,F8,252,17.751,a,S1 obj,3,co2a0000375,0.984375
1029,8,F8,253,21.169,a,S1 obj,3,co2a0000375,0.98828125
1030,8,F8,254,24.587,a,S1 obj,3,co2a0000375,0.9921875
1031,8,F8,255,26.54,a,S1 obj,3,co2a0000375,0.99609375
1033,8,AF1,0,2.218,a,S1 obj,4,co2a0000375,0.0
1034,8,AF1,1,2.218,a,S1 obj,4,co2a0000375,0.00390625
1035,8,AF1,2,4.659,a,S1 obj,4,co2a0000375,0.0078125
1036,8,AF1,3,8.565,a,S1 obj,4,co2a0000375,0.01171875
1037,8,AF1,4,12.472,a,S1 obj,4,co2a0000375,0.015625
1038,8,AF1,5,14.425,a,S1 obj,4,co2a0000375,0.01953125
1039,8,AF1,6,14.913,a,S1 obj,4,co2a0000375,0.0234375
1040,8,AF1,7,13.936,a,S1 obj,4,co2a0000375,0.02734375
1041,8,AF1,8,11.495,a,S1 obj,4,co2a0000375,0.03125
1042,8,AF1,9,8.077,a,S1 obj,4,co2a0000375,0.03515625
1043,8,AF1,10,4.171,a,S1 obj,4,co2a0000375,0.0390625
1044,8,AF1,11,0.753,a,S1 obj,4,co2a0000375,0.04296875
1045,8,AF1,12,-1.2,a,S1 obj,4,co2a0000375,0.046875
1046,8,AF1,13,-1.2,a,S1 obj,4,co2a0000375,0.05078125
1047,8,AF1,14,1.241,a,S1 obj,4,co2a0000375,0.0546875
1048,8,AF1,15,4.171,a,S1 obj,4,co2a0000375,0.05859375
1049,8,AF1,16,6.124,a,S1 obj,4,co2a0000375,0.0625
1050,8,AF1,17,6.124,a,S1 obj,4,co2a0000375,0.06640625
1051,8,AF1,18,5.636,a,S1 obj,4,co2a0000375,0.0703125
1052,8,AF1,19,5.636,a,S1 obj,4,co2a0000375,0.07421875
1053,8,AF1,20,8.077,a,S1 obj,4,co2a0000375,0.078125
1054,8,AF1,21,11.007,a,S1 obj,4,co2a0000375,0.08203125
1055,8,AF1,22,13.936,a,S1 obj,4,co2a0000375,0.0859375
1056,8,AF1,23,15.401,a,S1 obj,4,co2a0000375,0.08984375
1057,8,AF1,24,15.401,a,S1 obj,4,co2a0000375,0.09375
1058,8,AF1,25,14.913,a,S1 obj,4,co2a0000375,0.09765625
1059,8,AF1,26,14.913,a,S1 obj,4,co2a0000375,0.1015625
1060,8,AF1,27,15.401,a,S1 obj,4,co2a0000375,0.10546875
1061,8,AF1,28,16.378,a,S1 obj,4,co2a0000375,0.109375
1062,8,AF1,29,14.913,a,S1 obj,4,co2a0000375,0.11328125
1063,8,AF1,30,11.495,a,S1 obj,4,co2a0000375,0.1171875
1064,8,AF1,31,5.636,a,S1 obj,4,co2a0000375,0.12109375
1065,8,AF1,32,0.753,a,S1 obj,4,co2a0000375,0.125
1066,8,AF1,33,-1.689,a,S1 obj,4,co2a0000375,0.12890625
1067,8,AF1,34,-0.712,a,S1 obj,4,co2a0000375,0.1328125
1068,8,AF1,35,3.194,a,S1 obj,4,co2a0000375,0.13671875
1069,8,AF1,36,7.589,a,S1 obj,4,co2a0000375,0.140625
1070,8,AF1,37,10.03,a,S1 obj,4,co2a0000375,0.14453125
1071,8,AF1,38,9.542,a,S1 obj,4,co2a0000375,0.1484375
1072,8,AF1,39,7.589,a,S1 obj,4,co2a0000375,0.15234375
1073,8,AF1,40,5.147,a,S1 obj,4,co2a0000375,0.15625
1074,8,AF1,41,5.147,a,S1 obj,4,co2a0000375,0.16015625
1075,8,AF1,42,7.1,a,S1 obj,4,co2a0000375,0.1640625
1076,8,AF1,43,10.518,a,S1 obj,4,co2a0000375,0.16796875
1077,8,AF1,44,12.96,a,S1 obj,4,co2a0000375,0.171875
1078,8,AF1,45,12.96,a,S1 obj,4,co2a0000375,0.17578125
1079,8,AF1,46,10.518,a,S1 obj,4,co2a0000375,0.1796875
1080,8,AF1,47,6.612,a,S1 obj,4,co2a0000375,0.18359375
1081,8,AF1,48,3.682,a,S1 obj,4,co2a0000375,0.1875
1082,8,AF1,49,1.729,a,S1 obj,4,co2a0000375,0.19140625
1083,8,AF1,50,2.218,a,S1 obj,4,co2a0000375,0.1953125
1084,8,AF1,51,3.682,a,S1 obj,4,co2a0000375,0.19921875
1085,8,AF1,52,4.659,a,S1 obj,4,co2a0000375,0.203125
1086,8,AF1,53,5.636,a,S1 obj,4,co2a0000375,0.20703125
1087,8,AF1,54,5.147,a,S1 obj,4,co2a0000375,0.2109375
1088,8,AF1,55,4.659,a,S1 obj,4,co2a0000375,0.21484375
1089,8,AF1,56,4.659,a,S1 obj,4,co2a0000375,0.21875
1090,8,AF1,57,6.124,a,S1 obj,4,co2a0000375,0.22265625
1091,8,AF1,58,8.565,a,S1 obj,4,co2a0000375,0.2265625
1092,8,AF1,59,11.495,a,S1 obj,4,co2a0000375,0.23046875
1093,8,AF1,60,13.936,a,S1 obj,4,co2a0000375,0.234375
1094,8,AF1,61,15.401,a,S1 obj,4,co2a0000375,0.23828125
1095,8,AF1,62,15.401,a,S1 obj,4,co2a0000375,0.2421875
1096,8,AF1,63,14.913,a,S1 obj,4,co2a0000375,0.24609375
1097,8,AF1,64,14.425,a,S1 obj,4,co2a0000375,0.25
1098,8,AF1,65,13.936,a,S1 obj,4,co2a0000375,0.25390625
1099,8,AF1,66,13.936,a,S1 obj,4,co2a0000375,0.2578125
1100,8,AF1,67,13.448,a,S1 obj,4,co2a0000375,0.26171875
1101,8,AF1,68,11.983,a,S1 obj,4,co2a0000375,0.265625
1102,8,AF1,69,10.518,a,S1 obj,4,co2a0000375,0.26953125
1103,8,AF1,70,9.542,a,S1 obj,4,co2a0000375,0.2734375
1104,8,AF1,71,10.03,a,S1 obj,4,co2a0000375,0.27734375
1105,8,AF1,72,11.495,a,S1 obj,4,co2a0000375,0.28125
1106,8,AF1,73,12.472,a,S1 obj,4,co2a0000375,0.28515625
1107,8,AF1,74,11.983,a,S1 obj,4,co2a0000375,0.2890625
1108,8,AF1,75,10.03,a,S1 obj,4,co2a0000375,0.29296875
1109,8,AF1,76,7.589,a,S1 obj,4,co2a0000375,0.296875
1110,8,AF1,77,5.636,a,S1 obj,4,co2a0000375,0.30078125
1111,8,AF1,78,5.147,a,S1 obj,4,co2a0000375,0.3046875
1112,8,AF1,79,6.124,a,S1 obj,4,co2a0000375,0.30859375
1113,8,AF1,80,7.589,a,S1 obj,4,co2a0000375,0.3125
1114,8,AF1,81,9.054,a,S1 obj,4,co2a0000375,0.31640625
1115,8,AF1,82,10.03,a,S1 obj,4,co2a0000375,0.3203125
1116,8,AF1,83,10.03,a,S1 obj,4,co2a0000375,0.32421875
1117,8,AF1,84,9.542,a,S1 obj,4,co2a0000375,0.328125
1118,8,AF1,85,9.542,a,S1 obj,4,co2a0000375,0.33203125
1119,8,AF1,86,8.565,a,S1 obj,4,co2a0000375,0.3359375
1120,8,AF1,87,7.1,a,S1 obj,4,co2a0000375,0.33984375
1121,8,AF1,88,5.636,a,S1 obj,4,co2a0000375,0.34375
1122,8,AF1,89,4.171,a,S1 obj,4,co2a0000375,0.34765625
1123,8,AF1,90,3.194,a,S1 obj,4,co2a0000375,0.3515625
1124,8,AF1,91,3.682,a,S1 obj,4,co2a0000375,0.35546875
1125,8,AF1,92,4.171,a,S1 obj,4,co2a0000375,0.359375
1126,8,AF1,93,4.659,a,S1 obj,4,co2a0000375,0.36328125
1127,8,AF1,94,4.171,a,S1 obj,4,co2a0000375,0.3671875
1128,8,AF1,95,3.194,a,S1 obj,4,co2a0000375,0.37109375
1129,8,AF1,96,1.241,a,S1 obj,4,co2a0000375,0.375
1130,8,AF1,97,-0.224,a,S1 obj,4,co2a0000375,0.37890625
1131,8,AF1,98,-1.2,a,S1 obj,4,co2a0000375,0.3828125
1132,8,AF1,99,-0.712,a,S1 obj,4,co2a0000375,0.38671875
1133,8,AF1,100,0.753,a,S1 obj,4,co2a0000375,0.390625
1134,8,AF1,101,2.706,a,S1 obj,4,co2a0000375,0.39453125
1135,8,AF1,102,4.659,a,S1 obj,4,co2a0000375,0.3984375
1136,8,AF1,103,6.612,a,S1 obj,4,co2a0000375,0.40234375
1137,8,AF1,104,7.589,a,S1 obj,4,co2a0000375,0.40625
1138,8,AF1,105,7.589,a,S1 obj,4,co2a0000375,0.41015625
1139,8,AF1,106,6.124,a,S1 obj,4,co2a0000375,0.4140625
1140,8,AF1,107,5.147,a,S1 obj,4,co2a0000375,0.41796875
1141,8,AF1,108,3.682,a,S1 obj,4,co2a0000375,0.421875
1142,8,AF1,109,3.194,a,S1 obj,4,co2a0000375,0.42578125
1143,8,AF1,110,3.682,a,S1 obj,4,co2a0000375,0.4296875
1144,8,AF1,111,3.682,a,S1 obj,4,co2a0000375,0.43359375
1145,8,AF1,112,2.706,a,S1 obj,4,co2a0000375,0.4375
1146,8,AF1,113,1.241,a,S1 obj,4,co2a0000375,0.44140625
1147,8,AF1,114,-0.224,a,S1 obj,4,co2a0000375,0.4453125
1148,8,AF1,115,-0.224,a,S1 obj,4,co2a0000375,0.44921875
1149,8,AF1,116,0.264,a,S1 obj,4,co2a0000375,0.453125
1150,8,AF1,117,0.753,a,S1 obj,4,co2a0000375,0.45703125
1151,8,AF1,118,0.264,a,S1 obj,4,co2a0000375,0.4609375
1152,8,AF1,119,-1.689,a,S1 obj,4,co2a0000375,0.46484375
1153,8,AF1,120,-3.642,a,S1 obj,4,co2a0000375,0.46875
1154,8,AF1,121,-5.107,a,S1 obj,4,co2a0000375,0.47265625
1155,8,AF1,122,-5.595,a,S1 obj,4,co2a0000375,0.4765625
1156,8,AF1,123,-4.618,a,S1 obj,4,co2a0000375,0.48046875
1157,8,AF1,124,-3.153,a,S1 obj,4,co2a0000375,0.484375
1158,8,AF1,125,-0.712,a,S1 obj,4,co2a0000375,0.48828125
1159,8,AF1,126,1.241,a,S1 obj,4,co2a0000375,0.4921875
1160,8,AF1,127,3.194,a,S1 obj,4,co2a0000375,0.49609375
1161,8,AF1,128,4.171,a,S1 obj,4,co2a0000375,0.5
1162,8,AF1,129,3.682,a,S1 obj,4,co2a0000375,0.50390625
1163,8,AF1,130,2.218,a,S1 obj,4,co2a0000375,0.5078125
1164,8,AF1,131,0.753,a,S1 obj,4,co2a0000375,0.51171875
1165,8,AF1,132,0.753,a,S1 obj,4,co2a0000375,0.515625
1166,8,AF1,133,0.753,a,S1 obj,4,co2a0000375,0.51953125
1167,8,AF1,134,0.753,a,S1 obj,4,co2a0000375,0.5234375
1168,8,AF1,135,-0.224,a,S1 obj,4,co2a0000375,0.52734375
1169,8,AF1,136,-1.689,a,S1 obj,4,co2a0000375,0.53125
1170,8,AF1,137,-2.665,a,S1 obj,4,co2a0000375,0.53515625
1171,8,AF1,138,-2.177,a,S1 obj,4,co2a0000375,0.5390625
1172,8,AF1,139,0.264,a,S1 obj,4,co2a0000375,0.54296875
1173,8,AF1,140,2.706,a,S1 obj,4,co2a0000375,0.546875
1174,8,AF1,141,3.194,a,S1 obj,4,co2a0000375,0.55078125
1175,8,AF1,142,1.729,a,S1 obj,4,co2a0000375,0.5546875
1176,8,AF1,143,0.264,a,S1 obj,4,co2a0000375,0.55859375
1177,8,AF1,144,1.241,a,S1 obj,4,co2a0000375,0.5625
1178,8,AF1,145,5.636,a,S1 obj,4,co2a0000375,0.56640625
1179,8,AF1,146,11.983,a,S1 obj,4,co2a0000375,0.5703125
1180,8,AF1,147,17.354,a,S1 obj,4,co2a0000375,0.57421875
1181,8,AF1,148,19.307,a,S1 obj,4,co2a0000375,0.578125
1182,8,AF1,149,17.843,a,S1 obj,4,co2a0000375,0.58203125
1183,8,AF1,150,15.401,a,S1 obj,4,co2a0000375,0.5859375
1184,8,AF1,151,12.96,a,S1 obj,4,co2a0000375,0.58984375
1185,8,AF1,152,12.472,a,S1 obj,4,co2a0000375,0.59375
1186,8,AF1,153,11.983,a,S1 obj,4,co2a0000375,0.59765625
1187,8,AF1,154,11.495,a,S1 obj,4,co2a0000375,0.6015625
1188,8,AF1,155,10.518,a,S1 obj,4,co2a0000375,0.60546875
1189,8,AF1,156,9.542,a,S1 obj,4,co2a0000375,0.609375
1190,8,AF1,157,9.542,a,S1 obj,4,co2a0000375,0.61328125
1191,8,AF1,158,10.03,a,S1 obj,4,co2a0000375,0.6171875
1192,8,AF1,159,11.007,a,S1 obj,4,co2a0000375,0.62109375
1193,8,AF1,160,10.518,a,S1 obj,4,co2a0000375,0.625
1194,8,AF1,161,9.054,a,S1 obj,4,co2a0000375,0.62890625
1195,8,AF1,162,8.077,a,S1 obj,4,co2a0000375,0.6328125
1196,8,AF1,163,7.589,a,S1 obj,4,co2a0000375,0.63671875
1197,8,AF1,164,9.054,a,S1 obj,4,co2a0000375,0.640625
1198,8,AF1,165,11.007,a,S1 obj,4,co2a0000375,0.64453125
1199,8,AF1,166,13.936,a,S1 obj,4,co2a0000375,0.6484375
1200,8,AF1,167,17.354,a,S1 obj,4,co2a0000375,0.65234375
1201,8,AF1,168,20.772,a,S1 obj,4,co2a0000375,0.65625
1202,8,AF1,169,23.214,a,S1 obj,4,co2a0000375,0.66015625
1203,8,AF1,170,24.19,a,S1 obj,4,co2a0000375,0.6640625
1204,8,AF1,171,22.725,a,S1 obj,4,co2a0000375,0.66796875
1205,8,AF1,172,18.819,a,S1 obj,4,co2a0000375,0.671875
1206,8,AF1,173,16.378,a,S1 obj,4,co2a0000375,0.67578125
1207,8,AF1,174,15.401,a,S1 obj,4,co2a0000375,0.6796875
1208,8,AF1,175,16.866,a,S1 obj,4,co2a0000375,0.68359375
1209,8,AF1,176,19.307,a,S1 obj,4,co2a0000375,0.6875
1210,8,AF1,177,21.261,a,S1 obj,4,co2a0000375,0.69140625
1211,8,AF1,178,20.772,a,S1 obj,4,co2a0000375,0.6953125
1212,8,AF1,179,19.796,a,S1 obj,4,co2a0000375,0.69921875
1213,8,AF1,180,18.819,a,S1 obj,4,co2a0000375,0.703125
1214,8,AF1,181,19.796,a,S1 obj,4,co2a0000375,0.70703125
1215,8,AF1,182,21.749,a,S1 obj,4,co2a0000375,0.7109375
1216,8,AF1,183,23.702,a,S1 obj,4,co2a0000375,0.71484375
1217,8,AF1,184,24.19,a,S1 obj,4,co2a0000375,0.71875
1218,8,AF1,185,22.725,a,S1 obj,4,co2a0000375,0.72265625
1219,8,AF1,186,21.749,a,S1 obj,4,co2a0000375,0.7265625
1220,8,AF1,187,21.749,a,S1 obj,4,co2a0000375,0.73046875
1221,8,AF1,188,23.702,a,S1 obj,4,co2a0000375,0.734375
1222,8,AF1,189,27.12,a,S1 obj,4,co2a0000375,0.73828125
1223,8,AF1,190,31.026,a,S1 obj,4,co2a0000375,0.7421875
1224,8,AF1,191,33.468,a,S1 obj,4,co2a0000375,0.74609375
1225,8,AF1,192,34.444,a,S1 obj,4,co2a0000375,0.75
1226,8,AF1,193,33.956,a,S1 obj,4,co2a0000375,0.75390625
1227,8,AF1,194,32.003,a,S1 obj,4,co2a0000375,0.7578125
1228,8,AF1,195,29.561,a,S1 obj,4,co2a0000375,0.76171875
1229,8,AF1,196,29.073,a,S1 obj,4,co2a0000375,0.765625
1230,8,AF1,197,30.05,a,S1 obj,4,co2a0000375,0.76953125
1231,8,AF1,198,32.003,a,S1 obj,4,co2a0000375,0.7734375
1232,8,AF1,199,33.956,a,S1 obj,4,co2a0000375,0.77734375
1233,8,AF1,200,35.421,a,S1 obj,4,co2a0000375,0.78125
1234,8,AF1,201,35.421,a,S1 obj,4,co2a0000375,0.78515625
1235,8,AF1,202,36.397,a,S1 obj,4,co2a0000375,0.7890625
1236,8,AF1,203,37.862,a,S1 obj,4,co2a0000375,0.79296875
1237,8,AF1,204,39.815,a,S1 obj,4,co2a0000375,0.796875
1238,8,AF1,205,40.304,a,S1 obj,4,co2a0000375,0.80078125
1239,8,AF1,206,39.815,a,S1 obj,4,co2a0000375,0.8046875
1240,8,AF1,207,38.35,a,S1 obj,4,co2a0000375,0.80859375
1241,8,AF1,208,36.886,a,S1 obj,4,co2a0000375,0.8125
1242,8,AF1,209,36.886,a,S1 obj,4,co2a0000375,0.81640625
1243,8,AF1,210,38.839,a,S1 obj,4,co2a0000375,0.8203125
1244,8,AF1,211,40.792,a,S1 obj,4,co2a0000375,0.82421875
1245,8,AF1,212,41.768,a,S1 obj,4,co2a0000375,0.828125
1246,8,AF1,213,41.768,a,S1 obj,4,co2a0000375,0.83203125
1247,8,AF1,214,40.792,a,S1 obj,4,co2a0000375,0.8359375
1248,8,AF1,215,39.815,a,S1 obj,4,co2a0000375,0.83984375
1249,8,AF1,216,38.35,a,S1 obj,4,co2a0000375,0.84375
1250,8,AF1,217,36.397,a,S1 obj,4,co2a0000375,0.84765625
1251,8,AF1,218,33.956,a,S1 obj,4,co2a0000375,0.8515625
1252,8,AF1,219,31.026,a,S1 obj,4,co2a0000375,0.85546875
1253,8,AF1,220,29.073,a,S1 obj,4,co2a0000375,0.859375
1254,8,AF1,221,29.073,a,S1 obj,4,co2a0000375,0.86328125
1255,8,AF1,222,30.05,a,S1 obj,4,co2a0000375,0.8671875
1256,8,AF1,223,31.026,a,S1 obj,4,co2a0000375,0.87109375
1257,8,AF1,224,30.05,a,S1 obj,4,co2a0000375,0.875
1258,8,AF1,225,27.608,a,S1 obj,4,co2a0000375,0.87890625
1259,8,AF1,226,24.679,a,S1 obj,4,co2a0000375,0.8828125
1260,8,AF1,227,24.19,a,S1 obj,4,co2a0000375,0.88671875
1261,8,AF1,228,26.632,a,S1 obj,4,co2a0000375,0.890625
1262,8,AF1,229,31.026,a,S1 obj,4,co2a0000375,0.89453125
1263,8,AF1,230,34.444,a,S1 obj,4,co2a0000375,0.8984375
1264,8,AF1,231,35.421,a,S1 obj,4,co2a0000375,0.90234375
1265,8,AF1,232,32.979,a,S1 obj,4,co2a0000375,0.90625
1266,8,AF1,233,29.561,a,S1 obj,4,co2a0000375,0.91015625
1267,8,AF1,234,27.608,a,S1 obj,4,co2a0000375,0.9140625
1268,8,AF1,235,28.097,a,S1 obj,4,co2a0000375,0.91796875
1269,8,AF1,236,31.514,a,S1 obj,4,co2a0000375,0.921875
1270,8,AF1,237,34.932,a,S1 obj,4,co2a0000375,0.92578125
1271,8,AF1,238,37.374,a,S1 obj,4,co2a0000375,0.9296875
1272,8,AF1,239,36.397,a,S1 obj,4,co2a0000375,0.93359375
1273,8,AF1,240,32.979,a,S1 obj,4,co2a0000375,0.9375
1274,8,AF1,241,28.585,a,S1 obj,4,co2a0000375,0.94140625
1275,8,AF1,242,24.19,a,S1 obj,4,co2a0000375,0.9453125
1276,8,AF1,243,21.749,a,S1 obj,4,co2a0000375,0.94921875
1277,8,AF1,244,20.772,a,S1 obj,4,co2a0000375,0.953125
1278,8,AF1,245,22.237,a,S1 obj,4,co2a0000375,0.95703125
1279,8,AF1,246,25.167,a,S1 obj,4,co2a0000375,0.9609375
1280,8,AF1,247,28.585,a,S1 obj,4,co2a0000375,0.96484375
1281,8,AF1,248,32.003,a,S1 obj,4,co2a0000375,0.96875
1282,8,AF1,249,33.956,a,S1 obj,4,co2a0000375,0.97265625
1283,8,AF1,250,32.979,a,S1 obj,4,co2a0000375,0.9765625
1284,8,AF1,251,30.05,a,S1 obj,4,co2a0000375,0.98046875
1285,8,AF1,252,26.143,a,S1 obj,4,co2a0000375,0.984375
1286,8,AF1,253,23.214,a,S1 obj,4,co2a0000375,0.98828125
1287,8,AF1,254,21.749,a,S1 obj,4,co2a0000375,0.9921875
1288,8,AF1,255,21.749,a,S1 obj,4,co2a0000375,0.99609375
1290,8,AF2,0,-0.366,a,S1 obj,5,co2a0000375,0.0
1291,8,AF2,1,-0.854,a,S1 obj,5,co2a0000375,0.00390625
1292,8,AF2,2,2.075,a,S1 obj,5,co2a0000375,0.0078125
1293,8,AF2,3,5.493,a,S1 obj,5,co2a0000375,0.01171875
1294,8,AF2,4,9.399,a,S1 obj,5,co2a0000375,0.015625
1295,8,AF2,5,11.841,a,S1 obj,5,co2a0000375,0.01953125
1296,8,AF2,6,11.841,a,S1 obj,5,co2a0000375,0.0234375
1297,8,AF2,7,11.353,a,S1 obj,5,co2a0000375,0.02734375
1298,8,AF2,8,8.911,a,S1 obj,5,co2a0000375,0.03125
1299,8,AF2,9,6.47,a,S1 obj,5,co2a0000375,0.03515625
1300,8,AF2,10,3.54,a,S1 obj,5,co2a0000375,0.0390625
1301,8,AF2,11,0.61,a,S1 obj,5,co2a0000375,0.04296875
1302,8,AF2,12,-0.366,a,S1 obj,5,co2a0000375,0.046875
1303,8,AF2,13,0.61,a,S1 obj,5,co2a0000375,0.05078125
1304,8,AF2,14,3.052,a,S1 obj,5,co2a0000375,0.0546875
1305,8,AF2,15,5.981,a,S1 obj,5,co2a0000375,0.05859375
1306,8,AF2,16,7.935,a,S1 obj,5,co2a0000375,0.0625
1307,8,AF2,17,6.958,a,S1 obj,5,co2a0000375,0.06640625
1308,8,AF2,18,5.005,a,S1 obj,5,co2a0000375,0.0703125
1309,8,AF2,19,4.028,a,S1 obj,5,co2a0000375,0.07421875
1310,8,AF2,20,5.493,a,S1 obj,5,co2a0000375,0.078125
1311,8,AF2,21,9.399,a,S1 obj,5,co2a0000375,0.08203125
1312,8,AF2,22,13.306,a,S1 obj,5,co2a0000375,0.0859375
1313,8,AF2,23,15.259,a,S1 obj,5,co2a0000375,0.08984375
1314,8,AF2,24,15.747,a,S1 obj,5,co2a0000375,0.09375
1315,8,AF2,25,14.771,a,S1 obj,5,co2a0000375,0.09765625
1316,8,AF2,26,14.282,a,S1 obj,5,co2a0000375,0.1015625
1317,8,AF2,27,14.771,a,S1 obj,5,co2a0000375,0.10546875
1318,8,AF2,28,15.259,a,S1 obj,5,co2a0000375,0.109375
1319,8,AF2,29,13.306,a,S1 obj,5,co2a0000375,0.11328125
1320,8,AF2,30,9.888,a,S1 obj,5,co2a0000375,0.1171875
1321,8,AF2,31,4.517,a,S1 obj,5,co2a0000375,0.12109375
1322,8,AF2,32,0.61,a,S1 obj,5,co2a0000375,0.125
1323,8,AF2,33,-0.366,a,S1 obj,5,co2a0000375,0.12890625
1324,8,AF2,34,2.075,a,S1 obj,5,co2a0000375,0.1328125
1325,8,AF2,35,6.47,a,S1 obj,5,co2a0000375,0.13671875
1326,8,AF2,36,10.376,a,S1 obj,5,co2a0000375,0.140625
1327,8,AF2,37,11.841,a,S1 obj,5,co2a0000375,0.14453125
1328,8,AF2,38,10.864,a,S1 obj,5,co2a0000375,0.1484375
1329,8,AF2,39,7.935,a,S1 obj,5,co2a0000375,0.15234375
1330,8,AF2,40,5.493,a,S1 obj,5,co2a0000375,0.15625
1331,8,AF2,41,5.005,a,S1 obj,5,co2a0000375,0.16015625
1332,8,AF2,42,6.47,a,S1 obj,5,co2a0000375,0.1640625
1333,8,AF2,43,9.888,a,S1 obj,5,co2a0000375,0.16796875
1334,8,AF2,44,12.817,a,S1 obj,5,co2a0000375,0.171875
1335,8,AF2,45,13.306,a,S1 obj,5,co2a0000375,0.17578125
1336,8,AF2,46,10.864,a,S1 obj,5,co2a0000375,0.1796875
1337,8,AF2,47,6.47,a,S1 obj,5,co2a0000375,0.18359375
1338,8,AF2,48,2.075,a,S1 obj,5,co2a0000375,0.1875
1339,8,AF2,49,-0.366,a,S1 obj,5,co2a0000375,0.19140625
1340,8,AF2,50,0.122,a,S1 obj,5,co2a0000375,0.1953125
1341,8,AF2,51,3.052,a,S1 obj,5,co2a0000375,0.19921875
1342,8,AF2,52,5.981,a,S1 obj,5,co2a0000375,0.203125
1343,8,AF2,53,7.935,a,S1 obj,5,co2a0000375,0.20703125
1344,8,AF2,54,7.935,a,S1 obj,5,co2a0000375,0.2109375
1345,8,AF2,55,6.958,a,S1 obj,5,co2a0000375,0.21484375
1346,8,AF2,56,5.981,a,S1 obj,5,co2a0000375,0.21875
1347,8,AF2,57,6.958,a,S1 obj,5,co2a0000375,0.22265625
1348,8,AF2,58,9.888,a,S1 obj,5,co2a0000375,0.2265625
1349,8,AF2,59,13.794,a,S1 obj,5,co2a0000375,0.23046875
1350,8,AF2,60,16.724,a,S1 obj,5,co2a0000375,0.234375
1351,8,AF2,61,18.188,a,S1 obj,5,co2a0000375,0.23828125
1352,8,AF2,62,18.677,a,S1 obj,5,co2a0000375,0.2421875
1353,8,AF2,63,17.7,a,S1 obj,5,co2a0000375,0.24609375
1354,8,AF2,64,17.7,a,S1 obj,5,co2a0000375,0.25
1355,8,AF2,65,17.7,a,S1 obj,5,co2a0000375,0.25390625
1356,8,AF2,66,17.212,a,S1 obj,5,co2a0000375,0.2578125
1357,8,AF2,67,16.724,a,S1 obj,5,co2a0000375,0.26171875
1358,8,AF2,68,15.747,a,S1 obj,5,co2a0000375,0.265625
1359,8,AF2,69,15.259,a,S1 obj,5,co2a0000375,0.26953125
1360,8,AF2,70,15.259,a,S1 obj,5,co2a0000375,0.2734375
1361,8,AF2,71,16.235,a,S1 obj,5,co2a0000375,0.27734375
1362,8,AF2,72,16.235,a,S1 obj,5,co2a0000375,0.28125
1363,8,AF2,73,15.259,a,S1 obj,5,co2a0000375,0.28515625
1364,8,AF2,74,12.817,a,S1 obj,5,co2a0000375,0.2890625
1365,8,AF2,75,9.888,a,S1 obj,5,co2a0000375,0.29296875
1366,8,AF2,76,8.423,a,S1 obj,5,co2a0000375,0.296875
1367,8,AF2,77,8.423,a,S1 obj,5,co2a0000375,0.30078125
1368,8,AF2,78,9.399,a,S1 obj,5,co2a0000375,0.3046875
1369,8,AF2,79,11.841,a,S1 obj,5,co2a0000375,0.30859375
1370,8,AF2,80,13.306,a,S1 obj,5,co2a0000375,0.3125
1371,8,AF2,81,14.282,a,S1 obj,5,co2a0000375,0.31640625
1372,8,AF2,82,14.282,a,S1 obj,5,co2a0000375,0.3203125
1373,8,AF2,83,12.817,a,S1 obj,5,co2a0000375,0.32421875
1374,8,AF2,84,11.353,a,S1 obj,5,co2a0000375,0.328125
1375,8,AF2,85,9.888,a,S1 obj,5,co2a0000375,0.33203125
1376,8,AF2,86,8.911,a,S1 obj,5,co2a0000375,0.3359375
1377,8,AF2,87,8.423,a,S1 obj,5,co2a0000375,0.33984375
1378,8,AF2,88,8.423,a,S1 obj,5,co2a0000375,0.34375
1379,8,AF2,89,7.935,a,S1 obj,5,co2a0000375,0.34765625
1380,8,AF2,90,7.446,a,S1 obj,5,co2a0000375,0.3515625
1381,8,AF2,91,6.47,a,S1 obj,5,co2a0000375,0.35546875
1382,8,AF2,92,5.981,a,S1 obj,5,co2a0000375,0.359375
1383,8,AF2,93,5.981,a,S1 obj,5,co2a0000375,0.36328125
1384,8,AF2,94,5.493,a,S1 obj,5,co2a0000375,0.3671875
1385,8,AF2,95,5.005,a,S1 obj,5,co2a0000375,0.37109375
1386,8,AF2,96,3.54,a,S1 obj,5,co2a0000375,0.375
1387,8,AF2,97,2.075,a,S1 obj,5,co2a0000375,0.37890625
1388,8,AF2,98,0.61,a,S1 obj,5,co2a0000375,0.3828125
1389,8,AF2,99,0.61,a,S1 obj,5,co2a0000375,0.38671875
1390,8,AF2,100,2.075,a,S1 obj,5,co2a0000375,0.390625
1391,8,AF2,101,5.005,a,S1 obj,5,co2a0000375,0.39453125
1392,8,AF2,102,7.935,a,S1 obj,5,co2a0000375,0.3984375
1393,8,AF2,103,9.399,a,S1 obj,5,co2a0000375,0.40234375
1394,8,AF2,104,9.888,a,S1 obj,5,co2a0000375,0.40625
1395,8,AF2,105,8.911,a,S1 obj,5,co2a0000375,0.41015625
1396,8,AF2,106,6.958,a,S1 obj,5,co2a0000375,0.4140625
1397,8,AF2,107,5.981,a,S1 obj,5,co2a0000375,0.41796875
1398,8,AF2,108,5.005,a,S1 obj,5,co2a0000375,0.421875
1399,8,AF2,109,5.493,a,S1 obj,5,co2a0000375,0.42578125
1400,8,AF2,110,5.981,a,S1 obj,5,co2a0000375,0.4296875
1401,8,AF2,111,5.981,a,S1 obj,5,co2a0000375,0.43359375
1402,8,AF2,112,5.005,a,S1 obj,5,co2a0000375,0.4375
1403,8,AF2,113,4.028,a,S1 obj,5,co2a0000375,0.44140625
1404,8,AF2,114,2.075,a,S1 obj,5,co2a0000375,0.4453125
1405,8,AF2,115,1.587,a,S1 obj,5,co2a0000375,0.44921875
1406,8,AF2,116,1.099,a,S1 obj,5,co2a0000375,0.453125
1407,8,AF2,117,1.099,a,S1 obj,5,co2a0000375,0.45703125
1408,8,AF2,118,0.61,a,S1 obj,5,co2a0000375,0.4609375
1409,8,AF2,119,-0.854,a,S1 obj,5,co2a0000375,0.46484375
1410,8,AF2,120,-2.319,a,S1 obj,5,co2a0000375,0.46875
1411,8,AF2,121,-3.296,a,S1 obj,5,co2a0000375,0.47265625
1412,8,AF2,122,-3.296,a,S1 obj,5,co2a0000375,0.4765625
1413,8,AF2,123,-1.831,a,S1 obj,5,co2a0000375,0.48046875
1414,8,AF2,124,-0.366,a,S1 obj,5,co2a0000375,0.484375
1415,8,AF2,125,1.587,a,S1 obj,5,co2a0000375,0.48828125
1416,8,AF2,126,3.54,a,S1 obj,5,co2a0000375,0.4921875
1417,8,AF2,127,5.005,a,S1 obj,5,co2a0000375,0.49609375
1418,8,AF2,128,5.981,a,S1 obj,5,co2a0000375,0.5
1419,8,AF2,129,6.47,a,S1 obj,5,co2a0000375,0.50390625
1420,8,AF2,130,6.958,a,S1 obj,5,co2a0000375,0.5078125
1421,8,AF2,131,6.958,a,S1 obj,5,co2a0000375,0.51171875
1422,8,AF2,132,6.958,a,S1 obj,5,co2a0000375,0.515625
1423,8,AF2,133,6.47,a,S1 obj,5,co2a0000375,0.51953125
1424,8,AF2,134,5.005,a,S1 obj,5,co2a0000375,0.5234375
1425,8,AF2,135,3.54,a,S1 obj,5,co2a0000375,0.52734375
1426,8,AF2,136,1.587,a,S1 obj,5,co2a0000375,0.53125
1427,8,AF2,137,1.099,a,S1 obj,5,co2a0000375,0.53515625
1428,8,AF2,138,2.075,a,S1 obj,5,co2a0000375,0.5390625
1429,8,AF2,139,3.54,a,S1 obj,5,co2a0000375,0.54296875
1430,8,AF2,140,5.005,a,S1 obj,5,co2a0000375,0.546875
1431,8,AF2,141,5.493,a,S1 obj,5,co2a0000375,0.55078125
1432,8,AF2,142,5.005,a,S1 obj,5,co2a0000375,0.5546875
1433,8,AF2,143,5.005,a,S1 obj,5,co2a0000375,0.55859375
1434,8,AF2,144,6.47,a,S1 obj,5,co2a0000375,0.5625
1435,8,AF2,145,9.888,a,S1 obj,5,co2a0000375,0.56640625
1436,8,AF2,146,14.771,a,S1 obj,5,co2a0000375,0.5703125
1437,8,AF2,147,19.165,a,S1 obj,5,co2a0000375,0.57421875
1438,8,AF2,148,21.118,a,S1 obj,5,co2a0000375,0.578125
1439,8,AF2,149,21.118,a,S1 obj,5,co2a0000375,0.58203125
1440,8,AF2,150,19.653,a,S1 obj,5,co2a0000375,0.5859375
1441,8,AF2,151,17.7,a,S1 obj,5,co2a0000375,0.58984375
1442,8,AF2,152,16.724,a,S1 obj,5,co2a0000375,0.59375
1443,8,AF2,153,15.747,a,S1 obj,5,co2a0000375,0.59765625
1444,8,AF2,154,15.259,a,S1 obj,5,co2a0000375,0.6015625
1445,8,AF2,155,15.259,a,S1 obj,5,co2a0000375,0.60546875
1446,8,AF2,156,14.771,a,S1 obj,5,co2a0000375,0.609375
1447,8,AF2,157,14.771,a,S1 obj,5,co2a0000375,0.61328125
1448,8,AF2,158,14.771,a,S1 obj,5,co2a0000375,0.6171875
1449,8,AF2,159,15.259,a,S1 obj,5,co2a0000375,0.62109375
1450,8,AF2,160,14.771,a,S1 obj,5,co2a0000375,0.625
1451,8,AF2,161,13.794,a,S1 obj,5,co2a0000375,0.62890625
1452,8,AF2,162,13.306,a,S1 obj,5,co2a0000375,0.6328125
1453,8,AF2,163,12.329,a,S1 obj,5,co2a0000375,0.63671875
1454,8,AF2,164,12.329,a,S1 obj,5,co2a0000375,0.640625
1455,8,AF2,165,12.817,a,S1 obj,5,co2a0000375,0.64453125
1456,8,AF2,166,15.259,a,S1 obj,5,co2a0000375,0.6484375
1457,8,AF2,167,19.653,a,S1 obj,5,co2a0000375,0.65234375
1458,8,AF2,168,24.536,a,S1 obj,5,co2a0000375,0.65625
1459,8,AF2,169,28.442,a,S1 obj,5,co2a0000375,0.66015625
1460,8,AF2,170,29.419,a,S1 obj,5,co2a0000375,0.6640625
1461,8,AF2,171,26.978,a,S1 obj,5,co2a0000375,0.66796875
1462,8,AF2,172,22.095,a,S1 obj,5,co2a0000375,0.671875
1463,8,AF2,173,18.188,a,S1 obj,5,co2a0000375,0.67578125
1464,8,AF2,174,17.212,a,S1 obj,5,co2a0000375,0.6796875
1465,8,AF2,175,19.165,a,S1 obj,5,co2a0000375,0.68359375
1466,8,AF2,176,23.071,a,S1 obj,5,co2a0000375,0.6875
1467,8,AF2,177,24.536,a,S1 obj,5,co2a0000375,0.69140625
1468,8,AF2,178,23.56,a,S1 obj,5,co2a0000375,0.6953125
1469,8,AF2,179,21.118,a,S1 obj,5,co2a0000375,0.69921875
1470,8,AF2,180,19.653,a,S1 obj,5,co2a0000375,0.703125
1471,8,AF2,181,20.142,a,S1 obj,5,co2a0000375,0.70703125
1472,8,AF2,182,23.56,a,S1 obj,5,co2a0000375,0.7109375
1473,8,AF2,183,26.489,a,S1 obj,5,co2a0000375,0.71484375
1474,8,AF2,184,27.466,a,S1 obj,5,co2a0000375,0.71875
1475,8,AF2,185,26.978,a,S1 obj,5,co2a0000375,0.72265625
1476,8,AF2,186,25.513,a,S1 obj,5,co2a0000375,0.7265625
1477,8,AF2,187,25.513,a,S1 obj,5,co2a0000375,0.73046875
1478,8,AF2,188,26.978,a,S1 obj,5,co2a0000375,0.734375
1479,8,AF2,189,29.907,a,S1 obj,5,co2a0000375,0.73828125
1480,8,AF2,190,32.837,a,S1 obj,5,co2a0000375,0.7421875
1481,8,AF2,191,35.278,a,S1 obj,5,co2a0000375,0.74609375
1482,8,AF2,192,35.767,a,S1 obj,5,co2a0000375,0.75
1483,8,AF2,193,34.302,a,S1 obj,5,co2a0000375,0.75390625
1484,8,AF2,194,32.349,a,S1 obj,5,co2a0000375,0.7578125
1485,8,AF2,195,30.884,a,S1 obj,5,co2a0000375,0.76171875
1486,8,AF2,196,30.884,a,S1 obj,5,co2a0000375,0.765625
1487,8,AF2,197,32.349,a,S1 obj,5,co2a0000375,0.76953125
1488,8,AF2,198,33.813,a,S1 obj,5,co2a0000375,0.7734375
1489,8,AF2,199,35.278,a,S1 obj,5,co2a0000375,0.77734375
1490,8,AF2,200,35.767,a,S1 obj,5,co2a0000375,0.78125
1491,8,AF2,201,35.767,a,S1 obj,5,co2a0000375,0.78515625
1492,8,AF2,202,36.255,a,S1 obj,5,co2a0000375,0.7890625
1493,8,AF2,203,37.231,a,S1 obj,5,co2a0000375,0.79296875
1494,8,AF2,204,38.696,a,S1 obj,5,co2a0000375,0.796875
1495,8,AF2,205,39.185,a,S1 obj,5,co2a0000375,0.80078125
1496,8,AF2,206,38.208,a,S1 obj,5,co2a0000375,0.8046875
1497,8,AF2,207,36.743,a,S1 obj,5,co2a0000375,0.80859375
1498,8,AF2,208,36.255,a,S1 obj,5,co2a0000375,0.8125
1499,8,AF2,209,36.255,a,S1 obj,5,co2a0000375,0.81640625
1500,8,AF2,210,37.231,a,S1 obj,5,co2a0000375,0.8203125
1501,8,AF2,211,39.185,a,S1 obj,5,co2a0000375,0.82421875
1502,8,AF2,212,40.161,a,S1 obj,5,co2a0000375,0.828125
1503,8,AF2,213,40.161,a,S1 obj,5,co2a0000375,0.83203125
1504,8,AF2,214,39.673,a,S1 obj,5,co2a0000375,0.8359375
1505,8,AF2,215,39.185,a,S1 obj,5,co2a0000375,0.83984375
1506,8,AF2,216,37.231,a,S1 obj,5,co2a0000375,0.84375
1507,8,AF2,217,34.79,a,S1 obj,5,co2a0000375,0.84765625
1508,8,AF2,218,31.372,a,S1 obj,5,co2a0000375,0.8515625
1509,8,AF2,219,28.442,a,S1 obj,5,co2a0000375,0.85546875
1510,8,AF2,220,26.978,a,S1 obj,5,co2a0000375,0.859375
1511,8,AF2,221,27.466,a,S1 obj,5,co2a0000375,0.86328125
1512,8,AF2,222,29.419,a,S1 obj,5,co2a0000375,0.8671875
1513,8,AF2,223,30.884,a,S1 obj,5,co2a0000375,0.87109375
1514,8,AF2,224,31.86,a,S1 obj,5,co2a0000375,0.875
1515,8,AF2,225,30.396,a,S1 obj,5,co2a0000375,0.87890625
1516,8,AF2,226,27.954,a,S1 obj,5,co2a0000375,0.8828125
1517,8,AF2,227,26.489,a,S1 obj,5,co2a0000375,0.88671875
1518,8,AF2,228,26.978,a,S1 obj,5,co2a0000375,0.890625
1519,8,AF2,229,29.419,a,S1 obj,5,co2a0000375,0.89453125
1520,8,AF2,230,32.349,a,S1 obj,5,co2a0000375,0.8984375
1521,8,AF2,231,33.813,a,S1 obj,5,co2a0000375,0.90234375
1522,8,AF2,232,33.325,a,S1 obj,5,co2a0000375,0.90625
1523,8,AF2,233,30.884,a,S1 obj,5,co2a0000375,0.91015625
1524,8,AF2,234,28.442,a,S1 obj,5,co2a0000375,0.9140625
1525,8,AF2,235,28.442,a,S1 obj,5,co2a0000375,0.91796875
1526,8,AF2,236,31.372,a,S1 obj,5,co2a0000375,0.921875
1527,8,AF2,237,35.767,a,S1 obj,5,co2a0000375,0.92578125
1528,8,AF2,238,39.673,a,S1 obj,5,co2a0000375,0.9296875
1529,8,AF2,239,40.161,a,S1 obj,5,co2a0000375,0.93359375
1530,8,AF2,240,36.255,a,S1 obj,5,co2a0000375,0.9375
1531,8,AF2,241,30.396,a,S1 obj,5,co2a0000375,0.94140625
1532,8,AF2,242,24.536,a,S1 obj,5,co2a0000375,0.9453125
1533,8,AF2,243,20.63,a,S1 obj,5,co2a0000375,0.94921875
1534,8,AF2,244,19.653,a,S1 obj,5,co2a0000375,0.953125
1535,8,AF2,245,21.606,a,S1 obj,5,co2a0000375,0.95703125
1536,8,AF2,246,24.536,a,S1 obj,5,co2a0000375,0.9609375
1537,8,AF2,247,27.954,a,S1 obj,5,co2a0000375,0.96484375
1538,8,AF2,248,30.884,a,S1 obj,5,co2a0000375,0.96875
1539,8,AF2,249,32.349,a,S1 obj,5,co2a0000375,0.97265625
1540,8,AF2,250,31.86,a,S1 obj,5,co2a0000375,0.9765625
1541,8,AF2,251,28.931,a,S1 obj,5,co2a0000375,0.98046875
1542,8,AF2,252,25.513,a,S1 obj,5,co2a0000375,0.984375
1543,8,AF2,253,22.583,a,S1 obj,5,co2a0000375,0.98828125
1544,8,AF2,254,21.118,a,S1 obj,5,co2a0000375,0.9921875
1545,8,AF2,255,22.095,a,S1 obj,5,co2a0000375,0.99609375
1547,8,FZ,0,1.851,a,S1 obj,6,co2a0000375,0.0
1548,8,FZ,1,2.828,a,S1 obj,6,co2a0000375,0.00390625
1549,8,FZ,2,5.269,a,S1 obj,6,co2a0000375,0.0078125
1550,8,FZ,3,8.199,a,S1 obj,6,co2a0000375,0.01171875
1551,8,FZ,4,10.64,a,S1 obj,6,co2a0000375,0.015625
1552,8,FZ,5,11.129,a,S1 obj,6,co2a0000375,0.01953125
1553,8,FZ,6,10.64,a,S1 obj,6,co2a0000375,0.0234375
1554,8,FZ,7,9.176,a,S1 obj,6,co2a0000375,0.02734375
1555,8,FZ,8,7.711,a,S1 obj,6,co2a0000375,0.03125
1556,8,FZ,9,5.758,a,S1 obj,6,co2a0000375,0.03515625
1557,8,FZ,10,3.316,a,S1 obj,6,co2a0000375,0.0390625
1558,8,FZ,11,-0.102,a,S1 obj,6,co2a0000375,0.04296875
1559,8,FZ,12,-1.567,a,S1 obj,6,co2a0000375,0.046875
1560,8,FZ,13,-1.567,a,S1 obj,6,co2a0000375,0.05078125
1561,8,FZ,14,0.387,a,S1 obj,6,co2a0000375,0.0546875
1562,8,FZ,15,2.828,a,S1 obj,6,co2a0000375,0.05859375
1563,8,FZ,16,4.781,a,S1 obj,6,co2a0000375,0.0625
1564,8,FZ,17,4.293,a,S1 obj,6,co2a0000375,0.06640625
1565,8,FZ,18,3.316,a,S1 obj,6,co2a0000375,0.0703125
1566,8,FZ,19,2.828,a,S1 obj,6,co2a0000375,0.07421875
1567,8,FZ,20,4.293,a,S1 obj,6,co2a0000375,0.078125
1568,8,FZ,21,7.711,a,S1 obj,6,co2a0000375,0.08203125
1569,8,FZ,22,11.129,a,S1 obj,6,co2a0000375,0.0859375
1570,8,FZ,23,12.594,a,S1 obj,6,co2a0000375,0.08984375
1571,8,FZ,24,13.082,a,S1 obj,6,co2a0000375,0.09375
1572,8,FZ,25,12.594,a,S1 obj,6,co2a0000375,0.09765625
1573,8,FZ,26,12.594,a,S1 obj,6,co2a0000375,0.1015625
1574,8,FZ,27,13.082,a,S1 obj,6,co2a0000375,0.10546875
1575,8,FZ,28,13.57,a,S1 obj,6,co2a0000375,0.109375
1576,8,FZ,29,12.594,a,S1 obj,6,co2a0000375,0.11328125
1577,8,FZ,30,9.176,a,S1 obj,6,co2a0000375,0.1171875
1578,8,FZ,31,5.269,a,S1 obj,6,co2a0000375,0.12109375
1579,8,FZ,32,1.851,a,S1 obj,6,co2a0000375,0.125
1580,8,FZ,33,0.875,a,S1 obj,6,co2a0000375,0.12890625
1581,8,FZ,34,2.34,a,S1 obj,6,co2a0000375,0.1328125
1582,8,FZ,35,4.781,a,S1 obj,6,co2a0000375,0.13671875
1583,8,FZ,36,8.199,a,S1 obj,6,co2a0000375,0.140625
1584,8,FZ,37,9.664,a,S1 obj,6,co2a0000375,0.14453125
1585,8,FZ,38,9.176,a,S1 obj,6,co2a0000375,0.1484375
1586,8,FZ,39,8.199,a,S1 obj,6,co2a0000375,0.15234375
1587,8,FZ,40,6.734,a,S1 obj,6,co2a0000375,0.15625
1588,8,FZ,41,7.222,a,S1 obj,6,co2a0000375,0.16015625
1589,8,FZ,42,9.176,a,S1 obj,6,co2a0000375,0.1640625
1590,8,FZ,43,12.105,a,S1 obj,6,co2a0000375,0.16796875
1591,8,FZ,44,14.058,a,S1 obj,6,co2a0000375,0.171875
1592,8,FZ,45,14.547,a,S1 obj,6,co2a0000375,0.17578125
1593,8,FZ,46,12.594,a,S1 obj,6,co2a0000375,0.1796875
1594,8,FZ,47,8.687,a,S1 obj,6,co2a0000375,0.18359375
1595,8,FZ,48,5.758,a,S1 obj,6,co2a0000375,0.1875
1596,8,FZ,49,3.316,a,S1 obj,6,co2a0000375,0.19140625
1597,8,FZ,50,3.316,a,S1 obj,6,co2a0000375,0.1953125
1598,8,FZ,51,4.781,a,S1 obj,6,co2a0000375,0.19921875
1599,8,FZ,52,6.246,a,S1 obj,6,co2a0000375,0.203125
1600,8,FZ,53,6.734,a,S1 obj,6,co2a0000375,0.20703125
1601,8,FZ,54,6.734,a,S1 obj,6,co2a0000375,0.2109375
1602,8,FZ,55,6.246,a,S1 obj,6,co2a0000375,0.21484375
1603,8,FZ,56,6.246,a,S1 obj,6,co2a0000375,0.21875
1604,8,FZ,57,6.734,a,S1 obj,6,co2a0000375,0.22265625
1605,8,FZ,58,8.687,a,S1 obj,6,co2a0000375,0.2265625
1606,8,FZ,59,11.129,a,S1 obj,6,co2a0000375,0.23046875
1607,8,FZ,60,13.082,a,S1 obj,6,co2a0000375,0.234375
1608,8,FZ,61,14.547,a,S1 obj,6,co2a0000375,0.23828125
1609,8,FZ,62,15.035,a,S1 obj,6,co2a0000375,0.2421875
1610,8,FZ,63,14.547,a,S1 obj,6,co2a0000375,0.24609375
1611,8,FZ,64,14.058,a,S1 obj,6,co2a0000375,0.25
1612,8,FZ,65,13.082,a,S1 obj,6,co2a0000375,0.25390625
1613,8,FZ,66,12.105,a,S1 obj,6,co2a0000375,0.2578125
1614,8,FZ,67,11.129,a,S1 obj,6,co2a0000375,0.26171875
1615,8,FZ,68,10.64,a,S1 obj,6,co2a0000375,0.265625
1616,8,FZ,69,10.152,a,S1 obj,6,co2a0000375,0.26953125
1617,8,FZ,70,10.64,a,S1 obj,6,co2a0000375,0.2734375
1618,8,FZ,71,11.129,a,S1 obj,6,co2a0000375,0.27734375
1619,8,FZ,72,11.617,a,S1 obj,6,co2a0000375,0.28125
1620,8,FZ,73,11.129,a,S1 obj,6,co2a0000375,0.28515625
1621,8,FZ,74,9.664,a,S1 obj,6,co2a0000375,0.2890625
1622,8,FZ,75,8.199,a,S1 obj,6,co2a0000375,0.29296875
1623,8,FZ,76,7.222,a,S1 obj,6,co2a0000375,0.296875
1624,8,FZ,77,6.734,a,S1 obj,6,co2a0000375,0.30078125
1625,8,FZ,78,7.711,a,S1 obj,6,co2a0000375,0.3046875
1626,8,FZ,79,8.687,a,S1 obj,6,co2a0000375,0.30859375
1627,8,FZ,80,9.664,a,S1 obj,6,co2a0000375,0.3125
1628,8,FZ,81,9.664,a,S1 obj,6,co2a0000375,0.31640625
1629,8,FZ,82,9.664,a,S1 obj,6,co2a0000375,0.3203125
1630,8,FZ,83,9.176,a,S1 obj,6,co2a0000375,0.32421875
1631,8,FZ,84,9.176,a,S1 obj,6,co2a0000375,0.328125
1632,8,FZ,85,8.687,a,S1 obj,6,co2a0000375,0.33203125
1633,8,FZ,86,8.199,a,S1 obj,6,co2a0000375,0.3359375
1634,8,FZ,87,7.222,a,S1 obj,6,co2a0000375,0.33984375
1635,8,FZ,88,6.734,a,S1 obj,6,co2a0000375,0.34375
1636,8,FZ,89,5.758,a,S1 obj,6,co2a0000375,0.34765625
1637,8,FZ,90,4.781,a,S1 obj,6,co2a0000375,0.3515625
1638,8,FZ,91,4.781,a,S1 obj,6,co2a0000375,0.35546875
1639,8,FZ,92,4.781,a,S1 obj,6,co2a0000375,0.359375
1640,8,FZ,93,4.781,a,S1 obj,6,co2a0000375,0.36328125
1641,8,FZ,94,4.781,a,S1 obj,6,co2a0000375,0.3671875
1642,8,FZ,95,3.805,a,S1 obj,6,co2a0000375,0.37109375
1643,8,FZ,96,2.34,a,S1 obj,6,co2a0000375,0.375
1644,8,FZ,97,0.875,a,S1 obj,6,co2a0000375,0.37890625
1645,8,FZ,98,0.387,a,S1 obj,6,co2a0000375,0.3828125
1646,8,FZ,99,0.387,a,S1 obj,6,co2a0000375,0.38671875
1647,8,FZ,100,1.851,a,S1 obj,6,co2a0000375,0.390625
1648,8,FZ,101,4.293,a,S1 obj,6,co2a0000375,0.39453125
1649,8,FZ,102,6.246,a,S1 obj,6,co2a0000375,0.3984375
1650,8,FZ,103,7.711,a,S1 obj,6,co2a0000375,0.40234375
1651,8,FZ,104,7.711,a,S1 obj,6,co2a0000375,0.40625
1652,8,FZ,105,6.734,a,S1 obj,6,co2a0000375,0.41015625
1653,8,FZ,106,5.269,a,S1 obj,6,co2a0000375,0.4140625
1654,8,FZ,107,2.828,a,S1 obj,6,co2a0000375,0.41796875
1655,8,FZ,108,2.34,a,S1 obj,6,co2a0000375,0.421875
1656,8,FZ,109,2.34,a,S1 obj,6,co2a0000375,0.42578125
1657,8,FZ,110,2.828,a,S1 obj,6,co2a0000375,0.4296875
1658,8,FZ,111,3.316,a,S1 obj,6,co2a0000375,0.43359375
1659,8,FZ,112,2.34,a,S1 obj,6,co2a0000375,0.4375
1660,8,FZ,113,0.875,a,S1 obj,6,co2a0000375,0.44140625
1661,8,FZ,114,-0.102,a,S1 obj,6,co2a0000375,0.4453125
1662,8,FZ,115,-1.078,a,S1 obj,6,co2a0000375,0.44921875
1663,8,FZ,116,-0.59,a,S1 obj,6,co2a0000375,0.453125
1664,8,FZ,117,-0.59,a,S1 obj,6,co2a0000375,0.45703125
1665,8,FZ,118,-1.078,a,S1 obj,6,co2a0000375,0.4609375
1666,8,FZ,119,-1.567,a,S1 obj,6,co2a0000375,0.46484375
1667,8,FZ,120,-2.055,a,S1 obj,6,co2a0000375,0.46875
1668,8,FZ,121,-2.543,a,S1 obj,6,co2a0000375,0.47265625
1669,8,FZ,122,-2.055,a,S1 obj,6,co2a0000375,0.4765625
1670,8,FZ,123,-1.567,a,S1 obj,6,co2a0000375,0.48046875
1671,8,FZ,124,-0.59,a,S1 obj,6,co2a0000375,0.484375
1672,8,FZ,125,-0.102,a,S1 obj,6,co2a0000375,0.48828125
1673,8,FZ,126,0.875,a,S1 obj,6,co2a0000375,0.4921875
1674,8,FZ,127,2.34,a,S1 obj,6,co2a0000375,0.49609375
1675,8,FZ,128,3.805,a,S1 obj,6,co2a0000375,0.5
1676,8,FZ,129,4.781,a,S1 obj,6,co2a0000375,0.50390625
1677,8,FZ,130,5.269,a,S1 obj,6,co2a0000375,0.5078125
1678,8,FZ,131,5.269,a,S1 obj,6,co2a0000375,0.51171875
1679,8,FZ,132,4.293,a,S1 obj,6,co2a0000375,0.515625
1680,8,FZ,133,3.805,a,S1 obj,6,co2a0000375,0.51953125
1681,8,FZ,134,2.828,a,S1 obj,6,co2a0000375,0.5234375
1682,8,FZ,135,1.851,a,S1 obj,6,co2a0000375,0.52734375
1683,8,FZ,136,0.875,a,S1 obj,6,co2a0000375,0.53125
1684,8,FZ,137,0.387,a,S1 obj,6,co2a0000375,0.53515625
1685,8,FZ,138,1.363,a,S1 obj,6,co2a0000375,0.5390625
1686,8,FZ,139,2.34,a,S1 obj,6,co2a0000375,0.54296875
1687,8,FZ,140,3.316,a,S1 obj,6,co2a0000375,0.546875
1688,8,FZ,141,3.316,a,S1 obj,6,co2a0000375,0.55078125
1689,8,FZ,142,2.34,a,S1 obj,6,co2a0000375,0.5546875
1690,8,FZ,143,1.363,a,S1 obj,6,co2a0000375,0.55859375
1691,8,FZ,144,2.34,a,S1 obj,6,co2a0000375,0.5625
1692,8,FZ,145,5.269,a,S1 obj,6,co2a0000375,0.56640625
1693,8,FZ,146,9.176,a,S1 obj,6,co2a0000375,0.5703125
1694,8,FZ,147,12.105,a,S1 obj,6,co2a0000375,0.57421875
1695,8,FZ,148,13.57,a,S1 obj,6,co2a0000375,0.578125
1696,8,FZ,149,12.594,a,S1 obj,6,co2a0000375,0.58203125
1697,8,FZ,150,10.64,a,S1 obj,6,co2a0000375,0.5859375
1698,8,FZ,151,9.176,a,S1 obj,6,co2a0000375,0.58984375
1699,8,FZ,152,8.199,a,S1 obj,6,co2a0000375,0.59375
1700,8,FZ,153,7.711,a,S1 obj,6,co2a0000375,0.59765625
1701,8,FZ,154,7.222,a,S1 obj,6,co2a0000375,0.6015625
1702,8,FZ,155,6.246,a,S1 obj,6,co2a0000375,0.60546875
1703,8,FZ,156,5.758,a,S1 obj,6,co2a0000375,0.609375
1704,8,FZ,157,5.758,a,S1 obj,6,co2a0000375,0.61328125
1705,8,FZ,158,5.758,a,S1 obj,6,co2a0000375,0.6171875
1706,8,FZ,159,5.758,a,S1 obj,6,co2a0000375,0.62109375
1707,8,FZ,160,5.269,a,S1 obj,6,co2a0000375,0.625
1708,8,FZ,161,4.293,a,S1 obj,6,co2a0000375,0.62890625
1709,8,FZ,162,3.805,a,S1 obj,6,co2a0000375,0.6328125
1710,8,FZ,163,2.828,a,S1 obj,6,co2a0000375,0.63671875
1711,8,FZ,164,3.316,a,S1 obj,6,co2a0000375,0.640625
1712,8,FZ,165,4.293,a,S1 obj,6,co2a0000375,0.64453125
1713,8,FZ,166,6.734,a,S1 obj,6,co2a0000375,0.6484375
1714,8,FZ,167,9.664,a,S1 obj,6,co2a0000375,0.65234375
1715,8,FZ,168,13.082,a,S1 obj,6,co2a0000375,0.65625
1716,8,FZ,169,15.523,a,S1 obj,6,co2a0000375,0.66015625
1717,8,FZ,170,15.523,a,S1 obj,6,co2a0000375,0.6640625
1718,8,FZ,171,13.082,a,S1 obj,6,co2a0000375,0.66796875
1719,8,FZ,172,9.176,a,S1 obj,6,co2a0000375,0.671875
1720,8,FZ,173,6.734,a,S1 obj,6,co2a0000375,0.67578125
1721,8,FZ,174,6.734,a,S1 obj,6,co2a0000375,0.6796875
1722,8,FZ,175,8.199,a,S1 obj,6,co2a0000375,0.68359375
1723,8,FZ,176,10.152,a,S1 obj,6,co2a0000375,0.6875
1724,8,FZ,177,10.64,a,S1 obj,6,co2a0000375,0.69140625
1725,8,FZ,178,9.664,a,S1 obj,6,co2a0000375,0.6953125
1726,8,FZ,179,8.199,a,S1 obj,6,co2a0000375,0.69921875
1727,8,FZ,180,7.711,a,S1 obj,6,co2a0000375,0.703125
1728,8,FZ,181,8.687,a,S1 obj,6,co2a0000375,0.70703125
1729,8,FZ,182,11.129,a,S1 obj,6,co2a0000375,0.7109375
1730,8,FZ,183,12.594,a,S1 obj,6,co2a0000375,0.71484375
1731,8,FZ,184,12.594,a,S1 obj,6,co2a0000375,0.71875
1732,8,FZ,185,11.617,a,S1 obj,6,co2a0000375,0.72265625
1733,8,FZ,186,11.129,a,S1 obj,6,co2a0000375,0.7265625
1734,8,FZ,187,12.105,a,S1 obj,6,co2a0000375,0.73046875
1735,8,FZ,188,14.058,a,S1 obj,6,co2a0000375,0.734375
1736,8,FZ,189,16.5,a,S1 obj,6,co2a0000375,0.73828125
1737,8,FZ,190,17.965,a,S1 obj,6,co2a0000375,0.7421875
1738,8,FZ,191,18.941,a,S1 obj,6,co2a0000375,0.74609375
1739,8,FZ,192,18.941,a,S1 obj,6,co2a0000375,0.75
1740,8,FZ,193,17.965,a,S1 obj,6,co2a0000375,0.75390625
1741,8,FZ,194,17.476,a,S1 obj,6,co2a0000375,0.7578125
1742,8,FZ,195,17.476,a,S1 obj,6,co2a0000375,0.76171875
1743,8,FZ,196,17.476,a,S1 obj,6,co2a0000375,0.765625
1744,8,FZ,197,17.965,a,S1 obj,6,co2a0000375,0.76953125
1745,8,FZ,198,18.453,a,S1 obj,6,co2a0000375,0.7734375
1746,8,FZ,199,18.941,a,S1 obj,6,co2a0000375,0.77734375
1747,8,FZ,200,19.43,a,S1 obj,6,co2a0000375,0.78125
1748,8,FZ,201,19.918,a,S1 obj,6,co2a0000375,0.78515625
1749,8,FZ,202,20.894,a,S1 obj,6,co2a0000375,0.7890625
1750,8,FZ,203,21.871,a,S1 obj,6,co2a0000375,0.79296875
1751,8,FZ,204,22.359,a,S1 obj,6,co2a0000375,0.796875
1752,8,FZ,205,22.359,a,S1 obj,6,co2a0000375,0.80078125
1753,8,FZ,206,21.383,a,S1 obj,6,co2a0000375,0.8046875
1754,8,FZ,207,20.406,a,S1 obj,6,co2a0000375,0.80859375
1755,8,FZ,208,20.406,a,S1 obj,6,co2a0000375,0.8125
1756,8,FZ,209,20.894,a,S1 obj,6,co2a0000375,0.81640625
1757,8,FZ,210,22.359,a,S1 obj,6,co2a0000375,0.8203125
1758,8,FZ,211,23.336,a,S1 obj,6,co2a0000375,0.82421875
1759,8,FZ,212,23.336,a,S1 obj,6,co2a0000375,0.828125
1760,8,FZ,213,22.847,a,S1 obj,6,co2a0000375,0.83203125
1761,8,FZ,214,22.359,a,S1 obj,6,co2a0000375,0.8359375
1762,8,FZ,215,21.871,a,S1 obj,6,co2a0000375,0.83984375
1763,8,FZ,216,20.894,a,S1 obj,6,co2a0000375,0.84375
1764,8,FZ,217,19.43,a,S1 obj,6,co2a0000375,0.84765625
1765,8,FZ,218,16.988,a,S1 obj,6,co2a0000375,0.8515625
1766,8,FZ,219,14.547,a,S1 obj,6,co2a0000375,0.85546875
1767,8,FZ,220,13.57,a,S1 obj,6,co2a0000375,0.859375
1768,8,FZ,221,14.058,a,S1 obj,6,co2a0000375,0.86328125
1769,8,FZ,222,16.5,a,S1 obj,6,co2a0000375,0.8671875
1770,8,FZ,223,17.965,a,S1 obj,6,co2a0000375,0.87109375
1771,8,FZ,224,18.453,a,S1 obj,6,co2a0000375,0.875
1772,8,FZ,225,16.5,a,S1 obj,6,co2a0000375,0.87890625
1773,8,FZ,226,14.058,a,S1 obj,6,co2a0000375,0.8828125
1774,8,FZ,227,13.082,a,S1 obj,6,co2a0000375,0.88671875
1775,8,FZ,228,14.058,a,S1 obj,6,co2a0000375,0.890625
1776,8,FZ,229,16.5,a,S1 obj,6,co2a0000375,0.89453125
1777,8,FZ,230,18.941,a,S1 obj,6,co2a0000375,0.8984375
1778,8,FZ,231,19.918,a,S1 obj,6,co2a0000375,0.90234375
1779,8,FZ,232,18.453,a,S1 obj,6,co2a0000375,0.90625
1780,8,FZ,233,16.5,a,S1 obj,6,co2a0000375,0.91015625
1781,8,FZ,234,15.523,a,S1 obj,6,co2a0000375,0.9140625
1782,8,FZ,235,16.988,a,S1 obj,6,co2a0000375,0.91796875
1783,8,FZ,236,20.406,a,S1 obj,6,co2a0000375,0.921875
1784,8,FZ,237,24.312,a,S1 obj,6,co2a0000375,0.92578125
1785,8,FZ,238,26.265,a,S1 obj,6,co2a0000375,0.9296875
1786,8,FZ,239,25.289,a,S1 obj,6,co2a0000375,0.93359375
1787,8,FZ,240,21.383,a,S1 obj,6,co2a0000375,0.9375
1788,8,FZ,241,16.988,a,S1 obj,6,co2a0000375,0.94140625
1789,8,FZ,242,13.082,a,S1 obj,6,co2a0000375,0.9453125
1790,8,FZ,243,11.617,a,S1 obj,6,co2a0000375,0.94921875
1791,8,FZ,244,12.105,a,S1 obj,6,co2a0000375,0.953125
1792,8,FZ,245,13.57,a,S1 obj,6,co2a0000375,0.95703125
1793,8,FZ,246,16.012,a,S1 obj,6,co2a0000375,0.9609375
1794,8,FZ,247,18.453,a,S1 obj,6,co2a0000375,0.96484375
1795,8,FZ,248,20.894,a,S1 obj,6,co2a0000375,0.96875
1796,8,FZ,249,22.847,a,S1 obj,6,co2a0000375,0.97265625
1797,8,FZ,250,22.847,a,S1 obj,6,co2a0000375,0.9765625
1798,8,FZ,251,20.894,a,S1 obj,6,co2a0000375,0.98046875
1799,8,FZ,252,17.965,a,S1 obj,6,co2a0000375,0.984375
1800,8,FZ,253,15.035,a,S1 obj,6,co2a0000375,0.98828125
1801,8,FZ,254,13.57,a,S1 obj,6,co2a0000375,0.9921875
1802,8,FZ,255,14.058,a,S1 obj,6,co2a0000375,0.99609375
1804,8,F4,0,-0.468,a,S1 obj,7,co2a0000375,0.0
1805,8,F4,1,-0.468,a,S1 obj,7,co2a0000375,0.00390625
1806,8,F4,2,1.485,a,S1 obj,7,co2a0000375,0.0078125
1807,8,F4,3,4.415,a,S1 obj,7,co2a0000375,0.01171875
1808,8,F4,4,6.856,a,S1 obj,7,co2a0000375,0.015625
1809,8,F4,5,8.321,a,S1 obj,7,co2a0000375,0.01953125
1810,8,F4,6,8.321,a,S1 obj,7,co2a0000375,0.0234375
1811,8,F4,7,7.345,a,S1 obj,7,co2a0000375,0.02734375
1812,8,F4,8,5.88,a,S1 obj,7,co2a0000375,0.03125
1813,8,F4,9,3.927,a,S1 obj,7,co2a0000375,0.03515625
1814,8,F4,10,0.997,a,S1 obj,7,co2a0000375,0.0390625
1815,8,F4,11,-1.444,a,S1 obj,7,co2a0000375,0.04296875
1816,8,F4,12,-2.421,a,S1 obj,7,co2a0000375,0.046875
1817,8,F4,13,-0.956,a,S1 obj,7,co2a0000375,0.05078125
1818,8,F4,14,2.462,a,S1 obj,7,co2a0000375,0.0546875
1819,8,F4,15,6.368,a,S1 obj,7,co2a0000375,0.05859375
1820,8,F4,16,7.833,a,S1 obj,7,co2a0000375,0.0625
1821,8,F4,17,5.88,a,S1 obj,7,co2a0000375,0.06640625
1822,8,F4,18,2.462,a,S1 obj,7,co2a0000375,0.0703125
1823,8,F4,19,0.509,a,S1 obj,7,co2a0000375,0.07421875
1824,8,F4,20,1.973,a,S1 obj,7,co2a0000375,0.078125
1825,8,F4,21,6.368,a,S1 obj,7,co2a0000375,0.08203125
1826,8,F4,22,10.763,a,S1 obj,7,co2a0000375,0.0859375
1827,8,F4,23,13.204,a,S1 obj,7,co2a0000375,0.08984375
1828,8,F4,24,13.692,a,S1 obj,7,co2a0000375,0.09375
1829,8,F4,25,13.692,a,S1 obj,7,co2a0000375,0.09765625
1830,8,F4,26,14.181,a,S1 obj,7,co2a0000375,0.1015625
1831,8,F4,27,15.645,a,S1 obj,7,co2a0000375,0.10546875
1832,8,F4,28,16.134,a,S1 obj,7,co2a0000375,0.109375
1833,8,F4,29,13.692,a,S1 obj,7,co2a0000375,0.11328125
1834,8,F4,30,8.321,a,S1 obj,7,co2a0000375,0.1171875
1835,8,F4,31,2.95,a,S1 obj,7,co2a0000375,0.12109375
1836,8,F4,32,0.02,a,S1 obj,7,co2a0000375,0.125
1837,8,F4,33,1.485,a,S1 obj,7,co2a0000375,0.12890625
1838,8,F4,34,6.368,a,S1 obj,7,co2a0000375,0.1328125
1839,8,F4,35,11.251,a,S1 obj,7,co2a0000375,0.13671875
1840,8,F4,36,14.181,a,S1 obj,7,co2a0000375,0.140625
1841,8,F4,37,14.181,a,S1 obj,7,co2a0000375,0.14453125
1842,8,F4,38,11.251,a,S1 obj,7,co2a0000375,0.1484375
1843,8,F4,39,8.321,a,S1 obj,7,co2a0000375,0.15234375
1844,8,F4,40,6.368,a,S1 obj,7,co2a0000375,0.15625
1845,8,F4,41,6.856,a,S1 obj,7,co2a0000375,0.16015625
1846,8,F4,42,8.809,a,S1 obj,7,co2a0000375,0.1640625
1847,8,F4,43,11.251,a,S1 obj,7,co2a0000375,0.16796875
1848,8,F4,44,13.204,a,S1 obj,7,co2a0000375,0.171875
1849,8,F4,45,14.181,a,S1 obj,7,co2a0000375,0.17578125
1850,8,F4,46,12.716,a,S1 obj,7,co2a0000375,0.1796875
1851,8,F4,47,9.298,a,S1 obj,7,co2a0000375,0.18359375
1852,8,F4,48,4.903,a,S1 obj,7,co2a0000375,0.1875
1853,8,F4,49,1.973,a,S1 obj,7,co2a0000375,0.19140625
1854,8,F4,50,1.973,a,S1 obj,7,co2a0000375,0.1953125
1855,8,F4,51,4.415,a,S1 obj,7,co2a0000375,0.19921875
1856,8,F4,52,7.833,a,S1 obj,7,co2a0000375,0.203125
1857,8,F4,53,10.274,a,S1 obj,7,co2a0000375,0.20703125
1858,8,F4,54,10.763,a,S1 obj,7,co2a0000375,0.2109375
1859,8,F4,55,9.298,a,S1 obj,7,co2a0000375,0.21484375
1860,8,F4,56,7.833,a,S1 obj,7,co2a0000375,0.21875
1861,8,F4,57,8.809,a,S1 obj,7,co2a0000375,0.22265625
1862,8,F4,58,12.227,a,S1 obj,7,co2a0000375,0.2265625
1863,8,F4,59,16.134,a,S1 obj,7,co2a0000375,0.23046875
1864,8,F4,60,19.552,a,S1 obj,7,co2a0000375,0.234375
1865,8,F4,61,20.528,a,S1 obj,7,co2a0000375,0.23828125
1866,8,F4,62,19.552,a,S1 obj,7,co2a0000375,0.2421875
1867,8,F4,63,18.575,a,S1 obj,7,co2a0000375,0.24609375
1868,8,F4,64,18.575,a,S1 obj,7,co2a0000375,0.25
1869,8,F4,65,19.552,a,S1 obj,7,co2a0000375,0.25390625
1870,8,F4,66,20.04,a,S1 obj,7,co2a0000375,0.2578125
1871,8,F4,67,20.04,a,S1 obj,7,co2a0000375,0.26171875
1872,8,F4,68,19.063,a,S1 obj,7,co2a0000375,0.265625
1873,8,F4,69,18.087,a,S1 obj,7,co2a0000375,0.26953125
1874,8,F4,70,17.598,a,S1 obj,7,co2a0000375,0.2734375
1875,8,F4,71,17.598,a,S1 obj,7,co2a0000375,0.27734375
1876,8,F4,72,17.11,a,S1 obj,7,co2a0000375,0.28125
1877,8,F4,73,15.645,a,S1 obj,7,co2a0000375,0.28515625
1878,8,F4,74,13.692,a,S1 obj,7,co2a0000375,0.2890625
1879,8,F4,75,11.739,a,S1 obj,7,co2a0000375,0.29296875
1880,8,F4,76,11.251,a,S1 obj,7,co2a0000375,0.296875
1881,8,F4,77,12.716,a,S1 obj,7,co2a0000375,0.30078125
1882,8,F4,78,14.669,a,S1 obj,7,co2a0000375,0.3046875
1883,8,F4,79,16.622,a,S1 obj,7,co2a0000375,0.30859375
1884,8,F4,80,17.598,a,S1 obj,7,co2a0000375,0.3125
1885,8,F4,81,18.087,a,S1 obj,7,co2a0000375,0.31640625
1886,8,F4,82,17.598,a,S1 obj,7,co2a0000375,0.3203125
1887,8,F4,83,16.622,a,S1 obj,7,co2a0000375,0.32421875
1888,8,F4,84,15.157,a,S1 obj,7,co2a0000375,0.328125
1889,8,F4,85,14.181,a,S1 obj,7,co2a0000375,0.33203125
1890,8,F4,86,13.204,a,S1 obj,7,co2a0000375,0.3359375
1891,8,F4,87,13.204,a,S1 obj,7,co2a0000375,0.33984375
1892,8,F4,88,13.204,a,S1 obj,7,co2a0000375,0.34375
1893,8,F4,89,12.716,a,S1 obj,7,co2a0000375,0.34765625
1894,8,F4,90,11.251,a,S1 obj,7,co2a0000375,0.3515625
1895,8,F4,91,9.786,a,S1 obj,7,co2a0000375,0.35546875
1896,8,F4,92,8.321,a,S1 obj,7,co2a0000375,0.359375
1897,8,F4,93,7.345,a,S1 obj,7,co2a0000375,0.36328125
1898,8,F4,94,7.345,a,S1 obj,7,co2a0000375,0.3671875
1899,8,F4,95,6.368,a,S1 obj,7,co2a0000375,0.37109375
1900,8,F4,96,4.903,a,S1 obj,7,co2a0000375,0.375
1901,8,F4,97,2.95,a,S1 obj,7,co2a0000375,0.37890625
1902,8,F4,98,1.973,a,S1 obj,7,co2a0000375,0.3828125
1903,8,F4,99,2.462,a,S1 obj,7,co2a0000375,0.38671875
1904,8,F4,100,3.927,a,S1 obj,7,co2a0000375,0.390625
1905,8,F4,101,5.88,a,S1 obj,7,co2a0000375,0.39453125
1906,8,F4,102,7.345,a,S1 obj,7,co2a0000375,0.3984375
1907,8,F4,103,7.833,a,S1 obj,7,co2a0000375,0.40234375
1908,8,F4,104,7.833,a,S1 obj,7,co2a0000375,0.40625
1909,8,F4,105,7.345,a,S1 obj,7,co2a0000375,0.41015625
1910,8,F4,106,6.856,a,S1 obj,7,co2a0000375,0.4140625
1911,8,F4,107,7.345,a,S1 obj,7,co2a0000375,0.41796875
1912,8,F4,108,7.833,a,S1 obj,7,co2a0000375,0.421875
1913,8,F4,109,7.345,a,S1 obj,7,co2a0000375,0.42578125
1914,8,F4,110,5.88,a,S1 obj,7,co2a0000375,0.4296875
1915,8,F4,111,4.415,a,S1 obj,7,co2a0000375,0.43359375
1916,8,F4,112,2.462,a,S1 obj,7,co2a0000375,0.4375
1917,8,F4,113,0.997,a,S1 obj,7,co2a0000375,0.44140625
1918,8,F4,114,0.997,a,S1 obj,7,co2a0000375,0.4453125
1919,8,F4,115,0.997,a,S1 obj,7,co2a0000375,0.44921875
1920,8,F4,116,0.997,a,S1 obj,7,co2a0000375,0.453125
1921,8,F4,117,0.02,a,S1 obj,7,co2a0000375,0.45703125
1922,8,F4,118,-0.956,a,S1 obj,7,co2a0000375,0.4609375
1923,8,F4,119,-1.933,a,S1 obj,7,co2a0000375,0.46484375
1924,8,F4,120,-1.933,a,S1 obj,7,co2a0000375,0.46875
1925,8,F4,121,-1.933,a,S1 obj,7,co2a0000375,0.47265625
1926,8,F4,122,-0.956,a,S1 obj,7,co2a0000375,0.4765625
1927,8,F4,123,0.02,a,S1 obj,7,co2a0000375,0.48046875
1928,8,F4,124,0.509,a,S1 obj,7,co2a0000375,0.484375
1929,8,F4,125,0.997,a,S1 obj,7,co2a0000375,0.48828125
1930,8,F4,126,1.485,a,S1 obj,7,co2a0000375,0.4921875
1931,8,F4,127,2.462,a,S1 obj,7,co2a0000375,0.49609375
1932,8,F4,128,4.415,a,S1 obj,7,co2a0000375,0.5
1933,8,F4,129,5.88,a,S1 obj,7,co2a0000375,0.50390625
1934,8,F4,130,7.345,a,S1 obj,7,co2a0000375,0.5078125
1935,8,F4,131,7.833,a,S1 obj,7,co2a0000375,0.51171875
1936,8,F4,132,7.833,a,S1 obj,7,co2a0000375,0.515625
1937,8,F4,133,6.856,a,S1 obj,7,co2a0000375,0.51953125
1938,8,F4,134,5.391,a,S1 obj,7,co2a0000375,0.5234375
1939,8,F4,135,2.95,a,S1 obj,7,co2a0000375,0.52734375
1940,8,F4,136,0.997,a,S1 obj,7,co2a0000375,0.53125
1941,8,F4,137,0.02,a,S1 obj,7,co2a0000375,0.53515625
1942,8,F4,138,0.509,a,S1 obj,7,co2a0000375,0.5390625
1943,8,F4,139,1.973,a,S1 obj,7,co2a0000375,0.54296875
1944,8,F4,140,2.95,a,S1 obj,7,co2a0000375,0.546875
1945,8,F4,141,2.95,a,S1 obj,7,co2a0000375,0.55078125
1946,8,F4,142,1.973,a,S1 obj,7,co2a0000375,0.5546875
1947,8,F4,143,1.973,a,S1 obj,7,co2a0000375,0.55859375
1948,8,F4,144,3.927,a,S1 obj,7,co2a0000375,0.5625
1949,8,F4,145,7.345,a,S1 obj,7,co2a0000375,0.56640625
1950,8,F4,146,11.251,a,S1 obj,7,co2a0000375,0.5703125
1951,8,F4,147,13.204,a,S1 obj,7,co2a0000375,0.57421875
1952,8,F4,148,14.181,a,S1 obj,7,co2a0000375,0.578125
1953,8,F4,149,12.716,a,S1 obj,7,co2a0000375,0.58203125
1954,8,F4,150,11.251,a,S1 obj,7,co2a0000375,0.5859375
1955,8,F4,151,10.274,a,S1 obj,7,co2a0000375,0.58984375
1956,8,F4,152,9.786,a,S1 obj,7,co2a0000375,0.59375
1957,8,F4,153,9.786,a,S1 obj,7,co2a0000375,0.59765625
1958,8,F4,154,9.786,a,S1 obj,7,co2a0000375,0.6015625
1959,8,F4,155,9.298,a,S1 obj,7,co2a0000375,0.60546875
1960,8,F4,156,8.809,a,S1 obj,7,co2a0000375,0.609375
1961,8,F4,157,9.298,a,S1 obj,7,co2a0000375,0.61328125
1962,8,F4,158,9.298,a,S1 obj,7,co2a0000375,0.6171875
1963,8,F4,159,9.298,a,S1 obj,7,co2a0000375,0.62109375
1964,8,F4,160,8.809,a,S1 obj,7,co2a0000375,0.625
1965,8,F4,161,7.833,a,S1 obj,7,co2a0000375,0.62890625
1966,8,F4,162,6.856,a,S1 obj,7,co2a0000375,0.6328125
1967,8,F4,163,5.88,a,S1 obj,7,co2a0000375,0.63671875
1968,8,F4,164,4.903,a,S1 obj,7,co2a0000375,0.640625
1969,8,F4,165,5.88,a,S1 obj,7,co2a0000375,0.64453125
1970,8,F4,166,7.833,a,S1 obj,7,co2a0000375,0.6484375
1971,8,F4,167,11.739,a,S1 obj,7,co2a0000375,0.65234375
1972,8,F4,168,16.134,a,S1 obj,7,co2a0000375,0.65625
1973,8,F4,169,20.04,a,S1 obj,7,co2a0000375,0.66015625
1974,8,F4,170,20.528,a,S1 obj,7,co2a0000375,0.6640625
1975,8,F4,171,17.598,a,S1 obj,7,co2a0000375,0.66796875
1976,8,F4,172,12.716,a,S1 obj,7,co2a0000375,0.671875
1977,8,F4,173,9.298,a,S1 obj,7,co2a0000375,0.67578125
1978,8,F4,174,9.298,a,S1 obj,7,co2a0000375,0.6796875
1979,8,F4,175,12.227,a,S1 obj,7,co2a0000375,0.68359375
1980,8,F4,176,15.157,a,S1 obj,7,co2a0000375,0.6875
1981,8,F4,177,15.645,a,S1 obj,7,co2a0000375,0.69140625
1982,8,F4,178,13.204,a,S1 obj,7,co2a0000375,0.6953125
1983,8,F4,179,10.274,a,S1 obj,7,co2a0000375,0.69921875
1984,8,F4,180,8.809,a,S1 obj,7,co2a0000375,0.703125
1985,8,F4,181,10.763,a,S1 obj,7,co2a0000375,0.70703125
1986,8,F4,182,14.669,a,S1 obj,7,co2a0000375,0.7109375
1987,8,F4,183,18.087,a,S1 obj,7,co2a0000375,0.71484375
1988,8,F4,184,19.063,a,S1 obj,7,co2a0000375,0.71875
1989,8,F4,185,17.598,a,S1 obj,7,co2a0000375,0.72265625
1990,8,F4,186,15.645,a,S1 obj,7,co2a0000375,0.7265625
1991,8,F4,187,16.134,a,S1 obj,7,co2a0000375,0.73046875
1992,8,F4,188,17.598,a,S1 obj,7,co2a0000375,0.734375
1993,8,F4,189,20.04,a,S1 obj,7,co2a0000375,0.73828125
1994,8,F4,190,21.993,a,S1 obj,7,co2a0000375,0.7421875
1995,8,F4,191,22.481,a,S1 obj,7,co2a0000375,0.74609375
1996,8,F4,192,21.993,a,S1 obj,7,co2a0000375,0.75
1997,8,F4,193,20.528,a,S1 obj,7,co2a0000375,0.75390625
1998,8,F4,194,20.04,a,S1 obj,7,co2a0000375,0.7578125
1999,8,F4,195,19.552,a,S1 obj,7,co2a0000375,0.76171875
2000,8,F4,196,19.552,a,S1 obj,7,co2a0000375,0.765625
2001,8,F4,197,20.528,a,S1 obj,7,co2a0000375,0.76953125
2002,8,F4,198,20.528,a,S1 obj,7,co2a0000375,0.7734375
2003,8,F4,199,21.016,a,S1 obj,7,co2a0000375,0.77734375
2004,8,F4,200,21.016,a,S1 obj,7,co2a0000375,0.78125
2005,8,F4,201,21.505,a,S1 obj,7,co2a0000375,0.78515625
2006,8,F4,202,22.97,a,S1 obj,7,co2a0000375,0.7890625
2007,8,F4,203,23.946,a,S1 obj,7,co2a0000375,0.79296875
2008,8,F4,204,24.434,a,S1 obj,7,co2a0000375,0.796875
2009,8,F4,205,23.458,a,S1 obj,7,co2a0000375,0.80078125
2010,8,F4,206,22.481,a,S1 obj,7,co2a0000375,0.8046875
2011,8,F4,207,21.993,a,S1 obj,7,co2a0000375,0.80859375
2012,8,F4,208,21.993,a,S1 obj,7,co2a0000375,0.8125
2013,8,F4,209,22.481,a,S1 obj,7,co2a0000375,0.81640625
2014,8,F4,210,22.97,a,S1 obj,7,co2a0000375,0.8203125
2015,8,F4,211,23.946,a,S1 obj,7,co2a0000375,0.82421875
2016,8,F4,212,24.434,a,S1 obj,7,co2a0000375,0.828125
2017,8,F4,213,25.411,a,S1 obj,7,co2a0000375,0.83203125
2018,8,F4,214,26.388,a,S1 obj,7,co2a0000375,0.8359375
2019,8,F4,215,26.388,a,S1 obj,7,co2a0000375,0.83984375
2020,8,F4,216,24.434,a,S1 obj,7,co2a0000375,0.84375
2021,8,F4,217,21.016,a,S1 obj,7,co2a0000375,0.84765625
2022,8,F4,218,16.622,a,S1 obj,7,co2a0000375,0.8515625
2023,8,F4,219,14.669,a,S1 obj,7,co2a0000375,0.85546875
2024,8,F4,220,14.669,a,S1 obj,7,co2a0000375,0.859375
2025,8,F4,221,16.622,a,S1 obj,7,co2a0000375,0.86328125
2026,8,F4,222,19.063,a,S1 obj,7,co2a0000375,0.8671875
2027,8,F4,223,20.04,a,S1 obj,7,co2a0000375,0.87109375
2028,8,F4,224,20.04,a,S1 obj,7,co2a0000375,0.875
2029,8,F4,225,18.575,a,S1 obj,7,co2a0000375,0.87890625
2030,8,F4,226,17.11,a,S1 obj,7,co2a0000375,0.8828125
2031,8,F4,227,16.622,a,S1 obj,7,co2a0000375,0.88671875
2032,8,F4,228,16.622,a,S1 obj,7,co2a0000375,0.890625
2033,8,F4,229,18.087,a,S1 obj,7,co2a0000375,0.89453125
2034,8,F4,230,19.552,a,S1 obj,7,co2a0000375,0.8984375
2035,8,F4,231,21.016,a,S1 obj,7,co2a0000375,0.90234375
2036,8,F4,232,21.505,a,S1 obj,7,co2a0000375,0.90625
2037,8,F4,233,20.04,a,S1 obj,7,co2a0000375,0.91015625
2038,8,F4,234,18.087,a,S1 obj,7,co2a0000375,0.9140625
2039,8,F4,235,17.598,a,S1 obj,7,co2a0000375,0.91796875
2040,8,F4,236,20.528,a,S1 obj,7,co2a0000375,0.921875
2041,8,F4,237,25.411,a,S1 obj,7,co2a0000375,0.92578125
2042,8,F4,238,28.829,a,S1 obj,7,co2a0000375,0.9296875
2043,8,F4,239,28.829,a,S1 obj,7,co2a0000375,0.93359375
2044,8,F4,240,24.434,a,S1 obj,7,co2a0000375,0.9375
2045,8,F4,241,18.575,a,S1 obj,7,co2a0000375,0.94140625
2046,8,F4,242,13.692,a,S1 obj,7,co2a0000375,0.9453125
2047,8,F4,243,12.227,a,S1 obj,7,co2a0000375,0.94921875
2048,8,F4,244,13.204,a,S1 obj,7,co2a0000375,0.953125
2049,8,F4,245,14.669,a,S1 obj,7,co2a0000375,0.95703125
2050,8,F4,246,15.157,a,S1 obj,7,co2a0000375,0.9609375
2051,8,F4,247,16.134,a,S1 obj,7,co2a0000375,0.96484375
2052,8,F4,248,17.11,a,S1 obj,7,co2a0000375,0.96875
2053,8,F4,249,19.063,a,S1 obj,7,co2a0000375,0.97265625
2054,8,F4,250,20.04,a,S1 obj,7,co2a0000375,0.9765625
2055,8,F4,251,18.575,a,S1 obj,7,co2a0000375,0.98046875
2056,8,F4,252,14.669,a,S1 obj,7,co2a0000375,0.984375
2057,8,F4,253,11.251,a,S1 obj,7,co2a0000375,0.98828125
2058,8,F4,254,9.786,a,S1 obj,7,co2a0000375,0.9921875
2059,8,F4,255,12.227,a,S1 obj,7,co2a0000375,0.99609375
2061,8,F3,0,4.506,a,S1 obj,8,co2a0000375,0.0
2062,8,F3,1,6.46,a,S1 obj,8,co2a0000375,0.00390625
2063,8,F3,2,8.901,a,S1 obj,8,co2a0000375,0.0078125
2064,8,F3,3,11.831,a,S1 obj,8,co2a0000375,0.01171875
2065,8,F3,4,13.784,a,S1 obj,8,co2a0000375,0.015625
2066,8,F3,5,13.784,a,S1 obj,8,co2a0000375,0.01953125
2067,8,F3,6,13.295,a,S1 obj,8,co2a0000375,0.0234375
2068,8,F3,7,11.831,a,S1 obj,8,co2a0000375,0.02734375
2069,8,F3,8,10.366,a,S1 obj,8,co2a0000375,0.03125
2070,8,F3,9,7.924,a,S1 obj,8,co2a0000375,0.03515625
2071,8,F3,10,4.506,a,S1 obj,8,co2a0000375,0.0390625
2072,8,F3,11,0.6,a,S1 obj,8,co2a0000375,0.04296875
2073,8,F3,12,-1.353,a,S1 obj,8,co2a0000375,0.046875
2074,8,F3,13,-1.841,a,S1 obj,8,co2a0000375,0.05078125
2075,8,F3,14,0.112,a,S1 obj,8,co2a0000375,0.0546875
2076,8,F3,15,3.042,a,S1 obj,8,co2a0000375,0.05859375
2077,8,F3,16,4.506,a,S1 obj,8,co2a0000375,0.0625
2078,8,F3,17,4.506,a,S1 obj,8,co2a0000375,0.06640625
2079,8,F3,18,4.018,a,S1 obj,8,co2a0000375,0.0703125
2080,8,F3,19,4.018,a,S1 obj,8,co2a0000375,0.07421875
2081,8,F3,20,6.948,a,S1 obj,8,co2a0000375,0.078125
2082,8,F3,21,10.366,a,S1 obj,8,co2a0000375,0.08203125
2083,8,F3,22,13.784,a,S1 obj,8,co2a0000375,0.0859375
2084,8,F3,23,14.76,a,S1 obj,8,co2a0000375,0.08984375
2085,8,F3,24,14.272,a,S1 obj,8,co2a0000375,0.09375
2086,8,F3,25,13.295,a,S1 obj,8,co2a0000375,0.09765625
2087,8,F3,26,13.295,a,S1 obj,8,co2a0000375,0.1015625
2088,8,F3,27,13.784,a,S1 obj,8,co2a0000375,0.10546875
2089,8,F3,28,14.272,a,S1 obj,8,co2a0000375,0.109375
2090,8,F3,29,13.784,a,S1 obj,8,co2a0000375,0.11328125
2091,8,F3,30,10.366,a,S1 obj,8,co2a0000375,0.1171875
2092,8,F3,31,5.483,a,S1 obj,8,co2a0000375,0.12109375
2093,8,F3,32,1.088,a,S1 obj,8,co2a0000375,0.125
2094,8,F3,33,-0.865,a,S1 obj,8,co2a0000375,0.12890625
2095,8,F3,34,0.112,a,S1 obj,8,co2a0000375,0.1328125
2096,8,F3,35,3.53,a,S1 obj,8,co2a0000375,0.13671875
2097,8,F3,36,6.948,a,S1 obj,8,co2a0000375,0.140625
2098,8,F3,37,8.901,a,S1 obj,8,co2a0000375,0.14453125
2099,8,F3,38,8.413,a,S1 obj,8,co2a0000375,0.1484375
2100,8,F3,39,6.948,a,S1 obj,8,co2a0000375,0.15234375
2101,8,F3,40,5.483,a,S1 obj,8,co2a0000375,0.15625
2102,8,F3,41,6.46,a,S1 obj,8,co2a0000375,0.16015625
2103,8,F3,42,8.901,a,S1 obj,8,co2a0000375,0.1640625
2104,8,F3,43,12.319,a,S1 obj,8,co2a0000375,0.16796875
2105,8,F3,44,14.272,a,S1 obj,8,co2a0000375,0.171875
2106,8,F3,45,14.272,a,S1 obj,8,co2a0000375,0.17578125
2107,8,F3,46,12.319,a,S1 obj,8,co2a0000375,0.1796875
2108,8,F3,47,9.389,a,S1 obj,8,co2a0000375,0.18359375
2109,8,F3,48,6.948,a,S1 obj,8,co2a0000375,0.1875
2110,8,F3,49,4.995,a,S1 obj,8,co2a0000375,0.19140625
2111,8,F3,50,4.506,a,S1 obj,8,co2a0000375,0.1953125
2112,8,F3,51,4.506,a,S1 obj,8,co2a0000375,0.19921875
2113,8,F3,52,4.506,a,S1 obj,8,co2a0000375,0.203125
2114,8,F3,53,4.506,a,S1 obj,8,co2a0000375,0.20703125
2115,8,F3,54,4.506,a,S1 obj,8,co2a0000375,0.2109375
2116,8,F3,55,4.995,a,S1 obj,8,co2a0000375,0.21484375
2117,8,F3,56,4.995,a,S1 obj,8,co2a0000375,0.21875
2118,8,F3,57,5.971,a,S1 obj,8,co2a0000375,0.22265625
2119,8,F3,58,6.948,a,S1 obj,8,co2a0000375,0.2265625
2120,8,F3,59,8.413,a,S1 obj,8,co2a0000375,0.23046875
2121,8,F3,60,10.366,a,S1 obj,8,co2a0000375,0.234375
2122,8,F3,61,11.831,a,S1 obj,8,co2a0000375,0.23828125
2123,8,F3,62,12.807,a,S1 obj,8,co2a0000375,0.2421875
2124,8,F3,63,13.295,a,S1 obj,8,co2a0000375,0.24609375
2125,8,F3,64,12.807,a,S1 obj,8,co2a0000375,0.25
2126,8,F3,65,11.831,a,S1 obj,8,co2a0000375,0.25390625
2127,8,F3,66,10.366,a,S1 obj,8,co2a0000375,0.2578125
2128,8,F3,67,8.413,a,S1 obj,8,co2a0000375,0.26171875
2129,8,F3,68,6.46,a,S1 obj,8,co2a0000375,0.265625
2130,8,F3,69,4.506,a,S1 obj,8,co2a0000375,0.26953125
2131,8,F3,70,4.506,a,S1 obj,8,co2a0000375,0.2734375
2132,8,F3,71,5.483,a,S1 obj,8,co2a0000375,0.27734375
2133,8,F3,72,6.948,a,S1 obj,8,co2a0000375,0.28125
2134,8,F3,73,8.413,a,S1 obj,8,co2a0000375,0.28515625
2135,8,F3,74,8.413,a,S1 obj,8,co2a0000375,0.2890625
2136,8,F3,75,6.948,a,S1 obj,8,co2a0000375,0.29296875
2137,8,F3,76,4.506,a,S1 obj,8,co2a0000375,0.296875
2138,8,F3,77,2.553,a,S1 obj,8,co2a0000375,0.30078125
2139,8,F3,78,1.577,a,S1 obj,8,co2a0000375,0.3046875
2140,8,F3,79,2.065,a,S1 obj,8,co2a0000375,0.30859375
2141,8,F3,80,3.042,a,S1 obj,8,co2a0000375,0.3125
2142,8,F3,81,4.995,a,S1 obj,8,co2a0000375,0.31640625
2143,8,F3,82,5.971,a,S1 obj,8,co2a0000375,0.3203125
2144,8,F3,83,6.948,a,S1 obj,8,co2a0000375,0.32421875
2145,8,F3,84,7.924,a,S1 obj,8,co2a0000375,0.328125
2146,8,F3,85,7.436,a,S1 obj,8,co2a0000375,0.33203125
2147,8,F3,86,6.948,a,S1 obj,8,co2a0000375,0.3359375
2148,8,F3,87,4.995,a,S1 obj,8,co2a0000375,0.33984375
2149,8,F3,88,3.042,a,S1 obj,8,co2a0000375,0.34375
2150,8,F3,89,1.577,a,S1 obj,8,co2a0000375,0.34765625
2151,8,F3,90,1.088,a,S1 obj,8,co2a0000375,0.3515625
2152,8,F3,91,1.577,a,S1 obj,8,co2a0000375,0.35546875
2153,8,F3,92,2.553,a,S1 obj,8,co2a0000375,0.359375
2154,8,F3,93,3.53,a,S1 obj,8,co2a0000375,0.36328125
2155,8,F3,94,3.042,a,S1 obj,8,co2a0000375,0.3671875
2156,8,F3,95,2.065,a,S1 obj,8,co2a0000375,0.37109375
2157,8,F3,96,0.112,a,S1 obj,8,co2a0000375,0.375
2158,8,F3,97,-1.841,a,S1 obj,8,co2a0000375,0.37890625
2159,8,F3,98,-2.818,a,S1 obj,8,co2a0000375,0.3828125
2160,8,F3,99,-2.33,a,S1 obj,8,co2a0000375,0.38671875
2161,8,F3,100,-0.865,a,S1 obj,8,co2a0000375,0.390625
2162,8,F3,101,1.088,a,S1 obj,8,co2a0000375,0.39453125
2163,8,F3,102,4.018,a,S1 obj,8,co2a0000375,0.3984375
2164,8,F3,103,5.971,a,S1 obj,8,co2a0000375,0.40234375
2165,8,F3,104,5.971,a,S1 obj,8,co2a0000375,0.40625
2166,8,F3,105,4.995,a,S1 obj,8,co2a0000375,0.41015625
2167,8,F3,106,2.553,a,S1 obj,8,co2a0000375,0.4140625
2168,8,F3,107,0.6,a,S1 obj,8,co2a0000375,0.41796875
2169,8,F3,108,-0.865,a,S1 obj,8,co2a0000375,0.421875
2170,8,F3,109,0.112,a,S1 obj,8,co2a0000375,0.42578125
2171,8,F3,110,1.088,a,S1 obj,8,co2a0000375,0.4296875
2172,8,F3,111,1.577,a,S1 obj,8,co2a0000375,0.43359375
2173,8,F3,112,0.112,a,S1 obj,8,co2a0000375,0.4375
2174,8,F3,113,-1.353,a,S1 obj,8,co2a0000375,0.44140625
2175,8,F3,114,-2.33,a,S1 obj,8,co2a0000375,0.4453125
2176,8,F3,115,-1.353,a,S1 obj,8,co2a0000375,0.44921875
2177,8,F3,116,0.112,a,S1 obj,8,co2a0000375,0.453125
2178,8,F3,117,0.6,a,S1 obj,8,co2a0000375,0.45703125
2179,8,F3,118,-1.353,a,S1 obj,8,co2a0000375,0.4609375
2180,8,F3,119,-4.283,a,S1 obj,8,co2a0000375,0.46484375
2181,8,F3,120,-7.212,a,S1 obj,8,co2a0000375,0.46875
2182,8,F3,121,-7.701,a,S1 obj,8,co2a0000375,0.47265625
2183,8,F3,122,-6.724,a,S1 obj,8,co2a0000375,0.4765625
2184,8,F3,123,-4.771,a,S1 obj,8,co2a0000375,0.48046875
2185,8,F3,124,-2.818,a,S1 obj,8,co2a0000375,0.484375
2186,8,F3,125,-1.841,a,S1 obj,8,co2a0000375,0.48828125
2187,8,F3,126,-0.865,a,S1 obj,8,co2a0000375,0.4921875
2188,8,F3,127,0.112,a,S1 obj,8,co2a0000375,0.49609375
2189,8,F3,128,1.577,a,S1 obj,8,co2a0000375,0.5
2190,8,F3,129,2.065,a,S1 obj,8,co2a0000375,0.50390625
2191,8,F3,130,1.088,a,S1 obj,8,co2a0000375,0.5078125
2192,8,F3,131,-0.376,a,S1 obj,8,co2a0000375,0.51171875
2193,8,F3,132,-1.841,a,S1 obj,8,co2a0000375,0.515625
2194,8,F3,133,-2.818,a,S1 obj,8,co2a0000375,0.51953125
2195,8,F3,134,-3.306,a,S1 obj,8,co2a0000375,0.5234375
2196,8,F3,135,-3.794,a,S1 obj,8,co2a0000375,0.52734375
2197,8,F3,136,-4.283,a,S1 obj,8,co2a0000375,0.53125
2198,8,F3,137,-4.771,a,S1 obj,8,co2a0000375,0.53515625
2199,8,F3,138,-3.794,a,S1 obj,8,co2a0000375,0.5390625
2200,8,F3,139,-1.841,a,S1 obj,8,co2a0000375,0.54296875
2201,8,F3,140,0.112,a,S1 obj,8,co2a0000375,0.546875
2202,8,F3,141,0.6,a,S1 obj,8,co2a0000375,0.55078125
2203,8,F3,142,-1.353,a,S1 obj,8,co2a0000375,0.5546875
2204,8,F3,143,-2.818,a,S1 obj,8,co2a0000375,0.55859375
2205,8,F3,144,-1.841,a,S1 obj,8,co2a0000375,0.5625
2206,8,F3,145,1.577,a,S1 obj,8,co2a0000375,0.56640625
2207,8,F3,146,7.436,a,S1 obj,8,co2a0000375,0.5703125
2208,8,F3,147,11.831,a,S1 obj,8,co2a0000375,0.57421875
2209,8,F3,148,12.807,a,S1 obj,8,co2a0000375,0.578125
2210,8,F3,149,10.366,a,S1 obj,8,co2a0000375,0.58203125
2211,8,F3,150,7.924,a,S1 obj,8,co2a0000375,0.5859375
2212,8,F3,151,5.971,a,S1 obj,8,co2a0000375,0.58984375
2213,8,F3,152,5.483,a,S1 obj,8,co2a0000375,0.59375
2214,8,F3,153,5.971,a,S1 obj,8,co2a0000375,0.59765625
2215,8,F3,154,5.483,a,S1 obj,8,co2a0000375,0.6015625
2216,8,F3,155,3.53,a,S1 obj,8,co2a0000375,0.60546875
2217,8,F3,156,2.065,a,S1 obj,8,co2a0000375,0.609375
2218,8,F3,157,1.577,a,S1 obj,8,co2a0000375,0.61328125
2219,8,F3,158,2.065,a,S1 obj,8,co2a0000375,0.6171875
2220,8,F3,159,2.553,a,S1 obj,8,co2a0000375,0.62109375
2221,8,F3,160,2.065,a,S1 obj,8,co2a0000375,0.625
2222,8,F3,161,1.088,a,S1 obj,8,co2a0000375,0.62890625
2223,8,F3,162,-0.376,a,S1 obj,8,co2a0000375,0.6328125
2224,8,F3,163,-0.376,a,S1 obj,8,co2a0000375,0.63671875
2225,8,F3,164,1.088,a,S1 obj,8,co2a0000375,0.640625
2226,8,F3,165,4.018,a,S1 obj,8,co2a0000375,0.64453125
2227,8,F3,166,6.948,a,S1 obj,8,co2a0000375,0.6484375
2228,8,F3,167,9.878,a,S1 obj,8,co2a0000375,0.65234375
2229,8,F3,168,11.342,a,S1 obj,8,co2a0000375,0.65625
2230,8,F3,169,11.831,a,S1 obj,8,co2a0000375,0.66015625
2231,8,F3,170,10.854,a,S1 obj,8,co2a0000375,0.6640625
2232,8,F3,171,8.901,a,S1 obj,8,co2a0000375,0.66796875
2233,8,F3,172,6.948,a,S1 obj,8,co2a0000375,0.671875
2234,8,F3,173,5.971,a,S1 obj,8,co2a0000375,0.67578125
2235,8,F3,174,6.46,a,S1 obj,8,co2a0000375,0.6796875
2236,8,F3,175,7.924,a,S1 obj,8,co2a0000375,0.68359375
2237,8,F3,176,9.878,a,S1 obj,8,co2a0000375,0.6875
2238,8,F3,177,9.878,a,S1 obj,8,co2a0000375,0.69140625
2239,8,F3,178,8.901,a,S1 obj,8,co2a0000375,0.6953125
2240,8,F3,179,8.413,a,S1 obj,8,co2a0000375,0.69921875
2241,8,F3,180,8.413,a,S1 obj,8,co2a0000375,0.703125
2242,8,F3,181,9.878,a,S1 obj,8,co2a0000375,0.70703125
2243,8,F3,182,11.342,a,S1 obj,8,co2a0000375,0.7109375
2244,8,F3,183,11.831,a,S1 obj,8,co2a0000375,0.71484375
2245,8,F3,184,10.366,a,S1 obj,8,co2a0000375,0.71875
2246,8,F3,185,8.901,a,S1 obj,8,co2a0000375,0.72265625
2247,8,F3,186,7.924,a,S1 obj,8,co2a0000375,0.7265625
2248,8,F3,187,9.389,a,S1 obj,8,co2a0000375,0.73046875
2249,8,F3,188,12.807,a,S1 obj,8,co2a0000375,0.734375
2250,8,F3,189,16.713,a,S1 obj,8,co2a0000375,0.73828125
2251,8,F3,190,19.643,a,S1 obj,8,co2a0000375,0.7421875
2252,8,F3,191,21.596,a,S1 obj,8,co2a0000375,0.74609375
2253,8,F3,192,21.596,a,S1 obj,8,co2a0000375,0.75
2254,8,F3,193,21.108,a,S1 obj,8,co2a0000375,0.75390625
2255,8,F3,194,19.643,a,S1 obj,8,co2a0000375,0.7578125
2256,8,F3,195,18.667,a,S1 obj,8,co2a0000375,0.76171875
2257,8,F3,196,17.69,a,S1 obj,8,co2a0000375,0.765625
2258,8,F3,197,17.69,a,S1 obj,8,co2a0000375,0.76953125
2259,8,F3,198,18.178,a,S1 obj,8,co2a0000375,0.7734375
2260,8,F3,199,19.155,a,S1 obj,8,co2a0000375,0.77734375
2261,8,F3,200,20.62,a,S1 obj,8,co2a0000375,0.78125
2262,8,F3,201,22.085,a,S1 obj,8,co2a0000375,0.78515625
2263,8,F3,202,23.549,a,S1 obj,8,co2a0000375,0.7890625
2264,8,F3,203,25.014,a,S1 obj,8,co2a0000375,0.79296875
2265,8,F3,204,25.991,a,S1 obj,8,co2a0000375,0.796875
2266,8,F3,205,25.991,a,S1 obj,8,co2a0000375,0.80078125
2267,8,F3,206,24.526,a,S1 obj,8,co2a0000375,0.8046875
2268,8,F3,207,22.573,a,S1 obj,8,co2a0000375,0.80859375
2269,8,F3,208,22.085,a,S1 obj,8,co2a0000375,0.8125
2270,8,F3,209,23.061,a,S1 obj,8,co2a0000375,0.81640625
2271,8,F3,210,25.014,a,S1 obj,8,co2a0000375,0.8203125
2272,8,F3,211,27.456,a,S1 obj,8,co2a0000375,0.82421875
2273,8,F3,212,27.944,a,S1 obj,8,co2a0000375,0.828125
2274,8,F3,213,27.456,a,S1 obj,8,co2a0000375,0.83203125
2275,8,F3,214,26.967,a,S1 obj,8,co2a0000375,0.8359375
2276,8,F3,215,25.991,a,S1 obj,8,co2a0000375,0.83984375
2277,8,F3,216,25.503,a,S1 obj,8,co2a0000375,0.84375
2278,8,F3,217,24.526,a,S1 obj,8,co2a0000375,0.84765625
2279,8,F3,218,22.085,a,S1 obj,8,co2a0000375,0.8515625
2280,8,F3,219,19.155,a,S1 obj,8,co2a0000375,0.85546875
2281,8,F3,220,17.202,a,S1 obj,8,co2a0000375,0.859375
2282,8,F3,221,17.69,a,S1 obj,8,co2a0000375,0.86328125
2283,8,F3,222,19.643,a,S1 obj,8,co2a0000375,0.8671875
2284,8,F3,223,20.62,a,S1 obj,8,co2a0000375,0.87109375
2285,8,F3,224,19.643,a,S1 obj,8,co2a0000375,0.875
2286,8,F3,225,15.737,a,S1 obj,8,co2a0000375,0.87890625
2287,8,F3,226,12.807,a,S1 obj,8,co2a0000375,0.8828125
2288,8,F3,227,12.319,a,S1 obj,8,co2a0000375,0.88671875
2289,8,F3,228,15.249,a,S1 obj,8,co2a0000375,0.890625
2290,8,F3,229,19.643,a,S1 obj,8,co2a0000375,0.89453125
2291,8,F3,230,23.061,a,S1 obj,8,co2a0000375,0.8984375
2292,8,F3,231,23.061,a,S1 obj,8,co2a0000375,0.90234375
2293,8,F3,232,20.131,a,S1 obj,8,co2a0000375,0.90625
2294,8,F3,233,17.202,a,S1 obj,8,co2a0000375,0.91015625
2295,8,F3,234,15.737,a,S1 obj,8,co2a0000375,0.9140625
2296,8,F3,235,17.202,a,S1 obj,8,co2a0000375,0.91796875
2297,8,F3,236,21.596,a,S1 obj,8,co2a0000375,0.921875
2298,8,F3,237,25.014,a,S1 obj,8,co2a0000375,0.92578125
2299,8,F3,238,25.503,a,S1 obj,8,co2a0000375,0.9296875
2300,8,F3,239,23.061,a,S1 obj,8,co2a0000375,0.93359375
2301,8,F3,240,19.155,a,S1 obj,8,co2a0000375,0.9375
2302,8,F3,241,15.249,a,S1 obj,8,co2a0000375,0.94140625
2303,8,F3,242,13.295,a,S1 obj,8,co2a0000375,0.9453125
2304,8,F3,243,12.319,a,S1 obj,8,co2a0000375,0.94921875
2305,8,F3,244,12.807,a,S1 obj,8,co2a0000375,0.953125
2306,8,F3,245,13.295,a,S1 obj,8,co2a0000375,0.95703125
2307,8,F3,246,15.249,a,S1 obj,8,co2a0000375,0.9609375
2308,8,F3,247,18.178,a,S1 obj,8,co2a0000375,0.96484375
2309,8,F3,248,22.573,a,S1 obj,8,co2a0000375,0.96875
2310,8,F3,249,25.014,a,S1 obj,8,co2a0000375,0.97265625
2311,8,F3,250,25.014,a,S1 obj,8,co2a0000375,0.9765625
2312,8,F3,251,21.596,a,S1 obj,8,co2a0000375,0.98046875
2313,8,F3,252,16.713,a,S1 obj,8,co2a0000375,0.984375
2314,8,F3,253,12.319,a,S1 obj,8,co2a0000375,0.98828125
2315,8,F3,254,10.854,a,S1 obj,8,co2a0000375,0.9921875
2316,8,F3,255,11.831,a,S1 obj,8,co2a0000375,0.99609375
2318,8,FC6,0,-4.639,a,S1 obj,9,co2a0000375,0.0
2319,8,FC6,1,-4.639,a,S1 obj,9,co2a0000375,0.00390625
2320,8,FC6,2,-5.127,a,S1 obj,9,co2a0000375,0.0078125
2321,8,FC6,3,-4.15,a,S1 obj,9,co2a0000375,0.01171875
2322,8,FC6,4,-2.197,a,S1 obj,9,co2a0000375,0.015625
2323,8,FC6,5,0.732,a,S1 obj,9,co2a0000375,0.01953125
2324,8,FC6,6,2.686,a,S1 obj,9,co2a0000375,0.0234375
2325,8,FC6,7,3.174,a,S1 obj,9,co2a0000375,0.02734375
2326,8,FC6,8,0.732,a,S1 obj,9,co2a0000375,0.03125
2327,8,FC6,9,-3.174,a,S1 obj,9,co2a0000375,0.03515625
2328,8,FC6,10,-7.568,a,S1 obj,9,co2a0000375,0.0390625
2329,8,FC6,11,-10.498,a,S1 obj,9,co2a0000375,0.04296875
2330,8,FC6,12,-10.986,a,S1 obj,9,co2a0000375,0.046875
2331,8,FC6,13,-7.568,a,S1 obj,9,co2a0000375,0.05078125
2332,8,FC6,14,-4.639,a,S1 obj,9,co2a0000375,0.0546875
2333,8,FC6,15,-2.197,a,S1 obj,9,co2a0000375,0.05859375
2334,8,FC6,16,-2.686,a,S1 obj,9,co2a0000375,0.0625
2335,8,FC6,17,-5.127,a,S1 obj,9,co2a0000375,0.06640625
2336,8,FC6,18,-7.08,a,S1 obj,9,co2a0000375,0.0703125
2337,8,FC6,19,-6.592,a,S1 obj,9,co2a0000375,0.07421875
2338,8,FC6,20,-3.174,a,S1 obj,9,co2a0000375,0.078125
2339,8,FC6,21,1.709,a,S1 obj,9,co2a0000375,0.08203125
2340,8,FC6,22,3.662,a,S1 obj,9,co2a0000375,0.0859375
2341,8,FC6,23,2.686,a,S1 obj,9,co2a0000375,0.08984375
2342,8,FC6,24,-0.244,a,S1 obj,9,co2a0000375,0.09375
2343,8,FC6,25,-1.221,a,S1 obj,9,co2a0000375,0.09765625
2344,8,FC6,26,1.709,a,S1 obj,9,co2a0000375,0.1015625
2345,8,FC6,27,6.592,a,S1 obj,9,co2a0000375,0.10546875
2346,8,FC6,28,10.01,a,S1 obj,9,co2a0000375,0.109375
2347,8,FC6,29,8.057,a,S1 obj,9,co2a0000375,0.11328125
2348,8,FC6,30,1.221,a,S1 obj,9,co2a0000375,0.1171875
2349,8,FC6,31,-6.592,a,S1 obj,9,co2a0000375,0.12109375
2350,8,FC6,32,-10.986,a,S1 obj,9,co2a0000375,0.125
2351,8,FC6,33,-10.498,a,S1 obj,9,co2a0000375,0.12890625
2352,8,FC6,34,-5.615,a,S1 obj,9,co2a0000375,0.1328125
2353,8,FC6,35,-0.244,a,S1 obj,9,co2a0000375,0.13671875
2354,8,FC6,36,2.686,a,S1 obj,9,co2a0000375,0.140625
2355,8,FC6,37,2.197,a,S1 obj,9,co2a0000375,0.14453125
2356,8,FC6,38,0.244,a,S1 obj,9,co2a0000375,0.1484375
2357,8,FC6,39,-2.197,a,S1 obj,9,co2a0000375,0.15234375
2358,8,FC6,40,-3.174,a,S1 obj,9,co2a0000375,0.15625
2359,8,FC6,41,-3.174,a,S1 obj,9,co2a0000375,0.16015625
2360,8,FC6,42,-3.174,a,S1 obj,9,co2a0000375,0.1640625
2361,8,FC6,43,-3.174,a,S1 obj,9,co2a0000375,0.16796875
2362,8,FC6,44,-4.15,a,S1 obj,9,co2a0000375,0.171875
2363,8,FC6,45,-5.127,a,S1 obj,9,co2a0000375,0.17578125
2364,8,FC6,46,-6.104,a,S1 obj,9,co2a0000375,0.1796875
2365,8,FC6,47,-7.08,a,S1 obj,9,co2a0000375,0.18359375
2366,8,FC6,48,-7.568,a,S1 obj,9,co2a0000375,0.1875
2367,8,FC6,49,-8.057,a,S1 obj,9,co2a0000375,0.19140625
2368,8,FC6,50,-7.08,a,S1 obj,9,co2a0000375,0.1953125
2369,8,FC6,51,-6.104,a,S1 obj,9,co2a0000375,0.19921875
2370,8,FC6,52,-4.15,a,S1 obj,9,co2a0000375,0.203125
2371,8,FC6,53,-2.686,a,S1 obj,9,co2a0000375,0.20703125
2372,8,FC6,54,-2.197,a,S1 obj,9,co2a0000375,0.2109375
2373,8,FC6,55,-2.197,a,S1 obj,9,co2a0000375,0.21484375
2374,8,FC6,56,-1.709,a,S1 obj,9,co2a0000375,0.21875
2375,8,FC6,57,0.244,a,S1 obj,9,co2a0000375,0.22265625
2376,8,FC6,58,2.686,a,S1 obj,9,co2a0000375,0.2265625
2377,8,FC6,59,5.127,a,S1 obj,9,co2a0000375,0.23046875
2378,8,FC6,60,6.592,a,S1 obj,9,co2a0000375,0.234375
2379,8,FC6,61,7.568,a,S1 obj,9,co2a0000375,0.23828125
2380,8,FC6,62,9.033,a,S1 obj,9,co2a0000375,0.2421875
2381,8,FC6,63,10.986,a,S1 obj,9,co2a0000375,0.24609375
2382,8,FC6,64,13.428,a,S1 obj,9,co2a0000375,0.25
2383,8,FC6,65,14.893,a,S1 obj,9,co2a0000375,0.25390625
2384,8,FC6,66,14.893,a,S1 obj,9,co2a0000375,0.2578125
2385,8,FC6,67,12.451,a,S1 obj,9,co2a0000375,0.26171875
2386,8,FC6,68,9.521,a,S1 obj,9,co2a0000375,0.265625
2387,8,FC6,69,7.08,a,S1 obj,9,co2a0000375,0.26953125
2388,8,FC6,70,6.592,a,S1 obj,9,co2a0000375,0.2734375
2389,8,FC6,71,7.08,a,S1 obj,9,co2a0000375,0.27734375
2390,8,FC6,72,7.568,a,S1 obj,9,co2a0000375,0.28125
2391,8,FC6,73,8.057,a,S1 obj,9,co2a0000375,0.28515625
2392,8,FC6,74,7.08,a,S1 obj,9,co2a0000375,0.2890625
2393,8,FC6,75,6.104,a,S1 obj,9,co2a0000375,0.29296875
2394,8,FC6,76,5.127,a,S1 obj,9,co2a0000375,0.296875
2395,8,FC6,77,4.639,a,S1 obj,9,co2a0000375,0.30078125
2396,8,FC6,78,3.662,a,S1 obj,9,co2a0000375,0.3046875
2397,8,FC6,79,4.15,a,S1 obj,9,co2a0000375,0.30859375
2398,8,FC6,80,4.639,a,S1 obj,9,co2a0000375,0.3125
2399,8,FC6,81,6.104,a,S1 obj,9,co2a0000375,0.31640625
2400,8,FC6,82,7.08,a,S1 obj,9,co2a0000375,0.3203125
2401,8,FC6,83,7.568,a,S1 obj,9,co2a0000375,0.32421875
2402,8,FC6,84,7.08,a,S1 obj,9,co2a0000375,0.328125
2403,8,FC6,85,6.592,a,S1 obj,9,co2a0000375,0.33203125
2404,8,FC6,86,7.568,a,S1 obj,9,co2a0000375,0.3359375
2405,8,FC6,87,9.521,a,S1 obj,9,co2a0000375,0.33984375
2406,8,FC6,88,11.963,a,S1 obj,9,co2a0000375,0.34375
2407,8,FC6,89,13.428,a,S1 obj,9,co2a0000375,0.34765625
2408,8,FC6,90,12.939,a,S1 obj,9,co2a0000375,0.3515625
2409,8,FC6,91,10.498,a,S1 obj,9,co2a0000375,0.35546875
2410,8,FC6,92,5.615,a,S1 obj,9,co2a0000375,0.359375
2411,8,FC6,93,-0.732,a,S1 obj,9,co2a0000375,0.36328125
2412,8,FC6,94,-7.568,a,S1 obj,9,co2a0000375,0.3671875
2413,8,FC6,95,-13.428,a,S1 obj,9,co2a0000375,0.37109375
2414,8,FC6,96,-14.893,a,S1 obj,9,co2a0000375,0.375
2415,8,FC6,97,-10.986,a,S1 obj,9,co2a0000375,0.37890625
2416,8,FC6,98,-3.174,a,S1 obj,9,co2a0000375,0.3828125
2417,8,FC6,99,3.174,a,S1 obj,9,co2a0000375,0.38671875
2418,8,FC6,100,4.639,a,S1 obj,9,co2a0000375,0.390625
2419,8,FC6,101,0.732,a,S1 obj,9,co2a0000375,0.39453125
2420,8,FC6,102,-5.127,a,S1 obj,9,co2a0000375,0.3984375
2421,8,FC6,103,-8.545,a,S1 obj,9,co2a0000375,0.40234375
2422,8,FC6,104,-6.104,a,S1 obj,9,co2a0000375,0.40625
2423,8,FC6,105,0.244,a,S1 obj,9,co2a0000375,0.41015625
2424,8,FC6,106,7.568,a,S1 obj,9,co2a0000375,0.4140625
2425,8,FC6,107,13.428,a,S1 obj,9,co2a0000375,0.41796875
2426,8,FC6,108,13.916,a,S1 obj,9,co2a0000375,0.421875
2427,8,FC6,109,9.521,a,S1 obj,9,co2a0000375,0.42578125
2428,8,FC6,110,1.709,a,S1 obj,9,co2a0000375,0.4296875
2429,8,FC6,111,-6.592,a,S1 obj,9,co2a0000375,0.43359375
2430,8,FC6,112,-11.475,a,S1 obj,9,co2a0000375,0.4375
2431,8,FC6,113,-11.475,a,S1 obj,9,co2a0000375,0.44140625
2432,8,FC6,114,-8.057,a,S1 obj,9,co2a0000375,0.4453125
2433,8,FC6,115,-4.15,a,S1 obj,9,co2a0000375,0.44921875
2434,8,FC6,116,-2.686,a,S1 obj,9,co2a0000375,0.453125
2435,8,FC6,117,-5.127,a,S1 obj,9,co2a0000375,0.45703125
2436,8,FC6,118,-10.498,a,S1 obj,9,co2a0000375,0.4609375
2437,8,FC6,119,-14.404,a,S1 obj,9,co2a0000375,0.46484375
2438,8,FC6,120,-14.893,a,S1 obj,9,co2a0000375,0.46875
2439,8,FC6,121,-10.986,a,S1 obj,9,co2a0000375,0.47265625
2440,8,FC6,122,-5.127,a,S1 obj,9,co2a0000375,0.4765625
2441,8,FC6,123,-1.221,a,S1 obj,9,co2a0000375,0.48046875
2442,8,FC6,124,-1.221,a,S1 obj,9,co2a0000375,0.484375
2443,8,FC6,125,-5.127,a,S1 obj,9,co2a0000375,0.48828125
2444,8,FC6,126,-9.521,a,S1 obj,9,co2a0000375,0.4921875
2445,8,FC6,127,-10.498,a,S1 obj,9,co2a0000375,0.49609375
2446,8,FC6,128,-7.08,a,S1 obj,9,co2a0000375,0.5
2447,8,FC6,129,-2.686,a,S1 obj,9,co2a0000375,0.50390625
2448,8,FC6,130,1.221,a,S1 obj,9,co2a0000375,0.5078125
2449,8,FC6,131,2.197,a,S1 obj,9,co2a0000375,0.51171875
2450,8,FC6,132,0.732,a,S1 obj,9,co2a0000375,0.515625
2451,8,FC6,133,-1.709,a,S1 obj,9,co2a0000375,0.51953125
2452,8,FC6,134,-3.174,a,S1 obj,9,co2a0000375,0.5234375
2453,8,FC6,135,-4.639,a,S1 obj,9,co2a0000375,0.52734375
2454,8,FC6,136,-6.104,a,S1 obj,9,co2a0000375,0.53125
2455,8,FC6,137,-7.08,a,S1 obj,9,co2a0000375,0.53515625
2456,8,FC6,138,-8.057,a,S1 obj,9,co2a0000375,0.5390625
2457,8,FC6,139,-8.545,a,S1 obj,9,co2a0000375,0.54296875
2458,8,FC6,140,-9.033,a,S1 obj,9,co2a0000375,0.546875
2459,8,FC6,141,-8.545,a,S1 obj,9,co2a0000375,0.55078125
2460,8,FC6,142,-6.592,a,S1 obj,9,co2a0000375,0.5546875
2461,8,FC6,143,-3.174,a,S1 obj,9,co2a0000375,0.55859375
2462,8,FC6,144,0.732,a,S1 obj,9,co2a0000375,0.5625
2463,8,FC6,145,2.197,a,S1 obj,9,co2a0000375,0.56640625
2464,8,FC6,146,1.709,a,S1 obj,9,co2a0000375,0.5703125
2465,8,FC6,147,-1.221,a,S1 obj,9,co2a0000375,0.57421875
2466,8,FC6,148,-2.686,a,S1 obj,9,co2a0000375,0.578125
2467,8,FC6,149,-1.709,a,S1 obj,9,co2a0000375,0.58203125
2468,8,FC6,150,1.221,a,S1 obj,9,co2a0000375,0.5859375
2469,8,FC6,151,4.639,a,S1 obj,9,co2a0000375,0.58984375
2470,8,FC6,152,6.104,a,S1 obj,9,co2a0000375,0.59375
2471,8,FC6,153,5.615,a,S1 obj,9,co2a0000375,0.59765625
2472,8,FC6,154,3.174,a,S1 obj,9,co2a0000375,0.6015625
2473,8,FC6,155,0.732,a,S1 obj,9,co2a0000375,0.60546875
2474,8,FC6,156,-1.709,a,S1 obj,9,co2a0000375,0.609375
2475,8,FC6,157,-3.174,a,S1 obj,9,co2a0000375,0.61328125
2476,8,FC6,158,-2.686,a,S1 obj,9,co2a0000375,0.6171875
2477,8,FC6,159,-0.732,a,S1 obj,9,co2a0000375,0.62109375
2478,8,FC6,160,2.197,a,S1 obj,9,co2a0000375,0.625
2479,8,FC6,161,4.15,a,S1 obj,9,co2a0000375,0.62890625
2480,8,FC6,162,3.662,a,S1 obj,9,co2a0000375,0.6328125
2481,8,FC6,163,-0.244,a,S1 obj,9,co2a0000375,0.63671875
2482,8,FC6,164,-6.104,a,S1 obj,9,co2a0000375,0.640625
2483,8,FC6,165,-10.498,a,S1 obj,9,co2a0000375,0.64453125
2484,8,FC6,166,-10.498,a,S1 obj,9,co2a0000375,0.6484375
2485,8,FC6,167,-5.127,a,S1 obj,9,co2a0000375,0.65234375
2486,8,FC6,168,4.15,a,S1 obj,9,co2a0000375,0.65625
2487,8,FC6,169,11.963,a,S1 obj,9,co2a0000375,0.66015625
2488,8,FC6,170,13.916,a,S1 obj,9,co2a0000375,0.6640625
2489,8,FC6,171,9.033,a,S1 obj,9,co2a0000375,0.66796875
2490,8,FC6,172,1.221,a,S1 obj,9,co2a0000375,0.671875
2491,8,FC6,173,-4.15,a,S1 obj,9,co2a0000375,0.67578125
2492,8,FC6,174,-3.174,a,S1 obj,9,co2a0000375,0.6796875
2493,8,FC6,175,2.197,a,S1 obj,9,co2a0000375,0.68359375
2494,8,FC6,176,7.08,a,S1 obj,9,co2a0000375,0.6875
2495,8,FC6,177,6.592,a,S1 obj,9,co2a0000375,0.69140625
2496,8,FC6,178,0.244,a,S1 obj,9,co2a0000375,0.6953125
2497,8,FC6,179,-7.08,a,S1 obj,9,co2a0000375,0.69921875
2498,8,FC6,180,-9.033,a,S1 obj,9,co2a0000375,0.703125
2499,8,FC6,181,-3.662,a,S1 obj,9,co2a0000375,0.70703125
2500,8,FC6,182,3.662,a,S1 obj,9,co2a0000375,0.7109375
2501,8,FC6,183,9.521,a,S1 obj,9,co2a0000375,0.71484375
2502,8,FC6,184,9.033,a,S1 obj,9,co2a0000375,0.71875
2503,8,FC6,185,5.615,a,S1 obj,9,co2a0000375,0.72265625
2504,8,FC6,186,3.662,a,S1 obj,9,co2a0000375,0.7265625
2505,8,FC6,187,5.615,a,S1 obj,9,co2a0000375,0.73046875
2506,8,FC6,188,10.01,a,S1 obj,9,co2a0000375,0.734375
2507,8,FC6,189,11.963,a,S1 obj,9,co2a0000375,0.73828125
2508,8,FC6,190,10.01,a,S1 obj,9,co2a0000375,0.7421875
2509,8,FC6,191,5.615,a,S1 obj,9,co2a0000375,0.74609375
2510,8,FC6,192,3.662,a,S1 obj,9,co2a0000375,0.75
2511,8,FC6,193,6.104,a,S1 obj,9,co2a0000375,0.75390625
2512,8,FC6,194,10.986,a,S1 obj,9,co2a0000375,0.7578125
2513,8,FC6,195,13.428,a,S1 obj,9,co2a0000375,0.76171875
2514,8,FC6,196,10.986,a,S1 obj,9,co2a0000375,0.765625
2515,8,FC6,197,3.662,a,S1 obj,9,co2a0000375,0.76953125
2516,8,FC6,198,-1.709,a,S1 obj,9,co2a0000375,0.7734375
2517,8,FC6,199,-0.732,a,S1 obj,9,co2a0000375,0.77734375
2518,8,FC6,200,8.057,a,S1 obj,9,co2a0000375,0.78125
2519,8,FC6,201,18.311,a,S1 obj,9,co2a0000375,0.78515625
2520,8,FC6,202,23.193,a,S1 obj,9,co2a0000375,0.7890625
2521,8,FC6,203,20.264,a,S1 obj,9,co2a0000375,0.79296875
2522,8,FC6,204,10.986,a,S1 obj,9,co2a0000375,0.796875
2523,8,FC6,205,3.174,a,S1 obj,9,co2a0000375,0.80078125
2524,8,FC6,206,1.709,a,S1 obj,9,co2a0000375,0.8046875
2525,8,FC6,207,7.08,a,S1 obj,9,co2a0000375,0.80859375
2526,8,FC6,208,15.381,a,S1 obj,9,co2a0000375,0.8125
2527,8,FC6,209,19.775,a,S1 obj,9,co2a0000375,0.81640625
2528,8,FC6,210,17.822,a,S1 obj,9,co2a0000375,0.8203125
2529,8,FC6,211,12.939,a,S1 obj,9,co2a0000375,0.82421875
2530,8,FC6,212,9.033,a,S1 obj,9,co2a0000375,0.828125
2531,8,FC6,213,10.498,a,S1 obj,9,co2a0000375,0.83203125
2532,8,FC6,214,14.893,a,S1 obj,9,co2a0000375,0.8359375
2533,8,FC6,215,19.287,a,S1 obj,9,co2a0000375,0.83984375
2534,8,FC6,216,19.775,a,S1 obj,9,co2a0000375,0.84375
2535,8,FC6,217,16.357,a,S1 obj,9,co2a0000375,0.84765625
2536,8,FC6,218,11.963,a,S1 obj,9,co2a0000375,0.8515625
2537,8,FC6,219,10.01,a,S1 obj,9,co2a0000375,0.85546875
2538,8,FC6,220,10.986,a,S1 obj,9,co2a0000375,0.859375
2539,8,FC6,221,12.451,a,S1 obj,9,co2a0000375,0.86328125
2540,8,FC6,222,12.939,a,S1 obj,9,co2a0000375,0.8671875
2541,8,FC6,223,13.428,a,S1 obj,9,co2a0000375,0.87109375
2542,8,FC6,224,14.404,a,S1 obj,9,co2a0000375,0.875
2543,8,FC6,225,16.846,a,S1 obj,9,co2a0000375,0.87890625
2544,8,FC6,226,17.822,a,S1 obj,9,co2a0000375,0.8828125
2545,8,FC6,227,15.381,a,S1 obj,9,co2a0000375,0.88671875
2546,8,FC6,228,9.521,a,S1 obj,9,co2a0000375,0.890625
2547,8,FC6,229,4.15,a,S1 obj,9,co2a0000375,0.89453125
2548,8,FC6,230,4.639,a,S1 obj,9,co2a0000375,0.8984375
2549,8,FC6,231,11.963,a,S1 obj,9,co2a0000375,0.90234375
2550,8,FC6,232,20.264,a,S1 obj,9,co2a0000375,0.90625
2551,8,FC6,233,24.17,a,S1 obj,9,co2a0000375,0.91015625
2552,8,FC6,234,20.264,a,S1 obj,9,co2a0000375,0.9140625
2553,8,FC6,235,13.428,a,S1 obj,9,co2a0000375,0.91796875
2554,8,FC6,236,9.521,a,S1 obj,9,co2a0000375,0.921875
2555,8,FC6,237,12.451,a,S1 obj,9,co2a0000375,0.92578125
2556,8,FC6,238,17.822,a,S1 obj,9,co2a0000375,0.9296875
2557,8,FC6,239,20.752,a,S1 obj,9,co2a0000375,0.93359375
2558,8,FC6,240,16.846,a,S1 obj,9,co2a0000375,0.9375
2559,8,FC6,241,10.986,a,S1 obj,9,co2a0000375,0.94140625
2560,8,FC6,242,9.033,a,S1 obj,9,co2a0000375,0.9453125
2561,8,FC6,243,13.916,a,S1 obj,9,co2a0000375,0.94921875
2562,8,FC6,244,20.752,a,S1 obj,9,co2a0000375,0.953125
2563,8,FC6,245,22.217,a,S1 obj,9,co2a0000375,0.95703125
2564,8,FC6,246,15.381,a,S1 obj,9,co2a0000375,0.9609375
2565,8,FC6,247,4.639,a,S1 obj,9,co2a0000375,0.96484375
2566,8,FC6,248,-2.197,a,S1 obj,9,co2a0000375,0.96875
2567,8,FC6,249,1.709,a,S1 obj,9,co2a0000375,0.97265625
2568,8,FC6,250,11.475,a,S1 obj,9,co2a0000375,0.9765625
2569,8,FC6,251,19.287,a,S1 obj,9,co2a0000375,0.98046875
2570,8,FC6,252,18.311,a,S1 obj,9,co2a0000375,0.984375
2571,8,FC6,253,10.498,a,S1 obj,9,co2a0000375,0.98828125
2572,8,FC6,254,4.15,a,S1 obj,9,co2a0000375,0.9921875
2573,8,FC6,255,5.127,a,S1 obj,9,co2a0000375,0.99609375
2575,8,FC5,0,5.839,a,S1 obj,10,co2a0000375,0.0
2576,8,FC5,1,6.327,a,S1 obj,10,co2a0000375,0.00390625
2577,8,FC5,2,8.28,a,S1 obj,10,co2a0000375,0.0078125
2578,8,FC5,3,11.698,a,S1 obj,10,co2a0000375,0.01171875
2579,8,FC5,4,14.628,a,S1 obj,10,co2a0000375,0.015625
2580,8,FC5,5,16.093,a,S1 obj,10,co2a0000375,0.01953125
2581,8,FC5,6,15.116,a,S1 obj,10,co2a0000375,0.0234375
2582,8,FC5,7,12.675,a,S1 obj,10,co2a0000375,0.02734375
2583,8,FC5,8,9.257,a,S1 obj,10,co2a0000375,0.03125
2584,8,FC5,9,5.839,a,S1 obj,10,co2a0000375,0.03515625
2585,8,FC5,10,3.398,a,S1 obj,10,co2a0000375,0.0390625
2586,8,FC5,11,1.444,a,S1 obj,10,co2a0000375,0.04296875
2587,8,FC5,12,0.468,a,S1 obj,10,co2a0000375,0.046875
2588,8,FC5,13,0.956,a,S1 obj,10,co2a0000375,0.05078125
2589,8,FC5,14,2.909,a,S1 obj,10,co2a0000375,0.0546875
2590,8,FC5,15,5.351,a,S1 obj,10,co2a0000375,0.05859375
2591,8,FC5,16,7.792,a,S1 obj,10,co2a0000375,0.0625
2592,8,FC5,17,9.257,a,S1 obj,10,co2a0000375,0.06640625
2593,8,FC5,18,9.257,a,S1 obj,10,co2a0000375,0.0703125
2594,8,FC5,19,9.257,a,S1 obj,10,co2a0000375,0.07421875
2595,8,FC5,20,10.722,a,S1 obj,10,co2a0000375,0.078125
2596,8,FC5,21,13.652,a,S1 obj,10,co2a0000375,0.08203125
2597,8,FC5,22,17.069,a,S1 obj,10,co2a0000375,0.0859375
2598,8,FC5,23,19.511,a,S1 obj,10,co2a0000375,0.08984375
2599,8,FC5,24,20.487,a,S1 obj,10,co2a0000375,0.09375
2600,8,FC5,25,20.976,a,S1 obj,10,co2a0000375,0.09765625
2601,8,FC5,26,19.999,a,S1 obj,10,co2a0000375,0.1015625
2602,8,FC5,27,19.023,a,S1 obj,10,co2a0000375,0.10546875
2603,8,FC5,28,17.069,a,S1 obj,10,co2a0000375,0.109375
2604,8,FC5,29,14.628,a,S1 obj,10,co2a0000375,0.11328125
2605,8,FC5,30,12.187,a,S1 obj,10,co2a0000375,0.1171875
2606,8,FC5,31,9.745,a,S1 obj,10,co2a0000375,0.12109375
2607,8,FC5,32,8.769,a,S1 obj,10,co2a0000375,0.125
2608,8,FC5,33,8.769,a,S1 obj,10,co2a0000375,0.12890625
2609,8,FC5,34,9.745,a,S1 obj,10,co2a0000375,0.1328125
2610,8,FC5,35,10.722,a,S1 obj,10,co2a0000375,0.13671875
2611,8,FC5,36,10.722,a,S1 obj,10,co2a0000375,0.140625
2612,8,FC5,37,9.745,a,S1 obj,10,co2a0000375,0.14453125
2613,8,FC5,38,9.257,a,S1 obj,10,co2a0000375,0.1484375
2614,8,FC5,39,9.745,a,S1 obj,10,co2a0000375,0.15234375
2615,8,FC5,40,11.698,a,S1 obj,10,co2a0000375,0.15625
2616,8,FC5,41,14.14,a,S1 obj,10,co2a0000375,0.16015625
2617,8,FC5,42,16.581,a,S1 obj,10,co2a0000375,0.1640625
2618,8,FC5,43,18.046,a,S1 obj,10,co2a0000375,0.16796875
2619,8,FC5,44,18.534,a,S1 obj,10,co2a0000375,0.171875
2620,8,FC5,45,18.046,a,S1 obj,10,co2a0000375,0.17578125
2621,8,FC5,46,17.069,a,S1 obj,10,co2a0000375,0.1796875
2622,8,FC5,47,15.605,a,S1 obj,10,co2a0000375,0.18359375
2623,8,FC5,48,15.116,a,S1 obj,10,co2a0000375,0.1875
2624,8,FC5,49,14.14,a,S1 obj,10,co2a0000375,0.19140625
2625,8,FC5,50,13.652,a,S1 obj,10,co2a0000375,0.1953125
2626,8,FC5,51,13.163,a,S1 obj,10,co2a0000375,0.19921875
2627,8,FC5,52,12.675,a,S1 obj,10,co2a0000375,0.203125
2628,8,FC5,53,12.675,a,S1 obj,10,co2a0000375,0.20703125
2629,8,FC5,54,12.675,a,S1 obj,10,co2a0000375,0.2109375
2630,8,FC5,55,12.187,a,S1 obj,10,co2a0000375,0.21484375
2631,8,FC5,56,11.698,a,S1 obj,10,co2a0000375,0.21875
2632,8,FC5,57,11.21,a,S1 obj,10,co2a0000375,0.22265625
2633,8,FC5,58,11.698,a,S1 obj,10,co2a0000375,0.2265625
2634,8,FC5,59,14.14,a,S1 obj,10,co2a0000375,0.23046875
2635,8,FC5,60,17.558,a,S1 obj,10,co2a0000375,0.234375
2636,8,FC5,61,21.952,a,S1 obj,10,co2a0000375,0.23828125
2637,8,FC5,62,24.394,a,S1 obj,10,co2a0000375,0.2421875
2638,8,FC5,63,25.37,a,S1 obj,10,co2a0000375,0.24609375
2639,8,FC5,64,23.905,a,S1 obj,10,co2a0000375,0.25
2640,8,FC5,65,21.464,a,S1 obj,10,co2a0000375,0.25390625
2641,8,FC5,66,19.023,a,S1 obj,10,co2a0000375,0.2578125
2642,8,FC5,67,17.558,a,S1 obj,10,co2a0000375,0.26171875
2643,8,FC5,68,17.069,a,S1 obj,10,co2a0000375,0.265625
2644,8,FC5,69,16.581,a,S1 obj,10,co2a0000375,0.26953125
2645,8,FC5,70,17.069,a,S1 obj,10,co2a0000375,0.2734375
2646,8,FC5,71,18.046,a,S1 obj,10,co2a0000375,0.27734375
2647,8,FC5,72,19.999,a,S1 obj,10,co2a0000375,0.28125
2648,8,FC5,73,21.464,a,S1 obj,10,co2a0000375,0.28515625
2649,8,FC5,74,21.464,a,S1 obj,10,co2a0000375,0.2890625
2650,8,FC5,75,19.511,a,S1 obj,10,co2a0000375,0.29296875
2651,8,FC5,76,16.093,a,S1 obj,10,co2a0000375,0.296875
2652,8,FC5,77,13.163,a,S1 obj,10,co2a0000375,0.30078125
2653,8,FC5,78,11.21,a,S1 obj,10,co2a0000375,0.3046875
2654,8,FC5,79,12.187,a,S1 obj,10,co2a0000375,0.30859375
2655,8,FC5,80,15.605,a,S1 obj,10,co2a0000375,0.3125
2656,8,FC5,81,19.511,a,S1 obj,10,co2a0000375,0.31640625
2657,8,FC5,82,23.417,a,S1 obj,10,co2a0000375,0.3203125
2658,8,FC5,83,24.394,a,S1 obj,10,co2a0000375,0.32421875
2659,8,FC5,84,23.417,a,S1 obj,10,co2a0000375,0.328125
2660,8,FC5,85,19.999,a,S1 obj,10,co2a0000375,0.33203125
2661,8,FC5,86,17.069,a,S1 obj,10,co2a0000375,0.3359375
2662,8,FC5,87,15.116,a,S1 obj,10,co2a0000375,0.33984375
2663,8,FC5,88,14.628,a,S1 obj,10,co2a0000375,0.34375
2664,8,FC5,89,15.116,a,S1 obj,10,co2a0000375,0.34765625
2665,8,FC5,90,15.116,a,S1 obj,10,co2a0000375,0.3515625
2666,8,FC5,91,14.628,a,S1 obj,10,co2a0000375,0.35546875
2667,8,FC5,92,13.652,a,S1 obj,10,co2a0000375,0.359375
2668,8,FC5,93,14.14,a,S1 obj,10,co2a0000375,0.36328125
2669,8,FC5,94,15.605,a,S1 obj,10,co2a0000375,0.3671875
2670,8,FC5,95,16.093,a,S1 obj,10,co2a0000375,0.37109375
2671,8,FC5,96,14.14,a,S1 obj,10,co2a0000375,0.375
2672,8,FC5,97,9.257,a,S1 obj,10,co2a0000375,0.37890625
2673,8,FC5,98,2.421,a,S1 obj,10,co2a0000375,0.3828125
2674,8,FC5,99,-1.485,a,S1 obj,10,co2a0000375,0.38671875
2675,8,FC5,100,-0.02,a,S1 obj,10,co2a0000375,0.390625
2676,8,FC5,101,5.839,a,S1 obj,10,co2a0000375,0.39453125
2677,8,FC5,102,14.14,a,S1 obj,10,co2a0000375,0.3984375
2678,8,FC5,103,18.046,a,S1 obj,10,co2a0000375,0.40234375
2679,8,FC5,104,15.605,a,S1 obj,10,co2a0000375,0.40625
2680,8,FC5,105,7.304,a,S1 obj,10,co2a0000375,0.41015625
2681,8,FC5,106,-1.485,a,S1 obj,10,co2a0000375,0.4140625
2682,8,FC5,107,-5.88,a,S1 obj,10,co2a0000375,0.41796875
2683,8,FC5,108,-3.927,a,S1 obj,10,co2a0000375,0.421875
2684,8,FC5,109,0.956,a,S1 obj,10,co2a0000375,0.42578125
2685,8,FC5,110,3.886,a,S1 obj,10,co2a0000375,0.4296875
2686,8,FC5,111,2.421,a,S1 obj,10,co2a0000375,0.43359375
2687,8,FC5,112,-1.973,a,S1 obj,10,co2a0000375,0.4375
2688,8,FC5,113,-4.415,a,S1 obj,10,co2a0000375,0.44140625
2689,8,FC5,114,-1.485,a,S1 obj,10,co2a0000375,0.4453125
2690,8,FC5,115,4.374,a,S1 obj,10,co2a0000375,0.44921875
2691,8,FC5,116,8.769,a,S1 obj,10,co2a0000375,0.453125
2692,8,FC5,117,5.839,a,S1 obj,10,co2a0000375,0.45703125
2693,8,FC5,118,-3.438,a,S1 obj,10,co2a0000375,0.4609375
2694,8,FC5,119,-14.181,a,S1 obj,10,co2a0000375,0.46484375
2695,8,FC5,120,-19.063,a,S1 obj,10,co2a0000375,0.46875
2696,8,FC5,121,-16.134,a,S1 obj,10,co2a0000375,0.47265625
2697,8,FC5,122,-8.321,a,S1 obj,10,co2a0000375,0.4765625
2698,8,FC5,123,-1.973,a,S1 obj,10,co2a0000375,0.48046875
2699,8,FC5,124,-0.997,a,S1 obj,10,co2a0000375,0.484375
2700,8,FC5,125,-3.438,a,S1 obj,10,co2a0000375,0.48828125
2701,8,FC5,126,-3.927,a,S1 obj,10,co2a0000375,0.4921875
2702,8,FC5,127,-0.02,a,S1 obj,10,co2a0000375,0.49609375
2703,8,FC5,128,6.327,a,S1 obj,10,co2a0000375,0.5
2704,8,FC5,129,10.234,a,S1 obj,10,co2a0000375,0.50390625
2705,8,FC5,130,7.792,a,S1 obj,10,co2a0000375,0.5078125
2706,8,FC5,131,-0.997,a,S1 obj,10,co2a0000375,0.51171875
2707,8,FC5,132,-11.251,a,S1 obj,10,co2a0000375,0.515625
2708,8,FC5,133,-15.645,a,S1 obj,10,co2a0000375,0.51953125
2709,8,FC5,134,-12.716,a,S1 obj,10,co2a0000375,0.5234375
2710,8,FC5,135,-6.368,a,S1 obj,10,co2a0000375,0.52734375
2711,8,FC5,136,-0.509,a,S1 obj,10,co2a0000375,0.53125
2712,8,FC5,137,0.468,a,S1 obj,10,co2a0000375,0.53515625
2713,8,FC5,138,-1.485,a,S1 obj,10,co2a0000375,0.5390625
2714,8,FC5,139,-3.438,a,S1 obj,10,co2a0000375,0.54296875
2715,8,FC5,140,-3.438,a,S1 obj,10,co2a0000375,0.546875
2716,8,FC5,141,-2.462,a,S1 obj,10,co2a0000375,0.55078125
2717,8,FC5,142,-1.973,a,S1 obj,10,co2a0000375,0.5546875
2718,8,FC5,143,-2.462,a,S1 obj,10,co2a0000375,0.55859375
2719,8,FC5,144,-2.95,a,S1 obj,10,co2a0000375,0.5625
2720,8,FC5,145,-0.997,a,S1 obj,10,co2a0000375,0.56640625
2721,8,FC5,146,3.398,a,S1 obj,10,co2a0000375,0.5703125
2722,8,FC5,147,8.28,a,S1 obj,10,co2a0000375,0.57421875
2723,8,FC5,148,11.698,a,S1 obj,10,co2a0000375,0.578125
2724,8,FC5,149,11.698,a,S1 obj,10,co2a0000375,0.58203125
2725,8,FC5,150,9.257,a,S1 obj,10,co2a0000375,0.5859375
2726,8,FC5,151,6.816,a,S1 obj,10,co2a0000375,0.58984375
2727,8,FC5,152,4.862,a,S1 obj,10,co2a0000375,0.59375
2728,8,FC5,153,4.374,a,S1 obj,10,co2a0000375,0.59765625
2729,8,FC5,154,3.886,a,S1 obj,10,co2a0000375,0.6015625
2730,8,FC5,155,3.398,a,S1 obj,10,co2a0000375,0.60546875
2731,8,FC5,156,3.398,a,S1 obj,10,co2a0000375,0.609375
2732,8,FC5,157,2.909,a,S1 obj,10,co2a0000375,0.61328125
2733,8,FC5,158,1.444,a,S1 obj,10,co2a0000375,0.6171875
2734,8,FC5,159,-0.997,a,S1 obj,10,co2a0000375,0.62109375
2735,8,FC5,160,-3.438,a,S1 obj,10,co2a0000375,0.625
2736,8,FC5,161,-4.903,a,S1 obj,10,co2a0000375,0.62890625
2737,8,FC5,162,-3.438,a,S1 obj,10,co2a0000375,0.6328125
2738,8,FC5,163,-0.02,a,S1 obj,10,co2a0000375,0.63671875
2739,8,FC5,164,3.398,a,S1 obj,10,co2a0000375,0.640625
2740,8,FC5,165,4.374,a,S1 obj,10,co2a0000375,0.64453125
2741,8,FC5,166,3.886,a,S1 obj,10,co2a0000375,0.6484375
2742,8,FC5,167,3.398,a,S1 obj,10,co2a0000375,0.65234375
2743,8,FC5,168,3.886,a,S1 obj,10,co2a0000375,0.65625
2744,8,FC5,169,5.839,a,S1 obj,10,co2a0000375,0.66015625
2745,8,FC5,170,7.304,a,S1 obj,10,co2a0000375,0.6640625
2746,8,FC5,171,6.327,a,S1 obj,10,co2a0000375,0.66796875
2747,8,FC5,172,4.374,a,S1 obj,10,co2a0000375,0.671875
2748,8,FC5,173,3.398,a,S1 obj,10,co2a0000375,0.67578125
2749,8,FC5,174,4.374,a,S1 obj,10,co2a0000375,0.6796875
2750,8,FC5,175,7.304,a,S1 obj,10,co2a0000375,0.68359375
2751,8,FC5,176,9.745,a,S1 obj,10,co2a0000375,0.6875
2752,8,FC5,177,10.234,a,S1 obj,10,co2a0000375,0.69140625
2753,8,FC5,178,8.769,a,S1 obj,10,co2a0000375,0.6953125
2754,8,FC5,179,6.327,a,S1 obj,10,co2a0000375,0.69921875
2755,8,FC5,180,5.351,a,S1 obj,10,co2a0000375,0.703125
2756,8,FC5,181,5.839,a,S1 obj,10,co2a0000375,0.70703125
2757,8,FC5,182,6.327,a,S1 obj,10,co2a0000375,0.7109375
2758,8,FC5,183,6.327,a,S1 obj,10,co2a0000375,0.71484375
2759,8,FC5,184,4.374,a,S1 obj,10,co2a0000375,0.71875
2760,8,FC5,185,2.909,a,S1 obj,10,co2a0000375,0.72265625
2761,8,FC5,186,4.374,a,S1 obj,10,co2a0000375,0.7265625
2762,8,FC5,187,9.257,a,S1 obj,10,co2a0000375,0.73046875
2763,8,FC5,188,16.093,a,S1 obj,10,co2a0000375,0.734375
2764,8,FC5,189,20.976,a,S1 obj,10,co2a0000375,0.73828125
2765,8,FC5,190,21.952,a,S1 obj,10,co2a0000375,0.7421875
2766,8,FC5,191,19.511,a,S1 obj,10,co2a0000375,0.74609375
2767,8,FC5,192,16.093,a,S1 obj,10,co2a0000375,0.75
2768,8,FC5,193,13.652,a,S1 obj,10,co2a0000375,0.75390625
2769,8,FC5,194,13.652,a,S1 obj,10,co2a0000375,0.7578125
2770,8,FC5,195,13.652,a,S1 obj,10,co2a0000375,0.76171875
2771,8,FC5,196,12.187,a,S1 obj,10,co2a0000375,0.765625
2772,8,FC5,197,10.234,a,S1 obj,10,co2a0000375,0.76953125
2773,8,FC5,198,9.745,a,S1 obj,10,co2a0000375,0.7734375
2774,8,FC5,199,12.675,a,S1 obj,10,co2a0000375,0.77734375
2775,8,FC5,200,18.534,a,S1 obj,10,co2a0000375,0.78125
2776,8,FC5,201,24.882,a,S1 obj,10,co2a0000375,0.78515625
2777,8,FC5,202,28.788,a,S1 obj,10,co2a0000375,0.7890625
2778,8,FC5,203,27.812,a,S1 obj,10,co2a0000375,0.79296875
2779,8,FC5,204,23.905,a,S1 obj,10,co2a0000375,0.796875
2780,8,FC5,205,19.511,a,S1 obj,10,co2a0000375,0.80078125
2781,8,FC5,206,16.093,a,S1 obj,10,co2a0000375,0.8046875
2782,8,FC5,207,16.093,a,S1 obj,10,co2a0000375,0.80859375
2783,8,FC5,208,18.534,a,S1 obj,10,co2a0000375,0.8125
2784,8,FC5,209,22.929,a,S1 obj,10,co2a0000375,0.81640625
2785,8,FC5,210,26.835,a,S1 obj,10,co2a0000375,0.8203125
2786,8,FC5,211,29.277,a,S1 obj,10,co2a0000375,0.82421875
2787,8,FC5,212,28.788,a,S1 obj,10,co2a0000375,0.828125
2788,8,FC5,213,27.812,a,S1 obj,10,co2a0000375,0.83203125
2789,8,FC5,214,27.812,a,S1 obj,10,co2a0000375,0.8359375
2790,8,FC5,215,28.788,a,S1 obj,10,co2a0000375,0.83984375
2791,8,FC5,216,30.741,a,S1 obj,10,co2a0000375,0.84375
2792,8,FC5,217,31.718,a,S1 obj,10,co2a0000375,0.84765625
2793,8,FC5,218,29.277,a,S1 obj,10,co2a0000375,0.8515625
2794,8,FC5,219,24.882,a,S1 obj,10,co2a0000375,0.85546875
2795,8,FC5,220,20.976,a,S1 obj,10,co2a0000375,0.859375
2796,8,FC5,221,19.999,a,S1 obj,10,co2a0000375,0.86328125
2797,8,FC5,222,21.952,a,S1 obj,10,co2a0000375,0.8671875
2798,8,FC5,223,24.394,a,S1 obj,10,co2a0000375,0.87109375
2799,8,FC5,224,25.37,a,S1 obj,10,co2a0000375,0.875
2800,8,FC5,225,22.929,a,S1 obj,10,co2a0000375,0.87890625
2801,8,FC5,226,19.023,a,S1 obj,10,co2a0000375,0.8828125
2802,8,FC5,227,16.093,a,S1 obj,10,co2a0000375,0.88671875
2803,8,FC5,228,15.116,a,S1 obj,10,co2a0000375,0.890625
2804,8,FC5,229,16.581,a,S1 obj,10,co2a0000375,0.89453125
2805,8,FC5,230,19.511,a,S1 obj,10,co2a0000375,0.8984375
2806,8,FC5,231,21.952,a,S1 obj,10,co2a0000375,0.90234375
2807,8,FC5,232,22.929,a,S1 obj,10,co2a0000375,0.90625
2808,8,FC5,233,22.929,a,S1 obj,10,co2a0000375,0.91015625
2809,8,FC5,234,23.417,a,S1 obj,10,co2a0000375,0.9140625
2810,8,FC5,235,24.882,a,S1 obj,10,co2a0000375,0.91796875
2811,8,FC5,236,26.347,a,S1 obj,10,co2a0000375,0.921875
2812,8,FC5,237,26.835,a,S1 obj,10,co2a0000375,0.92578125
2813,8,FC5,238,24.882,a,S1 obj,10,co2a0000375,0.9296875
2814,8,FC5,239,20.487,a,S1 obj,10,co2a0000375,0.93359375
2815,8,FC5,240,16.093,a,S1 obj,10,co2a0000375,0.9375
2816,8,FC5,241,13.652,a,S1 obj,10,co2a0000375,0.94140625
2817,8,FC5,242,15.605,a,S1 obj,10,co2a0000375,0.9453125
2818,8,FC5,243,18.534,a,S1 obj,10,co2a0000375,0.94921875
2819,8,FC5,244,20.976,a,S1 obj,10,co2a0000375,0.953125
2820,8,FC5,245,19.999,a,S1 obj,10,co2a0000375,0.95703125
2821,8,FC5,246,18.534,a,S1 obj,10,co2a0000375,0.9609375
2822,8,FC5,247,19.511,a,S1 obj,10,co2a0000375,0.96484375
2823,8,FC5,248,23.417,a,S1 obj,10,co2a0000375,0.96875
2824,8,FC5,249,29.277,a,S1 obj,10,co2a0000375,0.97265625
2825,8,FC5,250,32.694,a,S1 obj,10,co2a0000375,0.9765625
2826,8,FC5,251,30.741,a,S1 obj,10,co2a0000375,0.98046875
2827,8,FC5,252,24.882,a,S1 obj,10,co2a0000375,0.984375
2828,8,FC5,253,19.511,a,S1 obj,10,co2a0000375,0.98828125
2829,8,FC5,254,18.046,a,S1 obj,10,co2a0000375,0.9921875
2830,8,FC5,255,20.487,a,S1 obj,10,co2a0000375,0.99609375
2832,8,FC2,0,0.376,a,S1 obj,11,co2a0000375,0.0
2833,8,FC2,1,0.865,a,S1 obj,11,co2a0000375,0.00390625
2834,8,FC2,2,1.841,a,S1 obj,11,co2a0000375,0.0078125
2835,8,FC2,3,2.818,a,S1 obj,11,co2a0000375,0.01171875
2836,8,FC2,4,3.306,a,S1 obj,11,co2a0000375,0.015625
2837,8,FC2,5,3.794,a,S1 obj,11,co2a0000375,0.01953125
2838,8,FC2,6,3.794,a,S1 obj,11,co2a0000375,0.0234375
2839,8,FC2,7,3.794,a,S1 obj,11,co2a0000375,0.02734375
2840,8,FC2,8,2.818,a,S1 obj,11,co2a0000375,0.03125
2841,8,FC2,9,1.353,a,S1 obj,11,co2a0000375,0.03515625
2842,8,FC2,10,-0.6,a,S1 obj,11,co2a0000375,0.0390625
2843,8,FC2,11,-2.065,a,S1 obj,11,co2a0000375,0.04296875
2844,8,FC2,12,-2.553,a,S1 obj,11,co2a0000375,0.046875
2845,8,FC2,13,-1.577,a,S1 obj,11,co2a0000375,0.05078125
2846,8,FC2,14,0.376,a,S1 obj,11,co2a0000375,0.0546875
2847,8,FC2,15,2.33,a,S1 obj,11,co2a0000375,0.05859375
2848,8,FC2,16,2.818,a,S1 obj,11,co2a0000375,0.0625
2849,8,FC2,17,1.841,a,S1 obj,11,co2a0000375,0.06640625
2850,8,FC2,18,0.376,a,S1 obj,11,co2a0000375,0.0703125
2851,8,FC2,19,-0.112,a,S1 obj,11,co2a0000375,0.07421875
2852,8,FC2,20,0.376,a,S1 obj,11,co2a0000375,0.078125
2853,8,FC2,21,2.33,a,S1 obj,11,co2a0000375,0.08203125
2854,8,FC2,22,3.794,a,S1 obj,11,co2a0000375,0.0859375
2855,8,FC2,23,5.259,a,S1 obj,11,co2a0000375,0.08984375
2856,8,FC2,24,5.747,a,S1 obj,11,co2a0000375,0.09375
2857,8,FC2,25,6.236,a,S1 obj,11,co2a0000375,0.09765625
2858,8,FC2,26,7.212,a,S1 obj,11,co2a0000375,0.1015625
2859,8,FC2,27,8.189,a,S1 obj,11,co2a0000375,0.10546875
2860,8,FC2,28,8.189,a,S1 obj,11,co2a0000375,0.109375
2861,8,FC2,29,6.724,a,S1 obj,11,co2a0000375,0.11328125
2862,8,FC2,30,4.283,a,S1 obj,11,co2a0000375,0.1171875
2863,8,FC2,31,1.841,a,S1 obj,11,co2a0000375,0.12109375
2864,8,FC2,32,0.376,a,S1 obj,11,co2a0000375,0.125
2865,8,FC2,33,0.865,a,S1 obj,11,co2a0000375,0.12890625
2866,8,FC2,34,3.306,a,S1 obj,11,co2a0000375,0.1328125
2867,8,FC2,35,5.259,a,S1 obj,11,co2a0000375,0.13671875
2868,8,FC2,36,6.236,a,S1 obj,11,co2a0000375,0.140625
2869,8,FC2,37,6.724,a,S1 obj,11,co2a0000375,0.14453125
2870,8,FC2,38,6.236,a,S1 obj,11,co2a0000375,0.1484375
2871,8,FC2,39,5.747,a,S1 obj,11,co2a0000375,0.15234375
2872,8,FC2,40,5.259,a,S1 obj,11,co2a0000375,0.15625
2873,8,FC2,41,6.236,a,S1 obj,11,co2a0000375,0.16015625
2874,8,FC2,42,7.212,a,S1 obj,11,co2a0000375,0.1640625
2875,8,FC2,43,8.189,a,S1 obj,11,co2a0000375,0.16796875
2876,8,FC2,44,8.677,a,S1 obj,11,co2a0000375,0.171875
2877,8,FC2,45,8.189,a,S1 obj,11,co2a0000375,0.17578125
2878,8,FC2,46,7.212,a,S1 obj,11,co2a0000375,0.1796875
2879,8,FC2,47,5.259,a,S1 obj,11,co2a0000375,0.18359375
2880,8,FC2,48,3.306,a,S1 obj,11,co2a0000375,0.1875
2881,8,FC2,49,2.33,a,S1 obj,11,co2a0000375,0.19140625
2882,8,FC2,50,2.818,a,S1 obj,11,co2a0000375,0.1953125
2883,8,FC2,51,3.794,a,S1 obj,11,co2a0000375,0.19921875
2884,8,FC2,52,5.259,a,S1 obj,11,co2a0000375,0.203125
2885,8,FC2,53,6.236,a,S1 obj,11,co2a0000375,0.20703125
2886,8,FC2,54,6.236,a,S1 obj,11,co2a0000375,0.2109375
2887,8,FC2,55,5.747,a,S1 obj,11,co2a0000375,0.21484375
2888,8,FC2,56,5.747,a,S1 obj,11,co2a0000375,0.21875
2889,8,FC2,57,5.747,a,S1 obj,11,co2a0000375,0.22265625
2890,8,FC2,58,6.236,a,S1 obj,11,co2a0000375,0.2265625
2891,8,FC2,59,7.701,a,S1 obj,11,co2a0000375,0.23046875
2892,8,FC2,60,8.677,a,S1 obj,11,co2a0000375,0.234375
2893,8,FC2,61,9.654,a,S1 obj,11,co2a0000375,0.23828125
2894,8,FC2,62,9.654,a,S1 obj,11,co2a0000375,0.2421875
2895,8,FC2,63,9.654,a,S1 obj,11,co2a0000375,0.24609375
2896,8,FC2,64,9.654,a,S1 obj,11,co2a0000375,0.25
2897,8,FC2,65,9.654,a,S1 obj,11,co2a0000375,0.25390625
2898,8,FC2,66,9.654,a,S1 obj,11,co2a0000375,0.2578125
2899,8,FC2,67,9.654,a,S1 obj,11,co2a0000375,0.26171875
2900,8,FC2,68,10.142,a,S1 obj,11,co2a0000375,0.265625
2901,8,FC2,69,9.654,a,S1 obj,11,co2a0000375,0.26953125
2902,8,FC2,70,9.654,a,S1 obj,11,co2a0000375,0.2734375
2903,8,FC2,71,9.654,a,S1 obj,11,co2a0000375,0.27734375
2904,8,FC2,72,9.165,a,S1 obj,11,co2a0000375,0.28125
2905,8,FC2,73,8.189,a,S1 obj,11,co2a0000375,0.28515625
2906,8,FC2,74,7.212,a,S1 obj,11,co2a0000375,0.2890625
2907,8,FC2,75,7.212,a,S1 obj,11,co2a0000375,0.29296875
2908,8,FC2,76,7.212,a,S1 obj,11,co2a0000375,0.296875
2909,8,FC2,77,7.701,a,S1 obj,11,co2a0000375,0.30078125
2910,8,FC2,78,8.677,a,S1 obj,11,co2a0000375,0.3046875
2911,8,FC2,79,9.654,a,S1 obj,11,co2a0000375,0.30859375
2912,8,FC2,80,9.654,a,S1 obj,11,co2a0000375,0.3125
2913,8,FC2,81,10.142,a,S1 obj,11,co2a0000375,0.31640625
2914,8,FC2,82,9.654,a,S1 obj,11,co2a0000375,0.3203125
2915,8,FC2,83,8.677,a,S1 obj,11,co2a0000375,0.32421875
2916,8,FC2,84,8.189,a,S1 obj,11,co2a0000375,0.328125
2917,8,FC2,85,8.677,a,S1 obj,11,co2a0000375,0.33203125
2918,8,FC2,86,8.677,a,S1 obj,11,co2a0000375,0.3359375
2919,8,FC2,87,9.165,a,S1 obj,11,co2a0000375,0.33984375
2920,8,FC2,88,9.165,a,S1 obj,11,co2a0000375,0.34375
2921,8,FC2,89,9.165,a,S1 obj,11,co2a0000375,0.34765625
2922,8,FC2,90,8.189,a,S1 obj,11,co2a0000375,0.3515625
2923,8,FC2,91,7.212,a,S1 obj,11,co2a0000375,0.35546875
2924,8,FC2,92,6.236,a,S1 obj,11,co2a0000375,0.359375
2925,8,FC2,93,5.747,a,S1 obj,11,co2a0000375,0.36328125
2926,8,FC2,94,4.771,a,S1 obj,11,co2a0000375,0.3671875
2927,8,FC2,95,3.794,a,S1 obj,11,co2a0000375,0.37109375
2928,8,FC2,96,3.306,a,S1 obj,11,co2a0000375,0.375
2929,8,FC2,97,3.306,a,S1 obj,11,co2a0000375,0.37890625
2930,8,FC2,98,3.306,a,S1 obj,11,co2a0000375,0.3828125
2931,8,FC2,99,4.283,a,S1 obj,11,co2a0000375,0.38671875
2932,8,FC2,100,4.771,a,S1 obj,11,co2a0000375,0.390625
2933,8,FC2,101,4.771,a,S1 obj,11,co2a0000375,0.39453125
2934,8,FC2,102,4.283,a,S1 obj,11,co2a0000375,0.3984375
2935,8,FC2,103,4.283,a,S1 obj,11,co2a0000375,0.40234375
2936,8,FC2,104,4.283,a,S1 obj,11,co2a0000375,0.40625
2937,8,FC2,105,4.283,a,S1 obj,11,co2a0000375,0.41015625
2938,8,FC2,106,4.283,a,S1 obj,11,co2a0000375,0.4140625
2939,8,FC2,107,4.771,a,S1 obj,11,co2a0000375,0.41796875
2940,8,FC2,108,4.283,a,S1 obj,11,co2a0000375,0.421875
2941,8,FC2,109,3.794,a,S1 obj,11,co2a0000375,0.42578125
2942,8,FC2,110,3.306,a,S1 obj,11,co2a0000375,0.4296875
2943,8,FC2,111,2.33,a,S1 obj,11,co2a0000375,0.43359375
2944,8,FC2,112,1.353,a,S1 obj,11,co2a0000375,0.4375
2945,8,FC2,113,0.865,a,S1 obj,11,co2a0000375,0.44140625
2946,8,FC2,114,0.376,a,S1 obj,11,co2a0000375,0.4453125
2947,8,FC2,115,0.376,a,S1 obj,11,co2a0000375,0.44921875
2948,8,FC2,116,0.865,a,S1 obj,11,co2a0000375,0.453125
2949,8,FC2,117,0.865,a,S1 obj,11,co2a0000375,0.45703125
2950,8,FC2,118,-0.112,a,S1 obj,11,co2a0000375,0.4609375
2951,8,FC2,119,-0.112,a,S1 obj,11,co2a0000375,0.46484375
2952,8,FC2,120,-0.6,a,S1 obj,11,co2a0000375,0.46875
2953,8,FC2,121,-0.112,a,S1 obj,11,co2a0000375,0.47265625
2954,8,FC2,122,0.865,a,S1 obj,11,co2a0000375,0.4765625
2955,8,FC2,123,2.33,a,S1 obj,11,co2a0000375,0.48046875
2956,8,FC2,124,2.818,a,S1 obj,11,co2a0000375,0.484375
2957,8,FC2,125,2.818,a,S1 obj,11,co2a0000375,0.48828125
2958,8,FC2,126,2.33,a,S1 obj,11,co2a0000375,0.4921875
2959,8,FC2,127,2.818,a,S1 obj,11,co2a0000375,0.49609375
2960,8,FC2,128,3.306,a,S1 obj,11,co2a0000375,0.5
2961,8,FC2,129,4.771,a,S1 obj,11,co2a0000375,0.50390625
2962,8,FC2,130,5.747,a,S1 obj,11,co2a0000375,0.5078125
2963,8,FC2,131,6.724,a,S1 obj,11,co2a0000375,0.51171875
2964,8,FC2,132,6.236,a,S1 obj,11,co2a0000375,0.515625
2965,8,FC2,133,5.747,a,S1 obj,11,co2a0000375,0.51953125
2966,8,FC2,134,5.259,a,S1 obj,11,co2a0000375,0.5234375
2967,8,FC2,135,4.283,a,S1 obj,11,co2a0000375,0.52734375
2968,8,FC2,136,3.794,a,S1 obj,11,co2a0000375,0.53125
2969,8,FC2,137,3.306,a,S1 obj,11,co2a0000375,0.53515625
2970,8,FC2,138,3.794,a,S1 obj,11,co2a0000375,0.5390625
2971,8,FC2,139,3.794,a,S1 obj,11,co2a0000375,0.54296875
2972,8,FC2,140,4.283,a,S1 obj,11,co2a0000375,0.546875
2973,8,FC2,141,3.794,a,S1 obj,11,co2a0000375,0.55078125
2974,8,FC2,142,3.306,a,S1 obj,11,co2a0000375,0.5546875
2975,8,FC2,143,3.306,a,S1 obj,11,co2a0000375,0.55859375
2976,8,FC2,144,3.794,a,S1 obj,11,co2a0000375,0.5625
2977,8,FC2,145,5.259,a,S1 obj,11,co2a0000375,0.56640625
2978,8,FC2,146,6.724,a,S1 obj,11,co2a0000375,0.5703125
2979,8,FC2,147,8.189,a,S1 obj,11,co2a0000375,0.57421875
2980,8,FC2,148,8.677,a,S1 obj,11,co2a0000375,0.578125
2981,8,FC2,149,8.677,a,S1 obj,11,co2a0000375,0.58203125
2982,8,FC2,150,7.701,a,S1 obj,11,co2a0000375,0.5859375
2983,8,FC2,151,7.212,a,S1 obj,11,co2a0000375,0.58984375
2984,8,FC2,152,6.724,a,S1 obj,11,co2a0000375,0.59375
2985,8,FC2,153,6.236,a,S1 obj,11,co2a0000375,0.59765625
2986,8,FC2,154,6.236,a,S1 obj,11,co2a0000375,0.6015625
2987,8,FC2,155,6.236,a,S1 obj,11,co2a0000375,0.60546875
2988,8,FC2,156,6.236,a,S1 obj,11,co2a0000375,0.609375
2989,8,FC2,157,5.747,a,S1 obj,11,co2a0000375,0.61328125
2990,8,FC2,158,5.747,a,S1 obj,11,co2a0000375,0.6171875
2991,8,FC2,159,5.259,a,S1 obj,11,co2a0000375,0.62109375
2992,8,FC2,160,5.259,a,S1 obj,11,co2a0000375,0.625
2993,8,FC2,161,5.259,a,S1 obj,11,co2a0000375,0.62890625
2994,8,FC2,162,4.771,a,S1 obj,11,co2a0000375,0.6328125
2995,8,FC2,163,4.283,a,S1 obj,11,co2a0000375,0.63671875
2996,8,FC2,164,3.794,a,S1 obj,11,co2a0000375,0.640625
2997,8,FC2,165,3.794,a,S1 obj,11,co2a0000375,0.64453125
2998,8,FC2,166,4.283,a,S1 obj,11,co2a0000375,0.6484375
2999,8,FC2,167,6.236,a,S1 obj,11,co2a0000375,0.65234375
3000,8,FC2,168,8.677,a,S1 obj,11,co2a0000375,0.65625
3001,8,FC2,169,11.119,a,S1 obj,11,co2a0000375,0.66015625
3002,8,FC2,170,11.607,a,S1 obj,11,co2a0000375,0.6640625
3003,8,FC2,171,10.142,a,S1 obj,11,co2a0000375,0.66796875
3004,8,FC2,172,7.212,a,S1 obj,11,co2a0000375,0.671875
3005,8,FC2,173,5.747,a,S1 obj,11,co2a0000375,0.67578125
3006,8,FC2,174,5.259,a,S1 obj,11,co2a0000375,0.6796875
3007,8,FC2,175,6.236,a,S1 obj,11,co2a0000375,0.68359375
3008,8,FC2,176,7.701,a,S1 obj,11,co2a0000375,0.6875
3009,8,FC2,177,7.701,a,S1 obj,11,co2a0000375,0.69140625
3010,8,FC2,178,6.724,a,S1 obj,11,co2a0000375,0.6953125
3011,8,FC2,179,5.259,a,S1 obj,11,co2a0000375,0.69921875
3012,8,FC2,180,4.771,a,S1 obj,11,co2a0000375,0.703125
3013,8,FC2,181,6.236,a,S1 obj,11,co2a0000375,0.70703125
3014,8,FC2,182,7.701,a,S1 obj,11,co2a0000375,0.7109375
3015,8,FC2,183,9.165,a,S1 obj,11,co2a0000375,0.71484375
3016,8,FC2,184,9.165,a,S1 obj,11,co2a0000375,0.71875
3017,8,FC2,185,8.677,a,S1 obj,11,co2a0000375,0.72265625
3018,8,FC2,186,8.189,a,S1 obj,11,co2a0000375,0.7265625
3019,8,FC2,187,8.677,a,S1 obj,11,co2a0000375,0.73046875
3020,8,FC2,188,9.654,a,S1 obj,11,co2a0000375,0.734375
3021,8,FC2,189,10.63,a,S1 obj,11,co2a0000375,0.73828125
3022,8,FC2,190,10.63,a,S1 obj,11,co2a0000375,0.7421875
3023,8,FC2,191,10.63,a,S1 obj,11,co2a0000375,0.74609375
3024,8,FC2,192,10.63,a,S1 obj,11,co2a0000375,0.75
3025,8,FC2,193,10.63,a,S1 obj,11,co2a0000375,0.75390625
3026,8,FC2,194,10.63,a,S1 obj,11,co2a0000375,0.7578125
3027,8,FC2,195,11.607,a,S1 obj,11,co2a0000375,0.76171875
3028,8,FC2,196,11.607,a,S1 obj,11,co2a0000375,0.765625
3029,8,FC2,197,11.607,a,S1 obj,11,co2a0000375,0.76953125
3030,8,FC2,198,10.63,a,S1 obj,11,co2a0000375,0.7734375
3031,8,FC2,199,10.142,a,S1 obj,11,co2a0000375,0.77734375
3032,8,FC2,200,10.142,a,S1 obj,11,co2a0000375,0.78125
3033,8,FC2,201,10.63,a,S1 obj,11,co2a0000375,0.78515625
3034,8,FC2,202,12.095,a,S1 obj,11,co2a0000375,0.7890625
3035,8,FC2,203,12.583,a,S1 obj,11,co2a0000375,0.79296875
3036,8,FC2,204,12.583,a,S1 obj,11,co2a0000375,0.796875
3037,8,FC2,205,11.607,a,S1 obj,11,co2a0000375,0.80078125
3038,8,FC2,206,10.142,a,S1 obj,11,co2a0000375,0.8046875
3039,8,FC2,207,9.654,a,S1 obj,11,co2a0000375,0.80859375
3040,8,FC2,208,10.142,a,S1 obj,11,co2a0000375,0.8125
3041,8,FC2,209,10.63,a,S1 obj,11,co2a0000375,0.81640625
3042,8,FC2,210,11.119,a,S1 obj,11,co2a0000375,0.8203125
3043,8,FC2,211,11.607,a,S1 obj,11,co2a0000375,0.82421875
3044,8,FC2,212,10.63,a,S1 obj,11,co2a0000375,0.828125
3045,8,FC2,213,10.63,a,S1 obj,11,co2a0000375,0.83203125
3046,8,FC2,214,11.119,a,S1 obj,11,co2a0000375,0.8359375
3047,8,FC2,215,11.607,a,S1 obj,11,co2a0000375,0.83984375
3048,8,FC2,216,11.607,a,S1 obj,11,co2a0000375,0.84375
3049,8,FC2,217,10.63,a,S1 obj,11,co2a0000375,0.84765625
3050,8,FC2,218,9.165,a,S1 obj,11,co2a0000375,0.8515625
3051,8,FC2,219,8.189,a,S1 obj,11,co2a0000375,0.85546875
3052,8,FC2,220,7.701,a,S1 obj,11,co2a0000375,0.859375
3053,8,FC2,221,9.165,a,S1 obj,11,co2a0000375,0.86328125
3054,8,FC2,222,10.63,a,S1 obj,11,co2a0000375,0.8671875
3055,8,FC2,223,12.095,a,S1 obj,11,co2a0000375,0.87109375
3056,8,FC2,224,11.607,a,S1 obj,11,co2a0000375,0.875
3057,8,FC2,225,10.63,a,S1 obj,11,co2a0000375,0.87890625
3058,8,FC2,226,9.654,a,S1 obj,11,co2a0000375,0.8828125
3059,8,FC2,227,9.165,a,S1 obj,11,co2a0000375,0.88671875
3060,8,FC2,228,8.677,a,S1 obj,11,co2a0000375,0.890625
3061,8,FC2,229,9.165,a,S1 obj,11,co2a0000375,0.89453125
3062,8,FC2,230,10.63,a,S1 obj,11,co2a0000375,0.8984375
3063,8,FC2,231,11.119,a,S1 obj,11,co2a0000375,0.90234375
3064,8,FC2,232,11.607,a,S1 obj,11,co2a0000375,0.90625
3065,8,FC2,233,11.607,a,S1 obj,11,co2a0000375,0.91015625
3066,8,FC2,234,10.63,a,S1 obj,11,co2a0000375,0.9140625
3067,8,FC2,235,11.607,a,S1 obj,11,co2a0000375,0.91796875
3068,8,FC2,236,13.072,a,S1 obj,11,co2a0000375,0.921875
3069,8,FC2,237,15.025,a,S1 obj,11,co2a0000375,0.92578125
3070,8,FC2,238,16.001,a,S1 obj,11,co2a0000375,0.9296875
3071,8,FC2,239,15.513,a,S1 obj,11,co2a0000375,0.93359375
3072,8,FC2,240,13.072,a,S1 obj,11,co2a0000375,0.9375
3073,8,FC2,241,10.142,a,S1 obj,11,co2a0000375,0.94140625
3074,8,FC2,242,8.677,a,S1 obj,11,co2a0000375,0.9453125
3075,8,FC2,243,8.189,a,S1 obj,11,co2a0000375,0.94921875
3076,8,FC2,244,9.165,a,S1 obj,11,co2a0000375,0.953125
3077,8,FC2,245,9.654,a,S1 obj,11,co2a0000375,0.95703125
3078,8,FC2,246,10.142,a,S1 obj,11,co2a0000375,0.9609375
3079,8,FC2,247,10.142,a,S1 obj,11,co2a0000375,0.96484375
3080,8,FC2,248,10.63,a,S1 obj,11,co2a0000375,0.96875
3081,8,FC2,249,11.607,a,S1 obj,11,co2a0000375,0.97265625
3082,8,FC2,250,12.095,a,S1 obj,11,co2a0000375,0.9765625
3083,8,FC2,251,12.095,a,S1 obj,11,co2a0000375,0.98046875
3084,8,FC2,252,10.63,a,S1 obj,11,co2a0000375,0.984375
3085,8,FC2,253,9.654,a,S1 obj,11,co2a0000375,0.98828125
3086,8,FC2,254,9.165,a,S1 obj,11,co2a0000375,0.9921875
3087,8,FC2,255,10.142,a,S1 obj,11,co2a0000375,0.99609375
3089,8,FC1,0,3.52,a,S1 obj,12,co2a0000375,0.0
3090,8,FC1,1,4.496,a,S1 obj,12,co2a0000375,0.00390625
3091,8,FC1,2,6.449,a,S1 obj,12,co2a0000375,0.0078125
3092,8,FC1,3,7.426,a,S1 obj,12,co2a0000375,0.01171875
3093,8,FC1,4,7.426,a,S1 obj,12,co2a0000375,0.015625
3094,8,FC1,5,6.938,a,S1 obj,12,co2a0000375,0.01953125
3095,8,FC1,6,5.961,a,S1 obj,12,co2a0000375,0.0234375
3096,8,FC1,7,5.961,a,S1 obj,12,co2a0000375,0.02734375
3097,8,FC1,8,5.473,a,S1 obj,12,co2a0000375,0.03125
3098,8,FC1,9,4.496,a,S1 obj,12,co2a0000375,0.03515625
3099,8,FC1,10,3.031,a,S1 obj,12,co2a0000375,0.0390625
3100,8,FC1,11,1.078,a,S1 obj,12,co2a0000375,0.04296875
3101,8,FC1,12,0.102,a,S1 obj,12,co2a0000375,0.046875
3102,8,FC1,13,-0.387,a,S1 obj,12,co2a0000375,0.05078125
3103,8,FC1,14,0.59,a,S1 obj,12,co2a0000375,0.0546875
3104,8,FC1,15,2.055,a,S1 obj,12,co2a0000375,0.05859375
3105,8,FC1,16,3.031,a,S1 obj,12,co2a0000375,0.0625
3106,8,FC1,17,3.031,a,S1 obj,12,co2a0000375,0.06640625
3107,8,FC1,18,2.543,a,S1 obj,12,co2a0000375,0.0703125
3108,8,FC1,19,2.543,a,S1 obj,12,co2a0000375,0.07421875
3109,8,FC1,20,3.52,a,S1 obj,12,co2a0000375,0.078125
3110,8,FC1,21,5.473,a,S1 obj,12,co2a0000375,0.08203125
3111,8,FC1,22,7.426,a,S1 obj,12,co2a0000375,0.0859375
3112,8,FC1,23,8.891,a,S1 obj,12,co2a0000375,0.08984375
3113,8,FC1,24,8.891,a,S1 obj,12,co2a0000375,0.09375
3114,8,FC1,25,8.891,a,S1 obj,12,co2a0000375,0.09765625
3115,8,FC1,26,8.403,a,S1 obj,12,co2a0000375,0.1015625
3116,8,FC1,27,8.403,a,S1 obj,12,co2a0000375,0.10546875
3117,8,FC1,28,8.891,a,S1 obj,12,co2a0000375,0.109375
3118,8,FC1,29,8.403,a,S1 obj,12,co2a0000375,0.11328125
3119,8,FC1,30,6.938,a,S1 obj,12,co2a0000375,0.1171875
3120,8,FC1,31,4.985,a,S1 obj,12,co2a0000375,0.12109375
3121,8,FC1,32,3.52,a,S1 obj,12,co2a0000375,0.125
3122,8,FC1,33,3.031,a,S1 obj,12,co2a0000375,0.12890625
3123,8,FC1,34,3.52,a,S1 obj,12,co2a0000375,0.1328125
3124,8,FC1,35,4.496,a,S1 obj,12,co2a0000375,0.13671875
3125,8,FC1,36,5.473,a,S1 obj,12,co2a0000375,0.140625
3126,8,FC1,37,6.449,a,S1 obj,12,co2a0000375,0.14453125
3127,8,FC1,38,6.449,a,S1 obj,12,co2a0000375,0.1484375
3128,8,FC1,39,6.938,a,S1 obj,12,co2a0000375,0.15234375
3129,8,FC1,40,6.938,a,S1 obj,12,co2a0000375,0.15625
3130,8,FC1,41,7.914,a,S1 obj,12,co2a0000375,0.16015625
3131,8,FC1,42,9.379,a,S1 obj,12,co2a0000375,0.1640625
3132,8,FC1,43,11.332,a,S1 obj,12,co2a0000375,0.16796875
3133,8,FC1,44,12.797,a,S1 obj,12,co2a0000375,0.171875
3134,8,FC1,45,12.797,a,S1 obj,12,co2a0000375,0.17578125
3135,8,FC1,46,11.82,a,S1 obj,12,co2a0000375,0.1796875
3136,8,FC1,47,9.379,a,S1 obj,12,co2a0000375,0.18359375
3137,8,FC1,48,7.914,a,S1 obj,12,co2a0000375,0.1875
3138,8,FC1,49,6.449,a,S1 obj,12,co2a0000375,0.19140625
3139,8,FC1,50,5.961,a,S1 obj,12,co2a0000375,0.1953125
3140,8,FC1,51,5.961,a,S1 obj,12,co2a0000375,0.19921875
3141,8,FC1,52,6.449,a,S1 obj,12,co2a0000375,0.203125
3142,8,FC1,53,6.449,a,S1 obj,12,co2a0000375,0.20703125
3143,8,FC1,54,6.449,a,S1 obj,12,co2a0000375,0.2109375
3144,8,FC1,55,6.449,a,S1 obj,12,co2a0000375,0.21484375
3145,8,FC1,56,6.449,a,S1 obj,12,co2a0000375,0.21875
3146,8,FC1,57,6.449,a,S1 obj,12,co2a0000375,0.22265625
3147,8,FC1,58,7.426,a,S1 obj,12,co2a0000375,0.2265625
3148,8,FC1,59,8.403,a,S1 obj,12,co2a0000375,0.23046875
3149,8,FC1,60,9.379,a,S1 obj,12,co2a0000375,0.234375
3150,8,FC1,61,10.356,a,S1 obj,12,co2a0000375,0.23828125
3151,8,FC1,62,11.332,a,S1 obj,12,co2a0000375,0.2421875
3152,8,FC1,63,11.332,a,S1 obj,12,co2a0000375,0.24609375
3153,8,FC1,64,10.844,a,S1 obj,12,co2a0000375,0.25
3154,8,FC1,65,9.867,a,S1 obj,12,co2a0000375,0.25390625
3155,8,FC1,66,8.403,a,S1 obj,12,co2a0000375,0.2578125
3156,8,FC1,67,7.426,a,S1 obj,12,co2a0000375,0.26171875
3157,8,FC1,68,6.449,a,S1 obj,12,co2a0000375,0.265625
3158,8,FC1,69,6.449,a,S1 obj,12,co2a0000375,0.26953125
3159,8,FC1,70,6.449,a,S1 obj,12,co2a0000375,0.2734375
3160,8,FC1,71,7.426,a,S1 obj,12,co2a0000375,0.27734375
3161,8,FC1,72,7.914,a,S1 obj,12,co2a0000375,0.28125
3162,8,FC1,73,8.403,a,S1 obj,12,co2a0000375,0.28515625
3163,8,FC1,74,8.403,a,S1 obj,12,co2a0000375,0.2890625
3164,8,FC1,75,7.914,a,S1 obj,12,co2a0000375,0.29296875
3165,8,FC1,76,6.938,a,S1 obj,12,co2a0000375,0.296875
3166,8,FC1,77,6.449,a,S1 obj,12,co2a0000375,0.30078125
3167,8,FC1,78,5.961,a,S1 obj,12,co2a0000375,0.3046875
3168,8,FC1,79,5.961,a,S1 obj,12,co2a0000375,0.30859375
3169,8,FC1,80,6.449,a,S1 obj,12,co2a0000375,0.3125
3170,8,FC1,81,7.426,a,S1 obj,12,co2a0000375,0.31640625
3171,8,FC1,82,8.403,a,S1 obj,12,co2a0000375,0.3203125
3172,8,FC1,83,9.379,a,S1 obj,12,co2a0000375,0.32421875
3173,8,FC1,84,9.379,a,S1 obj,12,co2a0000375,0.328125
3174,8,FC1,85,8.891,a,S1 obj,12,co2a0000375,0.33203125
3175,8,FC1,86,7.426,a,S1 obj,12,co2a0000375,0.3359375
3176,8,FC1,87,5.961,a,S1 obj,12,co2a0000375,0.33984375
3177,8,FC1,88,4.496,a,S1 obj,12,co2a0000375,0.34375
3178,8,FC1,89,4.008,a,S1 obj,12,co2a0000375,0.34765625
3179,8,FC1,90,4.008,a,S1 obj,12,co2a0000375,0.3515625
3180,8,FC1,91,4.008,a,S1 obj,12,co2a0000375,0.35546875
3181,8,FC1,92,4.496,a,S1 obj,12,co2a0000375,0.359375
3182,8,FC1,93,4.496,a,S1 obj,12,co2a0000375,0.36328125
3183,8,FC1,94,4.008,a,S1 obj,12,co2a0000375,0.3671875
3184,8,FC1,95,3.031,a,S1 obj,12,co2a0000375,0.37109375
3185,8,FC1,96,1.567,a,S1 obj,12,co2a0000375,0.375
3186,8,FC1,97,0.102,a,S1 obj,12,co2a0000375,0.37890625
3187,8,FC1,98,-0.875,a,S1 obj,12,co2a0000375,0.3828125
3188,8,FC1,99,-1.363,a,S1 obj,12,co2a0000375,0.38671875
3189,8,FC1,100,-0.387,a,S1 obj,12,co2a0000375,0.390625
3190,8,FC1,101,0.59,a,S1 obj,12,co2a0000375,0.39453125
3191,8,FC1,102,2.543,a,S1 obj,12,co2a0000375,0.3984375
3192,8,FC1,103,4.008,a,S1 obj,12,co2a0000375,0.40234375
3193,8,FC1,104,4.008,a,S1 obj,12,co2a0000375,0.40625
3194,8,FC1,105,3.031,a,S1 obj,12,co2a0000375,0.41015625
3195,8,FC1,106,0.59,a,S1 obj,12,co2a0000375,0.4140625
3196,8,FC1,107,-1.363,a,S1 obj,12,co2a0000375,0.41796875
3197,8,FC1,108,-2.34,a,S1 obj,12,co2a0000375,0.421875
3198,8,FC1,109,-2.34,a,S1 obj,12,co2a0000375,0.42578125
3199,8,FC1,110,-1.363,a,S1 obj,12,co2a0000375,0.4296875
3200,8,FC1,111,-1.363,a,S1 obj,12,co2a0000375,0.43359375
3201,8,FC1,112,-1.363,a,S1 obj,12,co2a0000375,0.4375
3202,8,FC1,113,-2.34,a,S1 obj,12,co2a0000375,0.44140625
3203,8,FC1,114,-2.828,a,S1 obj,12,co2a0000375,0.4453125
3204,8,FC1,115,-2.34,a,S1 obj,12,co2a0000375,0.44921875
3205,8,FC1,116,-1.851,a,S1 obj,12,co2a0000375,0.453125
3206,8,FC1,117,-1.851,a,S1 obj,12,co2a0000375,0.45703125
3207,8,FC1,118,-2.828,a,S1 obj,12,co2a0000375,0.4609375
3208,8,FC1,119,-4.293,a,S1 obj,12,co2a0000375,0.46484375
3209,8,FC1,120,-5.269,a,S1 obj,12,co2a0000375,0.46875
3210,8,FC1,121,-4.781,a,S1 obj,12,co2a0000375,0.47265625
3211,8,FC1,122,-3.805,a,S1 obj,12,co2a0000375,0.4765625
3212,8,FC1,123,-2.828,a,S1 obj,12,co2a0000375,0.48046875
3213,8,FC1,124,-2.34,a,S1 obj,12,co2a0000375,0.484375
3214,8,FC1,125,-2.34,a,S1 obj,12,co2a0000375,0.48828125
3215,8,FC1,126,-2.34,a,S1 obj,12,co2a0000375,0.4921875
3216,8,FC1,127,-1.363,a,S1 obj,12,co2a0000375,0.49609375
3217,8,FC1,128,0.102,a,S1 obj,12,co2a0000375,0.5
3218,8,FC1,129,1.567,a,S1 obj,12,co2a0000375,0.50390625
3219,8,FC1,130,2.055,a,S1 obj,12,co2a0000375,0.5078125
3220,8,FC1,131,0.59,a,S1 obj,12,co2a0000375,0.51171875
3221,8,FC1,132,-1.363,a,S1 obj,12,co2a0000375,0.515625
3222,8,FC1,133,-2.828,a,S1 obj,12,co2a0000375,0.51953125
3223,8,FC1,134,-3.316,a,S1 obj,12,co2a0000375,0.5234375
3224,8,FC1,135,-3.316,a,S1 obj,12,co2a0000375,0.52734375
3225,8,FC1,136,-2.34,a,S1 obj,12,co2a0000375,0.53125
3226,8,FC1,137,-1.363,a,S1 obj,12,co2a0000375,0.53515625
3227,8,FC1,138,-0.875,a,S1 obj,12,co2a0000375,0.5390625
3228,8,FC1,139,-0.387,a,S1 obj,12,co2a0000375,0.54296875
3229,8,FC1,140,-0.387,a,S1 obj,12,co2a0000375,0.546875
3230,8,FC1,141,-0.875,a,S1 obj,12,co2a0000375,0.55078125
3231,8,FC1,142,-1.851,a,S1 obj,12,co2a0000375,0.5546875
3232,8,FC1,143,-2.34,a,S1 obj,12,co2a0000375,0.55859375
3233,8,FC1,144,-1.363,a,S1 obj,12,co2a0000375,0.5625
3234,8,FC1,145,0.59,a,S1 obj,12,co2a0000375,0.56640625
3235,8,FC1,146,3.52,a,S1 obj,12,co2a0000375,0.5703125
3236,8,FC1,147,5.473,a,S1 obj,12,co2a0000375,0.57421875
3237,8,FC1,148,5.473,a,S1 obj,12,co2a0000375,0.578125
3238,8,FC1,149,4.496,a,S1 obj,12,co2a0000375,0.58203125
3239,8,FC1,150,3.52,a,S1 obj,12,co2a0000375,0.5859375
3240,8,FC1,151,2.543,a,S1 obj,12,co2a0000375,0.58984375
3241,8,FC1,152,2.543,a,S1 obj,12,co2a0000375,0.59375
3242,8,FC1,153,2.543,a,S1 obj,12,co2a0000375,0.59765625
3243,8,FC1,154,2.543,a,S1 obj,12,co2a0000375,0.6015625
3244,8,FC1,155,1.567,a,S1 obj,12,co2a0000375,0.60546875
3245,8,FC1,156,0.102,a,S1 obj,12,co2a0000375,0.609375
3246,8,FC1,157,-0.387,a,S1 obj,12,co2a0000375,0.61328125
3247,8,FC1,158,-0.387,a,S1 obj,12,co2a0000375,0.6171875
3248,8,FC1,159,-0.387,a,S1 obj,12,co2a0000375,0.62109375
3249,8,FC1,160,-0.875,a,S1 obj,12,co2a0000375,0.625
3250,8,FC1,161,-1.363,a,S1 obj,12,co2a0000375,0.62890625
3251,8,FC1,162,-1.851,a,S1 obj,12,co2a0000375,0.6328125
3252,8,FC1,163,-1.851,a,S1 obj,12,co2a0000375,0.63671875
3253,8,FC1,164,-0.875,a,S1 obj,12,co2a0000375,0.640625
3254,8,FC1,165,0.102,a,S1 obj,12,co2a0000375,0.64453125
3255,8,FC1,166,1.567,a,S1 obj,12,co2a0000375,0.6484375
3256,8,FC1,167,3.031,a,S1 obj,12,co2a0000375,0.65234375
3257,8,FC1,168,4.008,a,S1 obj,12,co2a0000375,0.65625
3258,8,FC1,169,4.496,a,S1 obj,12,co2a0000375,0.66015625
3259,8,FC1,170,4.008,a,S1 obj,12,co2a0000375,0.6640625
3260,8,FC1,171,2.543,a,S1 obj,12,co2a0000375,0.66796875
3261,8,FC1,172,1.567,a,S1 obj,12,co2a0000375,0.671875
3262,8,FC1,173,0.59,a,S1 obj,12,co2a0000375,0.67578125
3263,8,FC1,174,1.078,a,S1 obj,12,co2a0000375,0.6796875
3264,8,FC1,175,2.055,a,S1 obj,12,co2a0000375,0.68359375
3265,8,FC1,176,3.031,a,S1 obj,12,co2a0000375,0.6875
3266,8,FC1,177,3.031,a,S1 obj,12,co2a0000375,0.69140625
3267,8,FC1,178,2.543,a,S1 obj,12,co2a0000375,0.6953125
3268,8,FC1,179,1.567,a,S1 obj,12,co2a0000375,0.69921875
3269,8,FC1,180,1.567,a,S1 obj,12,co2a0000375,0.703125
3270,8,FC1,181,2.543,a,S1 obj,12,co2a0000375,0.70703125
3271,8,FC1,182,4.008,a,S1 obj,12,co2a0000375,0.7109375
3272,8,FC1,183,4.496,a,S1 obj,12,co2a0000375,0.71484375
3273,8,FC1,184,3.52,a,S1 obj,12,co2a0000375,0.71875
3274,8,FC1,185,2.543,a,S1 obj,12,co2a0000375,0.72265625
3275,8,FC1,186,2.543,a,S1 obj,12,co2a0000375,0.7265625
3276,8,FC1,187,3.52,a,S1 obj,12,co2a0000375,0.73046875
3277,8,FC1,188,5.961,a,S1 obj,12,co2a0000375,0.734375
3278,8,FC1,189,7.914,a,S1 obj,12,co2a0000375,0.73828125
3279,8,FC1,190,8.891,a,S1 obj,12,co2a0000375,0.7421875
3280,8,FC1,191,8.891,a,S1 obj,12,co2a0000375,0.74609375
3281,8,FC1,192,8.403,a,S1 obj,12,co2a0000375,0.75
3282,8,FC1,193,8.403,a,S1 obj,12,co2a0000375,0.75390625
3283,8,FC1,194,8.403,a,S1 obj,12,co2a0000375,0.7578125
3284,8,FC1,195,8.891,a,S1 obj,12,co2a0000375,0.76171875
3285,8,FC1,196,8.891,a,S1 obj,12,co2a0000375,0.765625
3286,8,FC1,197,9.867,a,S1 obj,12,co2a0000375,0.76953125
3287,8,FC1,198,8.891,a,S1 obj,12,co2a0000375,0.7734375
3288,8,FC1,199,8.891,a,S1 obj,12,co2a0000375,0.77734375
3289,8,FC1,200,9.867,a,S1 obj,12,co2a0000375,0.78125
3290,8,FC1,201,10.844,a,S1 obj,12,co2a0000375,0.78515625
3291,8,FC1,202,11.332,a,S1 obj,12,co2a0000375,0.7890625
3292,8,FC1,203,11.82,a,S1 obj,12,co2a0000375,0.79296875
3293,8,FC1,204,11.332,a,S1 obj,12,co2a0000375,0.796875
3294,8,FC1,205,10.844,a,S1 obj,12,co2a0000375,0.80078125
3295,8,FC1,206,9.867,a,S1 obj,12,co2a0000375,0.8046875
3296,8,FC1,207,9.867,a,S1 obj,12,co2a0000375,0.80859375
3297,8,FC1,208,9.867,a,S1 obj,12,co2a0000375,0.8125
3298,8,FC1,209,11.82,a,S1 obj,12,co2a0000375,0.81640625
3299,8,FC1,210,13.285,a,S1 obj,12,co2a0000375,0.8203125
3300,8,FC1,211,13.774,a,S1 obj,12,co2a0000375,0.82421875
3301,8,FC1,212,13.774,a,S1 obj,12,co2a0000375,0.828125
3302,8,FC1,213,12.797,a,S1 obj,12,co2a0000375,0.83203125
3303,8,FC1,214,11.82,a,S1 obj,12,co2a0000375,0.8359375
3304,8,FC1,215,11.332,a,S1 obj,12,co2a0000375,0.83984375
3305,8,FC1,216,11.332,a,S1 obj,12,co2a0000375,0.84375
3306,8,FC1,217,10.844,a,S1 obj,12,co2a0000375,0.84765625
3307,8,FC1,218,9.379,a,S1 obj,12,co2a0000375,0.8515625
3308,8,FC1,219,7.914,a,S1 obj,12,co2a0000375,0.85546875
3309,8,FC1,220,7.426,a,S1 obj,12,co2a0000375,0.859375
3310,8,FC1,221,8.403,a,S1 obj,12,co2a0000375,0.86328125
3311,8,FC1,222,9.379,a,S1 obj,12,co2a0000375,0.8671875
3312,8,FC1,223,10.356,a,S1 obj,12,co2a0000375,0.87109375
3313,8,FC1,224,9.867,a,S1 obj,12,co2a0000375,0.875
3314,8,FC1,225,8.891,a,S1 obj,12,co2a0000375,0.87890625
3315,8,FC1,226,7.426,a,S1 obj,12,co2a0000375,0.8828125
3316,8,FC1,227,6.938,a,S1 obj,12,co2a0000375,0.88671875
3317,8,FC1,228,8.403,a,S1 obj,12,co2a0000375,0.890625
3318,8,FC1,229,10.356,a,S1 obj,12,co2a0000375,0.89453125
3319,8,FC1,230,11.82,a,S1 obj,12,co2a0000375,0.8984375
3320,8,FC1,231,11.82,a,S1 obj,12,co2a0000375,0.90234375
3321,8,FC1,232,10.356,a,S1 obj,12,co2a0000375,0.90625
3322,8,FC1,233,9.379,a,S1 obj,12,co2a0000375,0.91015625
3323,8,FC1,234,9.379,a,S1 obj,12,co2a0000375,0.9140625
3324,8,FC1,235,10.844,a,S1 obj,12,co2a0000375,0.91796875
3325,8,FC1,236,12.797,a,S1 obj,12,co2a0000375,0.921875
3326,8,FC1,237,14.75,a,S1 obj,12,co2a0000375,0.92578125
3327,8,FC1,238,14.75,a,S1 obj,12,co2a0000375,0.9296875
3328,8,FC1,239,13.285,a,S1 obj,12,co2a0000375,0.93359375
3329,8,FC1,240,10.844,a,S1 obj,12,co2a0000375,0.9375
3330,8,FC1,241,9.379,a,S1 obj,12,co2a0000375,0.94140625
3331,8,FC1,242,8.403,a,S1 obj,12,co2a0000375,0.9453125
3332,8,FC1,243,8.403,a,S1 obj,12,co2a0000375,0.94921875
3333,8,FC1,244,8.403,a,S1 obj,12,co2a0000375,0.953125
3334,8,FC1,245,8.403,a,S1 obj,12,co2a0000375,0.95703125
3335,8,FC1,246,9.379,a,S1 obj,12,co2a0000375,0.9609375
3336,8,FC1,247,10.844,a,S1 obj,12,co2a0000375,0.96484375
3337,8,FC1,248,13.774,a,S1 obj,12,co2a0000375,0.96875
3338,8,FC1,249,15.727,a,S1 obj,12,co2a0000375,0.97265625
3339,8,FC1,250,16.703,a,S1 obj,12,co2a0000375,0.9765625
3340,8,FC1,251,15.238,a,S1 obj,12,co2a0000375,0.98046875
3341,8,FC1,252,12.309,a,S1 obj,12,co2a0000375,0.984375
3342,8,FC1,253,9.379,a,S1 obj,12,co2a0000375,0.98828125
3343,8,FC1,254,8.403,a,S1 obj,12,co2a0000375,0.9921875
3344,8,FC1,255,9.379,a,S1 obj,12,co2a0000375,0.99609375
3346,8,T8,0,-0.387,a,S1 obj,13,co2a0000375,0.0
3347,8,T8,1,-2.828,a,S1 obj,13,co2a0000375,0.00390625
3348,8,T8,2,-5.269,a,S1 obj,13,co2a0000375,0.0078125
3349,8,T8,3,-5.269,a,S1 obj,13,co2a0000375,0.01171875
3350,8,T8,4,-3.316,a,S1 obj,13,co2a0000375,0.015625
3351,8,T8,5,-0.387,a,S1 obj,13,co2a0000375,0.01953125
3352,8,T8,6,2.543,a,S1 obj,13,co2a0000375,0.0234375
3353,8,T8,7,4.496,a,S1 obj,13,co2a0000375,0.02734375
3354,8,T8,8,4.008,a,S1 obj,13,co2a0000375,0.03125
3355,8,T8,9,1.567,a,S1 obj,13,co2a0000375,0.03515625
3356,8,T8,10,-1.851,a,S1 obj,13,co2a0000375,0.0390625
3357,8,T8,11,-4.781,a,S1 obj,13,co2a0000375,0.04296875
3358,8,T8,12,-8.199,a,S1 obj,13,co2a0000375,0.046875
3359,8,T8,13,-9.664,a,S1 obj,13,co2a0000375,0.05078125
3360,8,T8,14,-9.176,a,S1 obj,13,co2a0000375,0.0546875
3361,8,T8,15,-7.222,a,S1 obj,13,co2a0000375,0.05859375
3362,8,T8,16,-4.293,a,S1 obj,13,co2a0000375,0.0625
3363,8,T8,17,-1.851,a,S1 obj,13,co2a0000375,0.06640625
3364,8,T8,18,-0.875,a,S1 obj,13,co2a0000375,0.0703125
3365,8,T8,19,0.102,a,S1 obj,13,co2a0000375,0.07421875
3366,8,T8,20,1.567,a,S1 obj,13,co2a0000375,0.078125
3367,8,T8,21,3.52,a,S1 obj,13,co2a0000375,0.08203125
3368,8,T8,22,5.473,a,S1 obj,13,co2a0000375,0.0859375
3369,8,T8,23,6.449,a,S1 obj,13,co2a0000375,0.08984375
3370,8,T8,24,5.961,a,S1 obj,13,co2a0000375,0.09375
3371,8,T8,25,4.985,a,S1 obj,13,co2a0000375,0.09765625
3372,8,T8,26,4.496,a,S1 obj,13,co2a0000375,0.1015625
3373,8,T8,27,4.985,a,S1 obj,13,co2a0000375,0.10546875
3374,8,T8,28,5.473,a,S1 obj,13,co2a0000375,0.109375
3375,8,T8,29,5.961,a,S1 obj,13,co2a0000375,0.11328125
3376,8,T8,30,4.496,a,S1 obj,13,co2a0000375,0.1171875
3377,8,T8,31,2.543,a,S1 obj,13,co2a0000375,0.12109375
3378,8,T8,32,0.102,a,S1 obj,13,co2a0000375,0.125
3379,8,T8,33,-0.875,a,S1 obj,13,co2a0000375,0.12890625
3380,8,T8,34,0.102,a,S1 obj,13,co2a0000375,0.1328125
3381,8,T8,35,2.055,a,S1 obj,13,co2a0000375,0.13671875
3382,8,T8,36,3.031,a,S1 obj,13,co2a0000375,0.140625
3383,8,T8,37,3.031,a,S1 obj,13,co2a0000375,0.14453125
3384,8,T8,38,1.078,a,S1 obj,13,co2a0000375,0.1484375
3385,8,T8,39,-0.875,a,S1 obj,13,co2a0000375,0.15234375
3386,8,T8,40,-2.34,a,S1 obj,13,co2a0000375,0.15625
3387,8,T8,41,-2.34,a,S1 obj,13,co2a0000375,0.16015625
3388,8,T8,42,-2.34,a,S1 obj,13,co2a0000375,0.1640625
3389,8,T8,43,-2.34,a,S1 obj,13,co2a0000375,0.16796875
3390,8,T8,44,-3.316,a,S1 obj,13,co2a0000375,0.171875
3391,8,T8,45,-6.246,a,S1 obj,13,co2a0000375,0.17578125
3392,8,T8,46,-10.152,a,S1 obj,13,co2a0000375,0.1796875
3393,8,T8,47,-13.082,a,S1 obj,13,co2a0000375,0.18359375
3394,8,T8,48,-13.57,a,S1 obj,13,co2a0000375,0.1875
3395,8,T8,49,-10.64,a,S1 obj,13,co2a0000375,0.19140625
3396,8,T8,50,-5.758,a,S1 obj,13,co2a0000375,0.1953125
3397,8,T8,51,-0.387,a,S1 obj,13,co2a0000375,0.19921875
3398,8,T8,52,2.543,a,S1 obj,13,co2a0000375,0.203125
3399,8,T8,53,2.543,a,S1 obj,13,co2a0000375,0.20703125
3400,8,T8,54,0.59,a,S1 obj,13,co2a0000375,0.2109375
3401,8,T8,55,-0.875,a,S1 obj,13,co2a0000375,0.21484375
3402,8,T8,56,0.102,a,S1 obj,13,co2a0000375,0.21875
3403,8,T8,57,3.031,a,S1 obj,13,co2a0000375,0.22265625
3404,8,T8,58,5.961,a,S1 obj,13,co2a0000375,0.2265625
3405,8,T8,59,7.914,a,S1 obj,13,co2a0000375,0.23046875
3406,8,T8,60,7.914,a,S1 obj,13,co2a0000375,0.234375
3407,8,T8,61,7.426,a,S1 obj,13,co2a0000375,0.23828125
3408,8,T8,62,8.403,a,S1 obj,13,co2a0000375,0.2421875
3409,8,T8,63,11.82,a,S1 obj,13,co2a0000375,0.24609375
3410,8,T8,64,15.238,a,S1 obj,13,co2a0000375,0.25
3411,8,T8,65,17.68,a,S1 obj,13,co2a0000375,0.25390625
3412,8,T8,66,18.656,a,S1 obj,13,co2a0000375,0.2578125
3413,8,T8,67,18.168,a,S1 obj,13,co2a0000375,0.26171875
3414,8,T8,68,17.192,a,S1 obj,13,co2a0000375,0.265625
3415,8,T8,69,16.215,a,S1 obj,13,co2a0000375,0.26953125
3416,8,T8,70,15.238,a,S1 obj,13,co2a0000375,0.2734375
3417,8,T8,71,12.797,a,S1 obj,13,co2a0000375,0.27734375
3418,8,T8,72,9.379,a,S1 obj,13,co2a0000375,0.28125
3419,8,T8,73,5.961,a,S1 obj,13,co2a0000375,0.28515625
3420,8,T8,74,4.008,a,S1 obj,13,co2a0000375,0.2890625
3421,8,T8,75,4.008,a,S1 obj,13,co2a0000375,0.29296875
3422,8,T8,76,4.985,a,S1 obj,13,co2a0000375,0.296875
3423,8,T8,77,6.449,a,S1 obj,13,co2a0000375,0.30078125
3424,8,T8,78,6.938,a,S1 obj,13,co2a0000375,0.3046875
3425,8,T8,79,6.938,a,S1 obj,13,co2a0000375,0.30859375
3426,8,T8,80,7.914,a,S1 obj,13,co2a0000375,0.3125
3427,8,T8,81,9.379,a,S1 obj,13,co2a0000375,0.31640625
3428,8,T8,82,10.356,a,S1 obj,13,co2a0000375,0.3203125
3429,8,T8,83,10.356,a,S1 obj,13,co2a0000375,0.32421875
3430,8,T8,84,9.379,a,S1 obj,13,co2a0000375,0.328125
3431,8,T8,85,7.914,a,S1 obj,13,co2a0000375,0.33203125
3432,8,T8,86,7.914,a,S1 obj,13,co2a0000375,0.3359375
3433,8,T8,87,9.379,a,S1 obj,13,co2a0000375,0.33984375
3434,8,T8,88,10.356,a,S1 obj,13,co2a0000375,0.34375
3435,8,T8,89,9.379,a,S1 obj,13,co2a0000375,0.34765625
3436,8,T8,90,5.473,a,S1 obj,13,co2a0000375,0.3515625
3437,8,T8,91,1.078,a,S1 obj,13,co2a0000375,0.35546875
3438,8,T8,92,-1.851,a,S1 obj,13,co2a0000375,0.359375
3439,8,T8,93,-2.34,a,S1 obj,13,co2a0000375,0.36328125
3440,8,T8,94,-1.363,a,S1 obj,13,co2a0000375,0.3671875
3441,8,T8,95,-0.875,a,S1 obj,13,co2a0000375,0.37109375
3442,8,T8,96,-1.851,a,S1 obj,13,co2a0000375,0.375
3443,8,T8,97,-3.805,a,S1 obj,13,co2a0000375,0.37890625
3444,8,T8,98,-5.269,a,S1 obj,13,co2a0000375,0.3828125
3445,8,T8,99,-4.781,a,S1 obj,13,co2a0000375,0.38671875
3446,8,T8,100,-3.316,a,S1 obj,13,co2a0000375,0.390625
3447,8,T8,101,-2.34,a,S1 obj,13,co2a0000375,0.39453125
3448,8,T8,102,-1.851,a,S1 obj,13,co2a0000375,0.3984375
3449,8,T8,103,-2.34,a,S1 obj,13,co2a0000375,0.40234375
3450,8,T8,104,-1.363,a,S1 obj,13,co2a0000375,0.40625
3451,8,T8,105,1.078,a,S1 obj,13,co2a0000375,0.41015625
3452,8,T8,106,4.008,a,S1 obj,13,co2a0000375,0.4140625
3453,8,T8,107,5.961,a,S1 obj,13,co2a0000375,0.41796875
3454,8,T8,108,5.473,a,S1 obj,13,co2a0000375,0.421875
3455,8,T8,109,2.543,a,S1 obj,13,co2a0000375,0.42578125
3456,8,T8,110,-0.387,a,S1 obj,13,co2a0000375,0.4296875
3457,8,T8,111,-2.34,a,S1 obj,13,co2a0000375,0.43359375
3458,8,T8,112,-3.316,a,S1 obj,13,co2a0000375,0.4375
3459,8,T8,113,-3.316,a,S1 obj,13,co2a0000375,0.44140625
3460,8,T8,114,-3.316,a,S1 obj,13,co2a0000375,0.4453125
3461,8,T8,115,-4.293,a,S1 obj,13,co2a0000375,0.44921875
3462,8,T8,116,-6.246,a,S1 obj,13,co2a0000375,0.453125
3463,8,T8,117,-9.176,a,S1 obj,13,co2a0000375,0.45703125
3464,8,T8,118,-12.105,a,S1 obj,13,co2a0000375,0.4609375
3465,8,T8,119,-14.547,a,S1 obj,13,co2a0000375,0.46484375
3466,8,T8,120,-16.012,a,S1 obj,13,co2a0000375,0.46875
3467,8,T8,121,-16.5,a,S1 obj,13,co2a0000375,0.47265625
3468,8,T8,122,-15.523,a,S1 obj,13,co2a0000375,0.4765625
3469,8,T8,123,-13.082,a,S1 obj,13,co2a0000375,0.48046875
3470,8,T8,124,-10.64,a,S1 obj,13,co2a0000375,0.484375
3471,8,T8,125,-8.199,a,S1 obj,13,co2a0000375,0.48828125
3472,8,T8,126,-6.734,a,S1 obj,13,co2a0000375,0.4921875
3473,8,T8,127,-6.246,a,S1 obj,13,co2a0000375,0.49609375
3474,8,T8,128,-5.758,a,S1 obj,13,co2a0000375,0.5
3475,8,T8,129,-5.269,a,S1 obj,13,co2a0000375,0.50390625
3476,8,T8,130,-4.781,a,S1 obj,13,co2a0000375,0.5078125
3477,8,T8,131,-5.269,a,S1 obj,13,co2a0000375,0.51171875
3478,8,T8,132,-6.734,a,S1 obj,13,co2a0000375,0.515625
3479,8,T8,133,-8.687,a,S1 obj,13,co2a0000375,0.51953125
3480,8,T8,134,-10.64,a,S1 obj,13,co2a0000375,0.5234375
3481,8,T8,135,-11.617,a,S1 obj,13,co2a0000375,0.52734375
3482,8,T8,136,-13.082,a,S1 obj,13,co2a0000375,0.53125
3483,8,T8,137,-14.058,a,S1 obj,13,co2a0000375,0.53515625
3484,8,T8,138,-15.035,a,S1 obj,13,co2a0000375,0.5390625
3485,8,T8,139,-15.523,a,S1 obj,13,co2a0000375,0.54296875
3486,8,T8,140,-15.035,a,S1 obj,13,co2a0000375,0.546875
3487,8,T8,141,-14.058,a,S1 obj,13,co2a0000375,0.55078125
3488,8,T8,142,-13.082,a,S1 obj,13,co2a0000375,0.5546875
3489,8,T8,143,-12.105,a,S1 obj,13,co2a0000375,0.55859375
3490,8,T8,144,-11.129,a,S1 obj,13,co2a0000375,0.5625
3491,8,T8,145,-8.687,a,S1 obj,13,co2a0000375,0.56640625
3492,8,T8,146,-5.269,a,S1 obj,13,co2a0000375,0.5703125
3493,8,T8,147,-1.363,a,S1 obj,13,co2a0000375,0.57421875
3494,8,T8,148,1.567,a,S1 obj,13,co2a0000375,0.578125
3495,8,T8,149,2.055,a,S1 obj,13,co2a0000375,0.58203125
3496,8,T8,150,0.59,a,S1 obj,13,co2a0000375,0.5859375
3497,8,T8,151,-2.34,a,S1 obj,13,co2a0000375,0.58984375
3498,8,T8,152,-5.269,a,S1 obj,13,co2a0000375,0.59375
3499,8,T8,153,-6.246,a,S1 obj,13,co2a0000375,0.59765625
3500,8,T8,154,-5.758,a,S1 obj,13,co2a0000375,0.6015625
3501,8,T8,155,-4.781,a,S1 obj,13,co2a0000375,0.60546875
3502,8,T8,156,-3.805,a,S1 obj,13,co2a0000375,0.609375
3503,8,T8,157,-3.805,a,S1 obj,13,co2a0000375,0.61328125
3504,8,T8,158,-4.781,a,S1 obj,13,co2a0000375,0.6171875
3505,8,T8,159,-7.222,a,S1 obj,13,co2a0000375,0.62109375
3506,8,T8,160,-9.664,a,S1 obj,13,co2a0000375,0.625
3507,8,T8,161,-11.617,a,S1 obj,13,co2a0000375,0.62890625
3508,8,T8,162,-12.105,a,S1 obj,13,co2a0000375,0.6328125
3509,8,T8,163,-11.129,a,S1 obj,13,co2a0000375,0.63671875
3510,8,T8,164,-10.152,a,S1 obj,13,co2a0000375,0.640625
3511,8,T8,165,-8.687,a,S1 obj,13,co2a0000375,0.64453125
3512,8,T8,166,-9.176,a,S1 obj,13,co2a0000375,0.6484375
3513,8,T8,167,-9.664,a,S1 obj,13,co2a0000375,0.65234375
3514,8,T8,168,-9.664,a,S1 obj,13,co2a0000375,0.65625
3515,8,T8,169,-8.199,a,S1 obj,13,co2a0000375,0.66015625
3516,8,T8,170,-5.758,a,S1 obj,13,co2a0000375,0.6640625
3517,8,T8,171,-4.781,a,S1 obj,13,co2a0000375,0.66796875
3518,8,T8,172,-6.246,a,S1 obj,13,co2a0000375,0.671875
3519,8,T8,173,-10.152,a,S1 obj,13,co2a0000375,0.67578125
3520,8,T8,174,-14.058,a,S1 obj,13,co2a0000375,0.6796875
3521,8,T8,175,-16.5,a,S1 obj,13,co2a0000375,0.68359375
3522,8,T8,176,-15.035,a,S1 obj,13,co2a0000375,0.6875
3523,8,T8,177,-12.105,a,S1 obj,13,co2a0000375,0.69140625
3524,8,T8,178,-10.152,a,S1 obj,13,co2a0000375,0.6953125
3525,8,T8,179,-9.664,a,S1 obj,13,co2a0000375,0.69921875
3526,8,T8,180,-11.129,a,S1 obj,13,co2a0000375,0.703125
3527,8,T8,181,-12.594,a,S1 obj,13,co2a0000375,0.70703125
3528,8,T8,182,-13.082,a,S1 obj,13,co2a0000375,0.7109375
3529,8,T8,183,-11.617,a,S1 obj,13,co2a0000375,0.71484375
3530,8,T8,184,-10.152,a,S1 obj,13,co2a0000375,0.71875
3531,8,T8,185,-10.64,a,S1 obj,13,co2a0000375,0.72265625
3532,8,T8,186,-12.594,a,S1 obj,13,co2a0000375,0.7265625
3533,8,T8,187,-14.058,a,S1 obj,13,co2a0000375,0.73046875
3534,8,T8,188,-14.547,a,S1 obj,13,co2a0000375,0.734375
3535,8,T8,189,-11.129,a,S1 obj,13,co2a0000375,0.73828125
3536,8,T8,190,-5.758,a,S1 obj,13,co2a0000375,0.7421875
3537,8,T8,191,-0.387,a,S1 obj,13,co2a0000375,0.74609375
3538,8,T8,192,3.031,a,S1 obj,13,co2a0000375,0.75
3539,8,T8,193,3.031,a,S1 obj,13,co2a0000375,0.75390625
3540,8,T8,194,-1.363,a,S1 obj,13,co2a0000375,0.7578125
3541,8,T8,195,-6.246,a,S1 obj,13,co2a0000375,0.76171875
3542,8,T8,196,-10.64,a,S1 obj,13,co2a0000375,0.765625
3543,8,T8,197,-11.617,a,S1 obj,13,co2a0000375,0.76953125
3544,8,T8,198,-10.152,a,S1 obj,13,co2a0000375,0.7734375
3545,8,T8,199,-7.222,a,S1 obj,13,co2a0000375,0.77734375
3546,8,T8,200,-4.293,a,S1 obj,13,co2a0000375,0.78125
3547,8,T8,201,-3.316,a,S1 obj,13,co2a0000375,0.78515625
3548,8,T8,202,-3.316,a,S1 obj,13,co2a0000375,0.7890625
3549,8,T8,203,-3.316,a,S1 obj,13,co2a0000375,0.79296875
3550,8,T8,204,-2.828,a,S1 obj,13,co2a0000375,0.796875
3551,8,T8,205,-1.851,a,S1 obj,13,co2a0000375,0.80078125
3552,8,T8,206,-1.851,a,S1 obj,13,co2a0000375,0.8046875
3553,8,T8,207,-2.828,a,S1 obj,13,co2a0000375,0.80859375
3554,8,T8,208,-4.293,a,S1 obj,13,co2a0000375,0.8125
3555,8,T8,209,-4.781,a,S1 obj,13,co2a0000375,0.81640625
3556,8,T8,210,-3.316,a,S1 obj,13,co2a0000375,0.8203125
3557,8,T8,211,0.59,a,S1 obj,13,co2a0000375,0.82421875
3558,8,T8,212,4.985,a,S1 obj,13,co2a0000375,0.828125
3559,8,T8,213,7.426,a,S1 obj,13,co2a0000375,0.83203125
3560,8,T8,214,7.914,a,S1 obj,13,co2a0000375,0.8359375
3561,8,T8,215,6.449,a,S1 obj,13,co2a0000375,0.83984375
3562,8,T8,216,4.985,a,S1 obj,13,co2a0000375,0.84375
3563,8,T8,217,4.496,a,S1 obj,13,co2a0000375,0.84765625
3564,8,T8,218,4.496,a,S1 obj,13,co2a0000375,0.8515625
3565,8,T8,219,4.008,a,S1 obj,13,co2a0000375,0.85546875
3566,8,T8,220,2.055,a,S1 obj,13,co2a0000375,0.859375
3567,8,T8,221,-0.387,a,S1 obj,13,co2a0000375,0.86328125
3568,8,T8,222,-1.363,a,S1 obj,13,co2a0000375,0.8671875
3569,8,T8,223,-0.875,a,S1 obj,13,co2a0000375,0.87109375
3570,8,T8,224,0.59,a,S1 obj,13,co2a0000375,0.875
3571,8,T8,225,1.567,a,S1 obj,13,co2a0000375,0.87890625
3572,8,T8,226,0.102,a,S1 obj,13,co2a0000375,0.8828125
3573,8,T8,227,-2.34,a,S1 obj,13,co2a0000375,0.88671875
3574,8,T8,228,-3.805,a,S1 obj,13,co2a0000375,0.890625
3575,8,T8,229,-3.316,a,S1 obj,13,co2a0000375,0.89453125
3576,8,T8,230,0.102,a,S1 obj,13,co2a0000375,0.8984375
3577,8,T8,231,4.496,a,S1 obj,13,co2a0000375,0.90234375
3578,8,T8,232,7.426,a,S1 obj,13,co2a0000375,0.90625
3579,8,T8,233,7.914,a,S1 obj,13,co2a0000375,0.91015625
3580,8,T8,234,4.985,a,S1 obj,13,co2a0000375,0.9140625
3581,8,T8,235,0.59,a,S1 obj,13,co2a0000375,0.91796875
3582,8,T8,236,-3.316,a,S1 obj,13,co2a0000375,0.921875
3583,8,T8,237,-5.269,a,S1 obj,13,co2a0000375,0.92578125
3584,8,T8,238,-4.293,a,S1 obj,13,co2a0000375,0.9296875
3585,8,T8,239,-1.363,a,S1 obj,13,co2a0000375,0.93359375
3586,8,T8,240,2.543,a,S1 obj,13,co2a0000375,0.9375
3587,8,T8,241,4.985,a,S1 obj,13,co2a0000375,0.94140625
3588,8,T8,242,5.961,a,S1 obj,13,co2a0000375,0.9453125
3589,8,T8,243,4.496,a,S1 obj,13,co2a0000375,0.94921875
3590,8,T8,244,1.567,a,S1 obj,13,co2a0000375,0.953125
3591,8,T8,245,-1.363,a,S1 obj,13,co2a0000375,0.95703125
3592,8,T8,246,-2.828,a,S1 obj,13,co2a0000375,0.9609375
3593,8,T8,247,-3.316,a,S1 obj,13,co2a0000375,0.96484375
3594,8,T8,248,-3.316,a,S1 obj,13,co2a0000375,0.96875
3595,8,T8,249,-2.34,a,S1 obj,13,co2a0000375,0.97265625
3596,8,T8,250,-2.34,a,S1 obj,13,co2a0000375,0.9765625
3597,8,T8,251,-1.851,a,S1 obj,13,co2a0000375,0.98046875
3598,8,T8,252,-0.387,a,S1 obj,13,co2a0000375,0.984375
3599,8,T8,253,1.078,a,S1 obj,13,co2a0000375,0.98828125
3600,8,T8,254,3.52,a,S1 obj,13,co2a0000375,0.9921875
3601,8,T8,255,5.473,a,S1 obj,13,co2a0000375,0.99609375
3603,8,T7,0,5.9,a,S1 obj,14,co2a0000375,0.0
3604,8,T7,1,4.924,a,S1 obj,14,co2a0000375,0.00390625
3605,8,T7,2,4.924,a,S1 obj,14,co2a0000375,0.0078125
3606,8,T7,3,6.877,a,S1 obj,14,co2a0000375,0.01171875
3607,8,T7,4,9.806,a,S1 obj,14,co2a0000375,0.015625
3608,8,T7,5,12.736,a,S1 obj,14,co2a0000375,0.01953125
3609,8,T7,6,13.713,a,S1 obj,14,co2a0000375,0.0234375
3610,8,T7,7,12.248,a,S1 obj,14,co2a0000375,0.02734375
3611,8,T7,8,9.318,a,S1 obj,14,co2a0000375,0.03125
3612,8,T7,9,4.924,a,S1 obj,14,co2a0000375,0.03515625
3613,8,T7,10,1.017,a,S1 obj,14,co2a0000375,0.0390625
3614,8,T7,11,-2.889,a,S1 obj,14,co2a0000375,0.04296875
3615,8,T7,12,-3.377,a,S1 obj,14,co2a0000375,0.046875
3616,8,T7,13,-1.424,a,S1 obj,14,co2a0000375,0.05078125
3617,8,T7,14,2.97,a,S1 obj,14,co2a0000375,0.0546875
3618,8,T7,15,6.877,a,S1 obj,14,co2a0000375,0.05859375
3619,8,T7,16,9.806,a,S1 obj,14,co2a0000375,0.0625
3620,8,T7,17,9.806,a,S1 obj,14,co2a0000375,0.06640625
3621,8,T7,18,8.83,a,S1 obj,14,co2a0000375,0.0703125
3622,8,T7,19,7.853,a,S1 obj,14,co2a0000375,0.07421875
3623,8,T7,20,9.318,a,S1 obj,14,co2a0000375,0.078125
3624,8,T7,21,12.248,a,S1 obj,14,co2a0000375,0.08203125
3625,8,T7,22,15.177,a,S1 obj,14,co2a0000375,0.0859375
3626,8,T7,23,16.154,a,S1 obj,14,co2a0000375,0.08984375
3627,8,T7,24,15.666,a,S1 obj,14,co2a0000375,0.09375
3628,8,T7,25,14.201,a,S1 obj,14,co2a0000375,0.09765625
3629,8,T7,26,13.713,a,S1 obj,14,co2a0000375,0.1015625
3630,8,T7,27,13.713,a,S1 obj,14,co2a0000375,0.10546875
3631,8,T7,28,14.689,a,S1 obj,14,co2a0000375,0.109375
3632,8,T7,29,14.689,a,S1 obj,14,co2a0000375,0.11328125
3633,8,T7,30,13.224,a,S1 obj,14,co2a0000375,0.1171875
3634,8,T7,31,10.295,a,S1 obj,14,co2a0000375,0.12109375
3635,8,T7,32,7.853,a,S1 obj,14,co2a0000375,0.125
3636,8,T7,33,6.388,a,S1 obj,14,co2a0000375,0.12890625
3637,8,T7,34,6.877,a,S1 obj,14,co2a0000375,0.1328125
3638,8,T7,35,7.853,a,S1 obj,14,co2a0000375,0.13671875
3639,8,T7,36,8.83,a,S1 obj,14,co2a0000375,0.140625
3640,8,T7,37,8.341,a,S1 obj,14,co2a0000375,0.14453125
3641,8,T7,38,6.877,a,S1 obj,14,co2a0000375,0.1484375
3642,8,T7,39,5.412,a,S1 obj,14,co2a0000375,0.15234375
3643,8,T7,40,4.924,a,S1 obj,14,co2a0000375,0.15625
3644,8,T7,41,6.388,a,S1 obj,14,co2a0000375,0.16015625
3645,8,T7,42,8.341,a,S1 obj,14,co2a0000375,0.1640625
3646,8,T7,43,10.295,a,S1 obj,14,co2a0000375,0.16796875
3647,8,T7,44,11.271,a,S1 obj,14,co2a0000375,0.171875
3648,8,T7,45,11.271,a,S1 obj,14,co2a0000375,0.17578125
3649,8,T7,46,10.295,a,S1 obj,14,co2a0000375,0.1796875
3650,8,T7,47,8.341,a,S1 obj,14,co2a0000375,0.18359375
3651,8,T7,48,6.388,a,S1 obj,14,co2a0000375,0.1875
3652,8,T7,49,5.412,a,S1 obj,14,co2a0000375,0.19140625
3653,8,T7,50,5.412,a,S1 obj,14,co2a0000375,0.1953125
3654,8,T7,51,6.388,a,S1 obj,14,co2a0000375,0.19921875
3655,8,T7,52,7.853,a,S1 obj,14,co2a0000375,0.203125
3656,8,T7,53,8.341,a,S1 obj,14,co2a0000375,0.20703125
3657,8,T7,54,7.365,a,S1 obj,14,co2a0000375,0.2109375
3658,8,T7,55,5.9,a,S1 obj,14,co2a0000375,0.21484375
3659,8,T7,56,4.924,a,S1 obj,14,co2a0000375,0.21875
3660,8,T7,57,4.435,a,S1 obj,14,co2a0000375,0.22265625
3661,8,T7,58,5.412,a,S1 obj,14,co2a0000375,0.2265625
3662,8,T7,59,7.853,a,S1 obj,14,co2a0000375,0.23046875
3663,8,T7,60,9.806,a,S1 obj,14,co2a0000375,0.234375
3664,8,T7,61,11.271,a,S1 obj,14,co2a0000375,0.23828125
3665,8,T7,62,13.224,a,S1 obj,14,co2a0000375,0.2421875
3666,8,T7,63,14.689,a,S1 obj,14,co2a0000375,0.24609375
3667,8,T7,64,15.666,a,S1 obj,14,co2a0000375,0.25
3668,8,T7,65,16.642,a,S1 obj,14,co2a0000375,0.25390625
3669,8,T7,66,16.642,a,S1 obj,14,co2a0000375,0.2578125
3670,8,T7,67,15.177,a,S1 obj,14,co2a0000375,0.26171875
3671,8,T7,68,13.713,a,S1 obj,14,co2a0000375,0.265625
3672,8,T7,69,11.271,a,S1 obj,14,co2a0000375,0.26953125
3673,8,T7,70,10.295,a,S1 obj,14,co2a0000375,0.2734375
3674,8,T7,71,10.295,a,S1 obj,14,co2a0000375,0.27734375
3675,8,T7,72,11.759,a,S1 obj,14,co2a0000375,0.28125
3676,8,T7,73,13.713,a,S1 obj,14,co2a0000375,0.28515625
3677,8,T7,74,14.689,a,S1 obj,14,co2a0000375,0.2890625
3678,8,T7,75,14.689,a,S1 obj,14,co2a0000375,0.29296875
3679,8,T7,76,12.248,a,S1 obj,14,co2a0000375,0.296875
3680,8,T7,77,8.83,a,S1 obj,14,co2a0000375,0.30078125
3681,8,T7,78,6.388,a,S1 obj,14,co2a0000375,0.3046875
3682,8,T7,79,5.9,a,S1 obj,14,co2a0000375,0.30859375
3683,8,T7,80,7.853,a,S1 obj,14,co2a0000375,0.3125
3684,8,T7,81,11.759,a,S1 obj,14,co2a0000375,0.31640625
3685,8,T7,82,15.177,a,S1 obj,14,co2a0000375,0.3203125
3686,8,T7,83,17.131,a,S1 obj,14,co2a0000375,0.32421875
3687,8,T7,84,16.642,a,S1 obj,14,co2a0000375,0.328125
3688,8,T7,85,15.666,a,S1 obj,14,co2a0000375,0.33203125
3689,8,T7,86,15.177,a,S1 obj,14,co2a0000375,0.3359375
3690,8,T7,87,16.154,a,S1 obj,14,co2a0000375,0.33984375
3691,8,T7,88,17.131,a,S1 obj,14,co2a0000375,0.34375
3692,8,T7,89,17.131,a,S1 obj,14,co2a0000375,0.34765625
3693,8,T7,90,15.177,a,S1 obj,14,co2a0000375,0.3515625
3694,8,T7,91,11.271,a,S1 obj,14,co2a0000375,0.35546875
3695,8,T7,92,7.365,a,S1 obj,14,co2a0000375,0.359375
3696,8,T7,93,3.459,a,S1 obj,14,co2a0000375,0.36328125
3697,8,T7,94,1.994,a,S1 obj,14,co2a0000375,0.3671875
3698,8,T7,95,1.994,a,S1 obj,14,co2a0000375,0.37109375
3699,8,T7,96,4.435,a,S1 obj,14,co2a0000375,0.375
3700,8,T7,97,7.853,a,S1 obj,14,co2a0000375,0.37890625
3701,8,T7,98,10.783,a,S1 obj,14,co2a0000375,0.3828125
3702,8,T7,99,12.736,a,S1 obj,14,co2a0000375,0.38671875
3703,8,T7,100,12.248,a,S1 obj,14,co2a0000375,0.390625
3704,8,T7,101,10.295,a,S1 obj,14,co2a0000375,0.39453125
3705,8,T7,102,8.341,a,S1 obj,14,co2a0000375,0.3984375
3706,8,T7,103,8.83,a,S1 obj,14,co2a0000375,0.40234375
3707,8,T7,104,11.759,a,S1 obj,14,co2a0000375,0.40625
3708,8,T7,105,15.177,a,S1 obj,14,co2a0000375,0.41015625
3709,8,T7,106,16.642,a,S1 obj,14,co2a0000375,0.4140625
3710,8,T7,107,14.201,a,S1 obj,14,co2a0000375,0.41796875
3711,8,T7,108,9.806,a,S1 obj,14,co2a0000375,0.421875
3712,8,T7,109,4.924,a,S1 obj,14,co2a0000375,0.42578125
3713,8,T7,110,2.97,a,S1 obj,14,co2a0000375,0.4296875
3714,8,T7,111,2.97,a,S1 obj,14,co2a0000375,0.43359375
3715,8,T7,112,3.947,a,S1 obj,14,co2a0000375,0.4375
3716,8,T7,113,3.947,a,S1 obj,14,co2a0000375,0.44140625
3717,8,T7,114,2.97,a,S1 obj,14,co2a0000375,0.4453125
3718,8,T7,115,1.506,a,S1 obj,14,co2a0000375,0.44921875
3719,8,T7,116,2.482,a,S1 obj,14,co2a0000375,0.453125
3720,8,T7,117,4.435,a,S1 obj,14,co2a0000375,0.45703125
3721,8,T7,118,6.877,a,S1 obj,14,co2a0000375,0.4609375
3722,8,T7,119,6.388,a,S1 obj,14,co2a0000375,0.46484375
3723,8,T7,120,2.482,a,S1 obj,14,co2a0000375,0.46875
3724,8,T7,121,-2.889,a,S1 obj,14,co2a0000375,0.47265625
3725,8,T7,122,-6.795,a,S1 obj,14,co2a0000375,0.4765625
3726,8,T7,123,-6.307,a,S1 obj,14,co2a0000375,0.48046875
3727,8,T7,124,-2.401,a,S1 obj,14,co2a0000375,0.484375
3728,8,T7,125,3.947,a,S1 obj,14,co2a0000375,0.48828125
3729,8,T7,126,8.83,a,S1 obj,14,co2a0000375,0.4921875
3730,8,T7,127,11.271,a,S1 obj,14,co2a0000375,0.49609375
3731,8,T7,128,10.295,a,S1 obj,14,co2a0000375,0.5
3732,8,T7,129,7.853,a,S1 obj,14,co2a0000375,0.50390625
3733,8,T7,130,4.924,a,S1 obj,14,co2a0000375,0.5078125
3734,8,T7,131,3.459,a,S1 obj,14,co2a0000375,0.51171875
3735,8,T7,132,3.459,a,S1 obj,14,co2a0000375,0.515625
3736,8,T7,133,4.435,a,S1 obj,14,co2a0000375,0.51953125
3737,8,T7,134,4.924,a,S1 obj,14,co2a0000375,0.5234375
3738,8,T7,135,2.97,a,S1 obj,14,co2a0000375,0.52734375
3739,8,T7,136,-0.448,a,S1 obj,14,co2a0000375,0.53125
3740,8,T7,137,-3.866,a,S1 obj,14,co2a0000375,0.53515625
3741,8,T7,138,-4.842,a,S1 obj,14,co2a0000375,0.5390625
3742,8,T7,139,-2.889,a,S1 obj,14,co2a0000375,0.54296875
3743,8,T7,140,-0.448,a,S1 obj,14,co2a0000375,0.546875
3744,8,T7,141,0.529,a,S1 obj,14,co2a0000375,0.55078125
3745,8,T7,142,-1.424,a,S1 obj,14,co2a0000375,0.5546875
3746,8,T7,143,-4.354,a,S1 obj,14,co2a0000375,0.55859375
3747,8,T7,144,-4.842,a,S1 obj,14,co2a0000375,0.5625
3748,8,T7,145,-0.448,a,S1 obj,14,co2a0000375,0.56640625
3749,8,T7,146,6.388,a,S1 obj,14,co2a0000375,0.5703125
3750,8,T7,147,11.759,a,S1 obj,14,co2a0000375,0.57421875
3751,8,T7,148,13.224,a,S1 obj,14,co2a0000375,0.578125
3752,8,T7,149,10.783,a,S1 obj,14,co2a0000375,0.58203125
3753,8,T7,150,7.853,a,S1 obj,14,co2a0000375,0.5859375
3754,8,T7,151,6.877,a,S1 obj,14,co2a0000375,0.58984375
3755,8,T7,152,6.877,a,S1 obj,14,co2a0000375,0.59375
3756,8,T7,153,7.365,a,S1 obj,14,co2a0000375,0.59765625
3757,8,T7,154,5.9,a,S1 obj,14,co2a0000375,0.6015625
3758,8,T7,155,2.97,a,S1 obj,14,co2a0000375,0.60546875
3759,8,T7,156,0.041,a,S1 obj,14,co2a0000375,0.609375
3760,8,T7,157,-1.424,a,S1 obj,14,co2a0000375,0.61328125
3761,8,T7,158,-1.912,a,S1 obj,14,co2a0000375,0.6171875
3762,8,T7,159,-2.889,a,S1 obj,14,co2a0000375,0.62109375
3763,8,T7,160,-4.842,a,S1 obj,14,co2a0000375,0.625
3764,8,T7,161,-7.284,a,S1 obj,14,co2a0000375,0.62890625
3765,8,T7,162,-7.772,a,S1 obj,14,co2a0000375,0.6328125
3766,8,T7,163,-6.307,a,S1 obj,14,co2a0000375,0.63671875
3767,8,T7,164,-2.401,a,S1 obj,14,co2a0000375,0.640625
3768,8,T7,165,1.017,a,S1 obj,14,co2a0000375,0.64453125
3769,8,T7,166,1.506,a,S1 obj,14,co2a0000375,0.6484375
3770,8,T7,167,-1.424,a,S1 obj,14,co2a0000375,0.65234375
3771,8,T7,168,-5.33,a,S1 obj,14,co2a0000375,0.65625
3772,8,T7,169,-6.795,a,S1 obj,14,co2a0000375,0.66015625
3773,8,T7,170,-4.354,a,S1 obj,14,co2a0000375,0.6640625
3774,8,T7,171,0.041,a,S1 obj,14,co2a0000375,0.66796875
3775,8,T7,172,2.482,a,S1 obj,14,co2a0000375,0.671875
3776,8,T7,173,1.506,a,S1 obj,14,co2a0000375,0.67578125
3777,8,T7,174,-1.912,a,S1 obj,14,co2a0000375,0.6796875
3778,8,T7,175,-5.33,a,S1 obj,14,co2a0000375,0.68359375
3779,8,T7,176,-6.795,a,S1 obj,14,co2a0000375,0.6875
3780,8,T7,177,-5.819,a,S1 obj,14,co2a0000375,0.69140625
3781,8,T7,178,-3.866,a,S1 obj,14,co2a0000375,0.6953125
3782,8,T7,179,-2.889,a,S1 obj,14,co2a0000375,0.69921875
3783,8,T7,180,-2.889,a,S1 obj,14,co2a0000375,0.703125
3784,8,T7,181,-3.377,a,S1 obj,14,co2a0000375,0.70703125
3785,8,T7,182,-3.377,a,S1 obj,14,co2a0000375,0.7109375
3786,8,T7,183,-2.889,a,S1 obj,14,co2a0000375,0.71484375
3787,8,T7,184,-2.889,a,S1 obj,14,co2a0000375,0.71875
3788,8,T7,185,-2.889,a,S1 obj,14,co2a0000375,0.72265625
3789,8,T7,186,-3.866,a,S1 obj,14,co2a0000375,0.7265625
3790,8,T7,187,-4.842,a,S1 obj,14,co2a0000375,0.73046875
3791,8,T7,188,-3.866,a,S1 obj,14,co2a0000375,0.734375
3792,8,T7,189,-1.912,a,S1 obj,14,co2a0000375,0.73828125
3793,8,T7,190,2.482,a,S1 obj,14,co2a0000375,0.7421875
3794,8,T7,191,6.877,a,S1 obj,14,co2a0000375,0.74609375
3795,8,T7,192,9.318,a,S1 obj,14,co2a0000375,0.75
3796,8,T7,193,8.341,a,S1 obj,14,co2a0000375,0.75390625
3797,8,T7,194,3.947,a,S1 obj,14,co2a0000375,0.7578125
3798,8,T7,195,-2.401,a,S1 obj,14,co2a0000375,0.76171875
3799,8,T7,196,-6.795,a,S1 obj,14,co2a0000375,0.765625
3800,8,T7,197,-7.284,a,S1 obj,14,co2a0000375,0.76953125
3801,8,T7,198,-3.866,a,S1 obj,14,co2a0000375,0.7734375
3802,8,T7,199,1.994,a,S1 obj,14,co2a0000375,0.77734375
3803,8,T7,200,6.877,a,S1 obj,14,co2a0000375,0.78125
3804,8,T7,201,8.83,a,S1 obj,14,co2a0000375,0.78515625
3805,8,T7,202,8.83,a,S1 obj,14,co2a0000375,0.7890625
3806,8,T7,203,8.341,a,S1 obj,14,co2a0000375,0.79296875
3807,8,T7,204,7.853,a,S1 obj,14,co2a0000375,0.796875
3808,8,T7,205,6.877,a,S1 obj,14,co2a0000375,0.80078125
3809,8,T7,206,4.924,a,S1 obj,14,co2a0000375,0.8046875
3810,8,T7,207,2.97,a,S1 obj,14,co2a0000375,0.80859375
3811,8,T7,208,0.529,a,S1 obj,14,co2a0000375,0.8125
3812,8,T7,209,-0.936,a,S1 obj,14,co2a0000375,0.81640625
3813,8,T7,210,0.529,a,S1 obj,14,co2a0000375,0.8203125
3814,8,T7,211,3.947,a,S1 obj,14,co2a0000375,0.82421875
3815,8,T7,212,8.83,a,S1 obj,14,co2a0000375,0.828125
3816,8,T7,213,13.713,a,S1 obj,14,co2a0000375,0.83203125
3817,8,T7,214,17.131,a,S1 obj,14,co2a0000375,0.8359375
3818,8,T7,215,18.107,a,S1 obj,14,co2a0000375,0.83984375
3819,8,T7,216,17.619,a,S1 obj,14,co2a0000375,0.84375
3820,8,T7,217,16.154,a,S1 obj,14,co2a0000375,0.84765625
3821,8,T7,218,15.177,a,S1 obj,14,co2a0000375,0.8515625
3822,8,T7,219,14.689,a,S1 obj,14,co2a0000375,0.85546875
3823,8,T7,220,14.689,a,S1 obj,14,co2a0000375,0.859375
3824,8,T7,221,13.224,a,S1 obj,14,co2a0000375,0.86328125
3825,8,T7,222,10.295,a,S1 obj,14,co2a0000375,0.8671875
3826,8,T7,223,5.412,a,S1 obj,14,co2a0000375,0.87109375
3827,8,T7,224,1.017,a,S1 obj,14,co2a0000375,0.875
3828,8,T7,225,-1.424,a,S1 obj,14,co2a0000375,0.87890625
3829,8,T7,226,-0.936,a,S1 obj,14,co2a0000375,0.8828125
3830,8,T7,227,1.506,a,S1 obj,14,co2a0000375,0.88671875
3831,8,T7,228,4.435,a,S1 obj,14,co2a0000375,0.890625
3832,8,T7,229,5.412,a,S1 obj,14,co2a0000375,0.89453125
3833,8,T7,230,4.435,a,S1 obj,14,co2a0000375,0.8984375
3834,8,T7,231,2.97,a,S1 obj,14,co2a0000375,0.90234375
3835,8,T7,232,2.482,a,S1 obj,14,co2a0000375,0.90625
3836,8,T7,233,3.459,a,S1 obj,14,co2a0000375,0.91015625
3837,8,T7,234,6.388,a,S1 obj,14,co2a0000375,0.9140625
3838,8,T7,235,7.853,a,S1 obj,14,co2a0000375,0.91796875
3839,8,T7,236,6.388,a,S1 obj,14,co2a0000375,0.921875
3840,8,T7,237,2.482,a,S1 obj,14,co2a0000375,0.92578125
3841,8,T7,238,-1.424,a,S1 obj,14,co2a0000375,0.9296875
3842,8,T7,239,-3.377,a,S1 obj,14,co2a0000375,0.93359375
3843,8,T7,240,-1.912,a,S1 obj,14,co2a0000375,0.9375
3844,8,T7,241,1.506,a,S1 obj,14,co2a0000375,0.94140625
3845,8,T7,242,3.947,a,S1 obj,14,co2a0000375,0.9453125
3846,8,T7,243,2.97,a,S1 obj,14,co2a0000375,0.94921875
3847,8,T7,244,0.041,a,S1 obj,14,co2a0000375,0.953125
3848,8,T7,245,-1.912,a,S1 obj,14,co2a0000375,0.95703125
3849,8,T7,246,-1.424,a,S1 obj,14,co2a0000375,0.9609375
3850,8,T7,247,1.994,a,S1 obj,14,co2a0000375,0.96484375
3851,8,T7,248,5.9,a,S1 obj,14,co2a0000375,0.96875
3852,8,T7,249,6.877,a,S1 obj,14,co2a0000375,0.97265625
3853,8,T7,250,5.412,a,S1 obj,14,co2a0000375,0.9765625
3854,8,T7,251,3.459,a,S1 obj,14,co2a0000375,0.98046875
3855,8,T7,252,3.459,a,S1 obj,14,co2a0000375,0.984375
3856,8,T7,253,6.877,a,S1 obj,14,co2a0000375,0.98828125
3857,8,T7,254,10.783,a,S1 obj,14,co2a0000375,0.9921875
3858,8,T7,255,13.713,a,S1 obj,14,co2a0000375,0.99609375
3860,8,CZ,0,-0.682,a,S1 obj,15,co2a0000375,0.0
3861,8,CZ,1,-2.146,a,S1 obj,15,co2a0000375,0.00390625
3862,8,CZ,2,-2.146,a,S1 obj,15,co2a0000375,0.0078125
3863,8,CZ,3,0.295,a,S1 obj,15,co2a0000375,0.01171875
3864,8,CZ,4,3.713,a,S1 obj,15,co2a0000375,0.015625
3865,8,CZ,5,7.131,a,S1 obj,15,co2a0000375,0.01953125
3866,8,CZ,6,8.596,a,S1 obj,15,co2a0000375,0.0234375
3867,8,CZ,7,9.084,a,S1 obj,15,co2a0000375,0.02734375
3868,8,CZ,8,6.154,a,S1 obj,15,co2a0000375,0.03125
3869,8,CZ,9,1.272,a,S1 obj,15,co2a0000375,0.03515625
3870,8,CZ,10,-5.076,a,S1 obj,15,co2a0000375,0.0390625
3871,8,CZ,11,-11.424,a,S1 obj,15,co2a0000375,0.04296875
3872,8,CZ,12,-14.842,a,S1 obj,15,co2a0000375,0.046875
3873,8,CZ,13,-14.353,a,S1 obj,15,co2a0000375,0.05078125
3874,8,CZ,14,-10.447,a,S1 obj,15,co2a0000375,0.0546875
3875,8,CZ,15,-6.053,a,S1 obj,15,co2a0000375,0.05859375
3876,8,CZ,16,-3.123,a,S1 obj,15,co2a0000375,0.0625
3877,8,CZ,17,-3.123,a,S1 obj,15,co2a0000375,0.06640625
3878,8,CZ,18,-4.588,a,S1 obj,15,co2a0000375,0.0703125
3879,8,CZ,19,-5.076,a,S1 obj,15,co2a0000375,0.07421875
3880,8,CZ,20,-2.635,a,S1 obj,15,co2a0000375,0.078125
3881,8,CZ,21,2.248,a,S1 obj,15,co2a0000375,0.08203125
3882,8,CZ,22,6.643,a,S1 obj,15,co2a0000375,0.0859375
3883,8,CZ,23,8.108,a,S1 obj,15,co2a0000375,0.08984375
3884,8,CZ,24,6.643,a,S1 obj,15,co2a0000375,0.09375
3885,8,CZ,25,3.713,a,S1 obj,15,co2a0000375,0.09765625
3886,8,CZ,26,1.272,a,S1 obj,15,co2a0000375,0.1015625
3887,8,CZ,27,1.272,a,S1 obj,15,co2a0000375,0.10546875
3888,8,CZ,28,3.225,a,S1 obj,15,co2a0000375,0.109375
3889,8,CZ,29,4.201,a,S1 obj,15,co2a0000375,0.11328125
3890,8,CZ,30,2.736,a,S1 obj,15,co2a0000375,0.1171875
3891,8,CZ,31,-1.17,a,S1 obj,15,co2a0000375,0.12109375
3892,8,CZ,32,-5.564,a,S1 obj,15,co2a0000375,0.125
3893,8,CZ,33,-8.494,a,S1 obj,15,co2a0000375,0.12890625
3894,8,CZ,34,-8.006,a,S1 obj,15,co2a0000375,0.1328125
3895,8,CZ,35,-6.053,a,S1 obj,15,co2a0000375,0.13671875
3896,8,CZ,36,-3.611,a,S1 obj,15,co2a0000375,0.140625
3897,8,CZ,37,-2.635,a,S1 obj,15,co2a0000375,0.14453125
3898,8,CZ,38,-4.1,a,S1 obj,15,co2a0000375,0.1484375
3899,8,CZ,39,-7.029,a,S1 obj,15,co2a0000375,0.15234375
3900,8,CZ,40,-9.959,a,S1 obj,15,co2a0000375,0.15625
3901,8,CZ,41,-11.424,a,S1 obj,15,co2a0000375,0.16015625
3902,8,CZ,42,-12.889,a,S1 obj,15,co2a0000375,0.1640625
3903,8,CZ,43,-14.353,a,S1 obj,15,co2a0000375,0.16796875
3904,8,CZ,44,-16.795,a,S1 obj,15,co2a0000375,0.171875
3905,8,CZ,45,-19.725,a,S1 obj,15,co2a0000375,0.17578125
3906,8,CZ,46,-22.166,a,S1 obj,15,co2a0000375,0.1796875
3907,8,CZ,47,-23.142,a,S1 obj,15,co2a0000375,0.18359375
3908,8,CZ,48,-22.654,a,S1 obj,15,co2a0000375,0.1875
3909,8,CZ,49,-20.701,a,S1 obj,15,co2a0000375,0.19140625
3910,8,CZ,50,-17.771,a,S1 obj,15,co2a0000375,0.1953125
3911,8,CZ,51,-15.33,a,S1 obj,15,co2a0000375,0.19921875
3912,8,CZ,52,-12.889,a,S1 obj,15,co2a0000375,0.203125
3913,8,CZ,53,-10.935,a,S1 obj,15,co2a0000375,0.20703125
3914,8,CZ,54,-8.982,a,S1 obj,15,co2a0000375,0.2109375
3915,8,CZ,55,-6.541,a,S1 obj,15,co2a0000375,0.21484375
3916,8,CZ,56,-3.611,a,S1 obj,15,co2a0000375,0.21875
3917,8,CZ,57,-1.17,a,S1 obj,15,co2a0000375,0.22265625
3918,8,CZ,58,1.272,a,S1 obj,15,co2a0000375,0.2265625
3919,8,CZ,59,3.225,a,S1 obj,15,co2a0000375,0.23046875
3920,8,CZ,60,4.201,a,S1 obj,15,co2a0000375,0.234375
3921,8,CZ,61,5.666,a,S1 obj,15,co2a0000375,0.23828125
3922,8,CZ,62,7.131,a,S1 obj,15,co2a0000375,0.2421875
3923,8,CZ,63,9.084,a,S1 obj,15,co2a0000375,0.24609375
3924,8,CZ,64,11.037,a,S1 obj,15,co2a0000375,0.25
3925,8,CZ,65,13.479,a,S1 obj,15,co2a0000375,0.25390625
3926,8,CZ,66,15.432,a,S1 obj,15,co2a0000375,0.2578125
3927,8,CZ,67,16.897,a,S1 obj,15,co2a0000375,0.26171875
3928,8,CZ,68,16.408,a,S1 obj,15,co2a0000375,0.265625
3929,8,CZ,69,14.455,a,S1 obj,15,co2a0000375,0.26953125
3930,8,CZ,70,11.037,a,S1 obj,15,co2a0000375,0.2734375
3931,8,CZ,71,8.596,a,S1 obj,15,co2a0000375,0.27734375
3932,8,CZ,72,6.643,a,S1 obj,15,co2a0000375,0.28125
3933,8,CZ,73,6.154,a,S1 obj,15,co2a0000375,0.28515625
3934,8,CZ,74,6.154,a,S1 obj,15,co2a0000375,0.2890625
3935,8,CZ,75,5.178,a,S1 obj,15,co2a0000375,0.29296875
3936,8,CZ,76,3.225,a,S1 obj,15,co2a0000375,0.296875
3937,8,CZ,77,0.783,a,S1 obj,15,co2a0000375,0.30078125
3938,8,CZ,78,-1.17,a,S1 obj,15,co2a0000375,0.3046875
3939,8,CZ,79,-0.682,a,S1 obj,15,co2a0000375,0.30859375
3940,8,CZ,80,2.248,a,S1 obj,15,co2a0000375,0.3125
3941,8,CZ,81,5.666,a,S1 obj,15,co2a0000375,0.31640625
3942,8,CZ,82,8.596,a,S1 obj,15,co2a0000375,0.3203125
3943,8,CZ,83,10.061,a,S1 obj,15,co2a0000375,0.32421875
3944,8,CZ,84,10.061,a,S1 obj,15,co2a0000375,0.328125
3945,8,CZ,85,9.084,a,S1 obj,15,co2a0000375,0.33203125
3946,8,CZ,86,7.619,a,S1 obj,15,co2a0000375,0.3359375
3947,8,CZ,87,6.643,a,S1 obj,15,co2a0000375,0.33984375
3948,8,CZ,88,5.178,a,S1 obj,15,co2a0000375,0.34375
3949,8,CZ,89,2.736,a,S1 obj,15,co2a0000375,0.34765625
3950,8,CZ,90,-0.193,a,S1 obj,15,co2a0000375,0.3515625
3951,8,CZ,91,-2.146,a,S1 obj,15,co2a0000375,0.35546875
3952,8,CZ,92,-3.611,a,S1 obj,15,co2a0000375,0.359375
3953,8,CZ,93,-4.1,a,S1 obj,15,co2a0000375,0.36328125
3954,8,CZ,94,-4.588,a,S1 obj,15,co2a0000375,0.3671875
3955,8,CZ,95,-6.053,a,S1 obj,15,co2a0000375,0.37109375
3956,8,CZ,96,-7.517,a,S1 obj,15,co2a0000375,0.375
3957,8,CZ,97,-8.006,a,S1 obj,15,co2a0000375,0.37890625
3958,8,CZ,98,-7.029,a,S1 obj,15,co2a0000375,0.3828125
3959,8,CZ,99,-5.564,a,S1 obj,15,co2a0000375,0.38671875
3960,8,CZ,100,-5.564,a,S1 obj,15,co2a0000375,0.390625
3961,8,CZ,101,-6.541,a,S1 obj,15,co2a0000375,0.39453125
3962,8,CZ,102,-8.494,a,S1 obj,15,co2a0000375,0.3984375
3963,8,CZ,103,-8.982,a,S1 obj,15,co2a0000375,0.40234375
3964,8,CZ,104,-6.053,a,S1 obj,15,co2a0000375,0.40625
3965,8,CZ,105,-0.682,a,S1 obj,15,co2a0000375,0.41015625
3966,8,CZ,106,4.201,a,S1 obj,15,co2a0000375,0.4140625
3967,8,CZ,107,4.69,a,S1 obj,15,co2a0000375,0.41796875
3968,8,CZ,108,1.272,a,S1 obj,15,co2a0000375,0.421875
3969,8,CZ,109,-5.564,a,S1 obj,15,co2a0000375,0.42578125
3970,8,CZ,110,-11.424,a,S1 obj,15,co2a0000375,0.4296875
3971,8,CZ,111,-14.353,a,S1 obj,15,co2a0000375,0.43359375
3972,8,CZ,112,-14.353,a,S1 obj,15,co2a0000375,0.4375
3973,8,CZ,113,-13.865,a,S1 obj,15,co2a0000375,0.44140625
3974,8,CZ,114,-13.865,a,S1 obj,15,co2a0000375,0.4453125
3975,8,CZ,115,-15.33,a,S1 obj,15,co2a0000375,0.44921875
3976,8,CZ,116,-17.283,a,S1 obj,15,co2a0000375,0.453125
3977,8,CZ,117,-19.236,a,S1 obj,15,co2a0000375,0.45703125
3978,8,CZ,118,-21.189,a,S1 obj,15,co2a0000375,0.4609375
3979,8,CZ,119,-23.142,a,S1 obj,15,co2a0000375,0.46484375
3980,8,CZ,120,-25.096,a,S1 obj,15,co2a0000375,0.46875
3981,8,CZ,121,-27.049,a,S1 obj,15,co2a0000375,0.47265625
3982,8,CZ,122,-28.514,a,S1 obj,15,co2a0000375,0.4765625
3983,8,CZ,123,-27.537,a,S1 obj,15,co2a0000375,0.48046875
3984,8,CZ,124,-24.119,a,S1 obj,15,co2a0000375,0.484375
3985,8,CZ,125,-19.725,a,S1 obj,15,co2a0000375,0.48828125
3986,8,CZ,126,-15.33,a,S1 obj,15,co2a0000375,0.4921875
3987,8,CZ,127,-12.889,a,S1 obj,15,co2a0000375,0.49609375
3988,8,CZ,128,-13.377,a,S1 obj,15,co2a0000375,0.5
3989,8,CZ,129,-15.818,a,S1 obj,15,co2a0000375,0.50390625
3990,8,CZ,130,-18.26,a,S1 obj,15,co2a0000375,0.5078125
3991,8,CZ,131,-20.213,a,S1 obj,15,co2a0000375,0.51171875
3992,8,CZ,132,-20.213,a,S1 obj,15,co2a0000375,0.515625
3993,8,CZ,133,-20.701,a,S1 obj,15,co2a0000375,0.51953125
3994,8,CZ,134,-22.654,a,S1 obj,15,co2a0000375,0.5234375
3995,8,CZ,135,-26.56,a,S1 obj,15,co2a0000375,0.52734375
3996,8,CZ,136,-29.978,a,S1 obj,15,co2a0000375,0.53125
3997,8,CZ,137,-31.932,a,S1 obj,15,co2a0000375,0.53515625
3998,8,CZ,138,-30.955,a,S1 obj,15,co2a0000375,0.5390625
3999,8,CZ,139,-28.025,a,S1 obj,15,co2a0000375,0.54296875
4000,8,CZ,140,-26.072,a,S1 obj,15,co2a0000375,0.546875
4001,8,CZ,141,-27.537,a,S1 obj,15,co2a0000375,0.55078125
4002,8,CZ,142,-31.443,a,S1 obj,15,co2a0000375,0.5546875
4003,8,CZ,143,-34.861,a,S1 obj,15,co2a0000375,0.55859375
4004,8,CZ,144,-33.885,a,S1 obj,15,co2a0000375,0.5625
4005,8,CZ,145,-27.537,a,S1 obj,15,co2a0000375,0.56640625
4006,8,CZ,146,-19.236,a,S1 obj,15,co2a0000375,0.5703125
4007,8,CZ,147,-12.4,a,S1 obj,15,co2a0000375,0.57421875
4008,8,CZ,148,-9.959,a,S1 obj,15,co2a0000375,0.578125
4009,8,CZ,149,-12.889,a,S1 obj,15,co2a0000375,0.58203125
4010,8,CZ,150,-18.26,a,S1 obj,15,co2a0000375,0.5859375
4011,8,CZ,151,-23.142,a,S1 obj,15,co2a0000375,0.58984375
4012,8,CZ,152,-25.584,a,S1 obj,15,co2a0000375,0.59375
4013,8,CZ,153,-27.537,a,S1 obj,15,co2a0000375,0.59765625
4014,8,CZ,154,-28.514,a,S1 obj,15,co2a0000375,0.6015625
4015,8,CZ,155,-29.978,a,S1 obj,15,co2a0000375,0.60546875
4016,8,CZ,156,-31.443,a,S1 obj,15,co2a0000375,0.609375
4017,8,CZ,157,-32.42,a,S1 obj,15,co2a0000375,0.61328125
4018,8,CZ,158,-33.885,a,S1 obj,15,co2a0000375,0.6171875
4019,8,CZ,159,-37.303,a,S1 obj,15,co2a0000375,0.62109375
4020,8,CZ,160,-41.697,a,S1 obj,15,co2a0000375,0.625
4021,8,CZ,161,-46.58,a,S1 obj,15,co2a0000375,0.62890625
4022,8,CZ,162,-49.51,a,S1 obj,15,co2a0000375,0.6328125
4023,8,CZ,163,-48.533,a,S1 obj,15,co2a0000375,0.63671875
4024,8,CZ,164,-45.115,a,S1 obj,15,co2a0000375,0.640625
4025,8,CZ,165,-43.162,a,S1 obj,15,co2a0000375,0.64453125
4026,8,CZ,166,-43.65,a,S1 obj,15,co2a0000375,0.6484375
4027,8,CZ,167,-46.58,a,S1 obj,15,co2a0000375,0.65234375
4028,8,CZ,168,-49.021,a,S1 obj,15,co2a0000375,0.65625
4029,8,CZ,169,-49.021,a,S1 obj,15,co2a0000375,0.66015625
4030,8,CZ,170,-46.58,a,S1 obj,15,co2a0000375,0.6640625
4031,8,CZ,171,-45.115,a,S1 obj,15,co2a0000375,0.66796875
4032,8,CZ,172,-46.58,a,S1 obj,15,co2a0000375,0.671875
4033,8,CZ,173,-52.439,a,S1 obj,15,co2a0000375,0.67578125
4034,8,CZ,174,-59.275,a,S1 obj,15,co2a0000375,0.6796875
4035,8,CZ,175,-63.182,a,S1 obj,15,co2a0000375,0.68359375
4036,8,CZ,176,-62.693,a,S1 obj,15,co2a0000375,0.6875
4037,8,CZ,177,-58.299,a,S1 obj,15,co2a0000375,0.69140625
4038,8,CZ,178,-54.881,a,S1 obj,15,co2a0000375,0.6953125
4039,8,CZ,179,-54.392,a,S1 obj,15,co2a0000375,0.69921875
4040,8,CZ,180,-57.81,a,S1 obj,15,co2a0000375,0.703125
4041,8,CZ,181,-61.717,a,S1 obj,15,co2a0000375,0.70703125
4042,8,CZ,182,-63.182,a,S1 obj,15,co2a0000375,0.7109375
4043,8,CZ,183,-61.228,a,S1 obj,15,co2a0000375,0.71484375
4044,8,CZ,184,-56.834,a,S1 obj,15,co2a0000375,0.71875
4045,8,CZ,185,-53.904,a,S1 obj,15,co2a0000375,0.72265625
4046,8,CZ,186,-53.904,a,S1 obj,15,co2a0000375,0.7265625
4047,8,CZ,187,-55.369,a,S1 obj,15,co2a0000375,0.73046875
4048,8,CZ,188,-55.857,a,S1 obj,15,co2a0000375,0.734375
4049,8,CZ,189,-52.928,a,S1 obj,15,co2a0000375,0.73828125
4050,8,CZ,190,-46.092,a,S1 obj,15,co2a0000375,0.7421875
4051,8,CZ,191,-38.767,a,S1 obj,15,co2a0000375,0.74609375
4052,8,CZ,192,-34.373,a,S1 obj,15,co2a0000375,0.75
4053,8,CZ,193,-34.861,a,S1 obj,15,co2a0000375,0.75390625
4054,8,CZ,194,-40.232,a,S1 obj,15,co2a0000375,0.7578125
4055,8,CZ,195,-46.58,a,S1 obj,15,co2a0000375,0.76171875
4056,8,CZ,196,-49.998,a,S1 obj,15,co2a0000375,0.765625
4057,8,CZ,197,-48.533,a,S1 obj,15,co2a0000375,0.76953125
4058,8,CZ,198,-43.162,a,S1 obj,15,co2a0000375,0.7734375
4059,8,CZ,199,-37.303,a,S1 obj,15,co2a0000375,0.77734375
4060,8,CZ,200,-33.396,a,S1 obj,15,co2a0000375,0.78125
4061,8,CZ,201,-32.42,a,S1 obj,15,co2a0000375,0.78515625
4062,8,CZ,202,-32.908,a,S1 obj,15,co2a0000375,0.7890625
4063,8,CZ,203,-32.908,a,S1 obj,15,co2a0000375,0.79296875
4064,8,CZ,204,-31.443,a,S1 obj,15,co2a0000375,0.796875
4065,8,CZ,205,-29.002,a,S1 obj,15,co2a0000375,0.80078125
4066,8,CZ,206,-28.025,a,S1 obj,15,co2a0000375,0.8046875
4067,8,CZ,207,-28.514,a,S1 obj,15,co2a0000375,0.80859375
4068,8,CZ,208,-30.467,a,S1 obj,15,co2a0000375,0.8125
4069,8,CZ,209,-31.443,a,S1 obj,15,co2a0000375,0.81640625
4070,8,CZ,210,-29.978,a,S1 obj,15,co2a0000375,0.8203125
4071,8,CZ,211,-25.584,a,S1 obj,15,co2a0000375,0.82421875
4072,8,CZ,212,-20.213,a,S1 obj,15,co2a0000375,0.828125
4073,8,CZ,213,-17.283,a,S1 obj,15,co2a0000375,0.83203125
4074,8,CZ,214,-17.283,a,S1 obj,15,co2a0000375,0.8359375
4075,8,CZ,215,-19.725,a,S1 obj,15,co2a0000375,0.83984375
4076,8,CZ,216,-22.654,a,S1 obj,15,co2a0000375,0.84375
4077,8,CZ,217,-24.607,a,S1 obj,15,co2a0000375,0.84765625
4078,8,CZ,218,-25.096,a,S1 obj,15,co2a0000375,0.8515625
4079,8,CZ,219,-25.096,a,S1 obj,15,co2a0000375,0.85546875
4080,8,CZ,220,-25.584,a,S1 obj,15,co2a0000375,0.859375
4081,8,CZ,221,-27.049,a,S1 obj,15,co2a0000375,0.86328125
4082,8,CZ,222,-28.025,a,S1 obj,15,co2a0000375,0.8671875
4083,8,CZ,223,-28.025,a,S1 obj,15,co2a0000375,0.87109375
4084,8,CZ,224,-27.049,a,S1 obj,15,co2a0000375,0.875
4085,8,CZ,225,-26.072,a,S1 obj,15,co2a0000375,0.87890625
4086,8,CZ,226,-25.584,a,S1 obj,15,co2a0000375,0.8828125
4087,8,CZ,227,-25.096,a,S1 obj,15,co2a0000375,0.88671875
4088,8,CZ,228,-24.607,a,S1 obj,15,co2a0000375,0.890625
4089,8,CZ,229,-23.631,a,S1 obj,15,co2a0000375,0.89453125
4090,8,CZ,230,-21.189,a,S1 obj,15,co2a0000375,0.8984375
4091,8,CZ,231,-18.748,a,S1 obj,15,co2a0000375,0.90234375
4092,8,CZ,232,-16.795,a,S1 obj,15,co2a0000375,0.90625
4093,8,CZ,233,-15.818,a,S1 obj,15,co2a0000375,0.91015625
4094,8,CZ,234,-16.307,a,S1 obj,15,co2a0000375,0.9140625
4095,8,CZ,235,-19.236,a,S1 obj,15,co2a0000375,0.91796875
4096,8,CZ,236,-22.654,a,S1 obj,15,co2a0000375,0.921875
4097,8,CZ,237,-25.584,a,S1 obj,15,co2a0000375,0.92578125
4098,8,CZ,238,-26.072,a,S1 obj,15,co2a0000375,0.9296875
4099,8,CZ,239,-23.631,a,S1 obj,15,co2a0000375,0.93359375
4100,8,CZ,240,-20.213,a,S1 obj,15,co2a0000375,0.9375
4101,8,CZ,241,-18.26,a,S1 obj,15,co2a0000375,0.94140625
4102,8,CZ,242,-19.236,a,S1 obj,15,co2a0000375,0.9453125
4103,8,CZ,243,-22.166,a,S1 obj,15,co2a0000375,0.94921875
4104,8,CZ,244,-25.096,a,S1 obj,15,co2a0000375,0.953125
4105,8,CZ,245,-26.56,a,S1 obj,15,co2a0000375,0.95703125
4106,8,CZ,246,-25.096,a,S1 obj,15,co2a0000375,0.9609375
4107,8,CZ,247,-23.142,a,S1 obj,15,co2a0000375,0.96484375
4108,8,CZ,248,-21.189,a,S1 obj,15,co2a0000375,0.96875
4109,8,CZ,249,-19.725,a,S1 obj,15,co2a0000375,0.97265625
4110,8,CZ,250,-18.26,a,S1 obj,15,co2a0000375,0.9765625
4111,8,CZ,251,-14.842,a,S1 obj,15,co2a0000375,0.98046875
4112,8,CZ,252,-11.912,a,S1 obj,15,co2a0000375,0.984375
4113,8,CZ,253,-9.471,a,S1 obj,15,co2a0000375,0.98828125
4114,8,CZ,254,-8.494,a,S1 obj,15,co2a0000375,0.9921875
4115,8,CZ,255,-8.006,a,S1 obj,15,co2a0000375,0.99609375
4117,8,C3,0,4.11,a,S1 obj,16,co2a0000375,0.0
4118,8,C3,1,4.11,a,S1 obj,16,co2a0000375,0.00390625
4119,8,C3,2,4.598,a,S1 obj,16,co2a0000375,0.0078125
4120,8,C3,3,5.086,a,S1 obj,16,co2a0000375,0.01171875
4121,8,C3,4,5.575,a,S1 obj,16,co2a0000375,0.015625
4122,8,C3,5,5.575,a,S1 obj,16,co2a0000375,0.01953125
4123,8,C3,6,5.575,a,S1 obj,16,co2a0000375,0.0234375
4124,8,C3,7,4.11,a,S1 obj,16,co2a0000375,0.02734375
4125,8,C3,8,2.645,a,S1 obj,16,co2a0000375,0.03125
4126,8,C3,9,1.18,a,S1 obj,16,co2a0000375,0.03515625
4127,8,C3,10,0.203,a,S1 obj,16,co2a0000375,0.0390625
4128,8,C3,11,0.692,a,S1 obj,16,co2a0000375,0.04296875
4129,8,C3,12,1.668,a,S1 obj,16,co2a0000375,0.046875
4130,8,C3,13,3.133,a,S1 obj,16,co2a0000375,0.05078125
4131,8,C3,14,4.598,a,S1 obj,16,co2a0000375,0.0546875
4132,8,C3,15,5.086,a,S1 obj,16,co2a0000375,0.05859375
4133,8,C3,16,5.086,a,S1 obj,16,co2a0000375,0.0625
4134,8,C3,17,4.598,a,S1 obj,16,co2a0000375,0.06640625
4135,8,C3,18,4.598,a,S1 obj,16,co2a0000375,0.0703125
4136,8,C3,19,4.598,a,S1 obj,16,co2a0000375,0.07421875
4137,8,C3,20,4.598,a,S1 obj,16,co2a0000375,0.078125
4138,8,C3,21,4.598,a,S1 obj,16,co2a0000375,0.08203125
4139,8,C3,22,4.598,a,S1 obj,16,co2a0000375,0.0859375
4140,8,C3,23,4.598,a,S1 obj,16,co2a0000375,0.08984375
4141,8,C3,24,4.598,a,S1 obj,16,co2a0000375,0.09375
4142,8,C3,25,4.598,a,S1 obj,16,co2a0000375,0.09765625
4143,8,C3,26,4.598,a,S1 obj,16,co2a0000375,0.1015625
4144,8,C3,27,4.598,a,S1 obj,16,co2a0000375,0.10546875
4145,8,C3,28,5.086,a,S1 obj,16,co2a0000375,0.109375
4146,8,C3,29,5.575,a,S1 obj,16,co2a0000375,0.11328125
4147,8,C3,30,6.063,a,S1 obj,16,co2a0000375,0.1171875
4148,8,C3,31,7.039,a,S1 obj,16,co2a0000375,0.12109375
4149,8,C3,32,8.016,a,S1 obj,16,co2a0000375,0.125
4150,8,C3,33,8.993,a,S1 obj,16,co2a0000375,0.12890625
4151,8,C3,34,8.993,a,S1 obj,16,co2a0000375,0.1328125
4152,8,C3,35,7.039,a,S1 obj,16,co2a0000375,0.13671875
4153,8,C3,36,5.575,a,S1 obj,16,co2a0000375,0.140625
4154,8,C3,37,3.621,a,S1 obj,16,co2a0000375,0.14453125
4155,8,C3,38,2.645,a,S1 obj,16,co2a0000375,0.1484375
4156,8,C3,39,3.621,a,S1 obj,16,co2a0000375,0.15234375
4157,8,C3,40,5.086,a,S1 obj,16,co2a0000375,0.15625
4158,8,C3,41,7.039,a,S1 obj,16,co2a0000375,0.16015625
4159,8,C3,42,8.504,a,S1 obj,16,co2a0000375,0.1640625
4160,8,C3,43,9.481,a,S1 obj,16,co2a0000375,0.16796875
4161,8,C3,44,9.481,a,S1 obj,16,co2a0000375,0.171875
4162,8,C3,45,9.969,a,S1 obj,16,co2a0000375,0.17578125
4163,8,C3,46,9.969,a,S1 obj,16,co2a0000375,0.1796875
4164,8,C3,47,9.481,a,S1 obj,16,co2a0000375,0.18359375
4165,8,C3,48,8.993,a,S1 obj,16,co2a0000375,0.1875
4166,8,C3,49,8.504,a,S1 obj,16,co2a0000375,0.19140625
4167,8,C3,50,7.039,a,S1 obj,16,co2a0000375,0.1953125
4168,8,C3,51,6.063,a,S1 obj,16,co2a0000375,0.19921875
4169,8,C3,52,5.575,a,S1 obj,16,co2a0000375,0.203125
4170,8,C3,53,5.086,a,S1 obj,16,co2a0000375,0.20703125
4171,8,C3,54,4.598,a,S1 obj,16,co2a0000375,0.2109375
4172,8,C3,55,4.11,a,S1 obj,16,co2a0000375,0.21484375
4173,8,C3,56,3.621,a,S1 obj,16,co2a0000375,0.21875
4174,8,C3,57,3.621,a,S1 obj,16,co2a0000375,0.22265625
4175,8,C3,58,4.11,a,S1 obj,16,co2a0000375,0.2265625
4176,8,C3,59,5.575,a,S1 obj,16,co2a0000375,0.23046875
4177,8,C3,60,7.528,a,S1 obj,16,co2a0000375,0.234375
4178,8,C3,61,9.481,a,S1 obj,16,co2a0000375,0.23828125
4179,8,C3,62,10.946,a,S1 obj,16,co2a0000375,0.2421875
4180,8,C3,63,11.434,a,S1 obj,16,co2a0000375,0.24609375
4181,8,C3,64,10.946,a,S1 obj,16,co2a0000375,0.25
4182,8,C3,65,9.969,a,S1 obj,16,co2a0000375,0.25390625
4183,8,C3,66,8.504,a,S1 obj,16,co2a0000375,0.2578125
4184,8,C3,67,7.039,a,S1 obj,16,co2a0000375,0.26171875
4185,8,C3,68,6.551,a,S1 obj,16,co2a0000375,0.265625
4186,8,C3,69,6.551,a,S1 obj,16,co2a0000375,0.26953125
4187,8,C3,70,7.039,a,S1 obj,16,co2a0000375,0.2734375
4188,8,C3,71,8.504,a,S1 obj,16,co2a0000375,0.27734375
4189,8,C3,72,8.993,a,S1 obj,16,co2a0000375,0.28125
4190,8,C3,73,9.481,a,S1 obj,16,co2a0000375,0.28515625
4191,8,C3,74,9.481,a,S1 obj,16,co2a0000375,0.2890625
4192,8,C3,75,9.481,a,S1 obj,16,co2a0000375,0.29296875
4193,8,C3,76,8.504,a,S1 obj,16,co2a0000375,0.296875
4194,8,C3,77,7.528,a,S1 obj,16,co2a0000375,0.30078125
4195,8,C3,78,6.551,a,S1 obj,16,co2a0000375,0.3046875
4196,8,C3,79,5.575,a,S1 obj,16,co2a0000375,0.30859375
4197,8,C3,80,6.063,a,S1 obj,16,co2a0000375,0.3125
4198,8,C3,81,7.528,a,S1 obj,16,co2a0000375,0.31640625
4199,8,C3,82,9.969,a,S1 obj,16,co2a0000375,0.3203125
4200,8,C3,83,11.922,a,S1 obj,16,co2a0000375,0.32421875
4201,8,C3,84,12.899,a,S1 obj,16,co2a0000375,0.328125
4202,8,C3,85,11.922,a,S1 obj,16,co2a0000375,0.33203125
4203,8,C3,86,10.457,a,S1 obj,16,co2a0000375,0.3359375
4204,8,C3,87,9.481,a,S1 obj,16,co2a0000375,0.33984375
4205,8,C3,88,9.481,a,S1 obj,16,co2a0000375,0.34375
4206,8,C3,89,10.457,a,S1 obj,16,co2a0000375,0.34765625
4207,8,C3,90,11.434,a,S1 obj,16,co2a0000375,0.3515625
4208,8,C3,91,11.434,a,S1 obj,16,co2a0000375,0.35546875
4209,8,C3,92,10.946,a,S1 obj,16,co2a0000375,0.359375
4210,8,C3,93,9.969,a,S1 obj,16,co2a0000375,0.36328125
4211,8,C3,94,9.481,a,S1 obj,16,co2a0000375,0.3671875
4212,8,C3,95,8.504,a,S1 obj,16,co2a0000375,0.37109375
4213,8,C3,96,7.528,a,S1 obj,16,co2a0000375,0.375
4214,8,C3,97,5.575,a,S1 obj,16,co2a0000375,0.37890625
4215,8,C3,98,3.621,a,S1 obj,16,co2a0000375,0.3828125
4216,8,C3,99,2.645,a,S1 obj,16,co2a0000375,0.38671875
4217,8,C3,100,3.133,a,S1 obj,16,co2a0000375,0.390625
4218,8,C3,101,4.598,a,S1 obj,16,co2a0000375,0.39453125
4219,8,C3,102,7.039,a,S1 obj,16,co2a0000375,0.3984375
4220,8,C3,103,8.993,a,S1 obj,16,co2a0000375,0.40234375
4221,8,C3,104,8.504,a,S1 obj,16,co2a0000375,0.40625
4222,8,C3,105,7.039,a,S1 obj,16,co2a0000375,0.41015625
4223,8,C3,106,4.598,a,S1 obj,16,co2a0000375,0.4140625
4224,8,C3,107,3.133,a,S1 obj,16,co2a0000375,0.41796875
4225,8,C3,108,2.645,a,S1 obj,16,co2a0000375,0.421875
4226,8,C3,109,3.133,a,S1 obj,16,co2a0000375,0.42578125
4227,8,C3,110,3.621,a,S1 obj,16,co2a0000375,0.4296875
4228,8,C3,111,3.133,a,S1 obj,16,co2a0000375,0.43359375
4229,8,C3,112,2.157,a,S1 obj,16,co2a0000375,0.4375
4230,8,C3,113,2.157,a,S1 obj,16,co2a0000375,0.44140625
4231,8,C3,114,3.133,a,S1 obj,16,co2a0000375,0.4453125
4232,8,C3,115,4.11,a,S1 obj,16,co2a0000375,0.44921875
4233,8,C3,116,4.598,a,S1 obj,16,co2a0000375,0.453125
4234,8,C3,117,3.621,a,S1 obj,16,co2a0000375,0.45703125
4235,8,C3,118,0.203,a,S1 obj,16,co2a0000375,0.4609375
4236,8,C3,119,-2.726,a,S1 obj,16,co2a0000375,0.46484375
4237,8,C3,120,-4.191,a,S1 obj,16,co2a0000375,0.46875
4238,8,C3,121,-3.703,a,S1 obj,16,co2a0000375,0.47265625
4239,8,C3,122,-2.238,a,S1 obj,16,co2a0000375,0.4765625
4240,8,C3,123,-1.261,a,S1 obj,16,co2a0000375,0.48046875
4241,8,C3,124,-1.75,a,S1 obj,16,co2a0000375,0.484375
4242,8,C3,125,-2.238,a,S1 obj,16,co2a0000375,0.48828125
4243,8,C3,126,-1.75,a,S1 obj,16,co2a0000375,0.4921875
4244,8,C3,127,1.18,a,S1 obj,16,co2a0000375,0.49609375
4245,8,C3,128,5.086,a,S1 obj,16,co2a0000375,0.5
4246,8,C3,129,7.039,a,S1 obj,16,co2a0000375,0.50390625
4247,8,C3,130,6.063,a,S1 obj,16,co2a0000375,0.5078125
4248,8,C3,131,2.157,a,S1 obj,16,co2a0000375,0.51171875
4249,8,C3,132,-2.238,a,S1 obj,16,co2a0000375,0.515625
4250,8,C3,133,-4.679,a,S1 obj,16,co2a0000375,0.51953125
4251,8,C3,134,-4.191,a,S1 obj,16,co2a0000375,0.5234375
4252,8,C3,135,-2.238,a,S1 obj,16,co2a0000375,0.52734375
4253,8,C3,136,-0.285,a,S1 obj,16,co2a0000375,0.53125
4254,8,C3,137,0.203,a,S1 obj,16,co2a0000375,0.53515625
4255,8,C3,138,-0.773,a,S1 obj,16,co2a0000375,0.5390625
4256,8,C3,139,-2.238,a,S1 obj,16,co2a0000375,0.54296875
4257,8,C3,140,-3.215,a,S1 obj,16,co2a0000375,0.546875
4258,8,C3,141,-2.726,a,S1 obj,16,co2a0000375,0.55078125
4259,8,C3,142,-1.75,a,S1 obj,16,co2a0000375,0.5546875
4260,8,C3,143,-0.773,a,S1 obj,16,co2a0000375,0.55859375
4261,8,C3,144,0.203,a,S1 obj,16,co2a0000375,0.5625
4262,8,C3,145,1.18,a,S1 obj,16,co2a0000375,0.56640625
4263,8,C3,146,2.157,a,S1 obj,16,co2a0000375,0.5703125
4264,8,C3,147,3.621,a,S1 obj,16,co2a0000375,0.57421875
4265,8,C3,148,4.11,a,S1 obj,16,co2a0000375,0.578125
4266,8,C3,149,3.621,a,S1 obj,16,co2a0000375,0.58203125
4267,8,C3,150,3.133,a,S1 obj,16,co2a0000375,0.5859375
4268,8,C3,151,2.157,a,S1 obj,16,co2a0000375,0.58984375
4269,8,C3,152,1.668,a,S1 obj,16,co2a0000375,0.59375
4270,8,C3,153,1.18,a,S1 obj,16,co2a0000375,0.59765625
4271,8,C3,154,1.18,a,S1 obj,16,co2a0000375,0.6015625
4272,8,C3,155,0.692,a,S1 obj,16,co2a0000375,0.60546875
4273,8,C3,156,0.692,a,S1 obj,16,co2a0000375,0.609375
4274,8,C3,157,-0.285,a,S1 obj,16,co2a0000375,0.61328125
4275,8,C3,158,-0.773,a,S1 obj,16,co2a0000375,0.6171875
4276,8,C3,159,-1.261,a,S1 obj,16,co2a0000375,0.62109375
4277,8,C3,160,-1.75,a,S1 obj,16,co2a0000375,0.625
4278,8,C3,161,-2.238,a,S1 obj,16,co2a0000375,0.62890625
4279,8,C3,162,-1.261,a,S1 obj,16,co2a0000375,0.6328125
4280,8,C3,163,0.203,a,S1 obj,16,co2a0000375,0.63671875
4281,8,C3,164,1.18,a,S1 obj,16,co2a0000375,0.640625
4282,8,C3,165,1.18,a,S1 obj,16,co2a0000375,0.64453125
4283,8,C3,166,0.692,a,S1 obj,16,co2a0000375,0.6484375
4284,8,C3,167,-0.285,a,S1 obj,16,co2a0000375,0.65234375
4285,8,C3,168,-1.261,a,S1 obj,16,co2a0000375,0.65625
4286,8,C3,169,-1.75,a,S1 obj,16,co2a0000375,0.66015625
4287,8,C3,170,-2.238,a,S1 obj,16,co2a0000375,0.6640625
4288,8,C3,171,-1.75,a,S1 obj,16,co2a0000375,0.66796875
4289,8,C3,172,-1.261,a,S1 obj,16,co2a0000375,0.671875
4290,8,C3,173,-0.773,a,S1 obj,16,co2a0000375,0.67578125
4291,8,C3,174,-0.285,a,S1 obj,16,co2a0000375,0.6796875
4292,8,C3,175,0.203,a,S1 obj,16,co2a0000375,0.68359375
4293,8,C3,176,0.692,a,S1 obj,16,co2a0000375,0.6875
4294,8,C3,177,0.692,a,S1 obj,16,co2a0000375,0.69140625
4295,8,C3,178,1.18,a,S1 obj,16,co2a0000375,0.6953125
4296,8,C3,179,1.668,a,S1 obj,16,co2a0000375,0.69921875
4297,8,C3,180,1.668,a,S1 obj,16,co2a0000375,0.703125
4298,8,C3,181,1.668,a,S1 obj,16,co2a0000375,0.70703125
4299,8,C3,182,1.18,a,S1 obj,16,co2a0000375,0.7109375
4300,8,C3,183,0.692,a,S1 obj,16,co2a0000375,0.71484375
4301,8,C3,184,-0.285,a,S1 obj,16,co2a0000375,0.71875
4302,8,C3,185,-0.773,a,S1 obj,16,co2a0000375,0.72265625
4303,8,C3,186,-1.261,a,S1 obj,16,co2a0000375,0.7265625
4304,8,C3,187,-0.773,a,S1 obj,16,co2a0000375,0.73046875
4305,8,C3,188,0.692,a,S1 obj,16,co2a0000375,0.734375
4306,8,C3,189,2.645,a,S1 obj,16,co2a0000375,0.73828125
4307,8,C3,190,4.11,a,S1 obj,16,co2a0000375,0.7421875
4308,8,C3,191,4.598,a,S1 obj,16,co2a0000375,0.74609375
4309,8,C3,192,3.621,a,S1 obj,16,co2a0000375,0.75
4310,8,C3,193,1.668,a,S1 obj,16,co2a0000375,0.75390625
4311,8,C3,194,0.692,a,S1 obj,16,co2a0000375,0.7578125
4312,8,C3,195,1.18,a,S1 obj,16,co2a0000375,0.76171875
4313,8,C3,196,1.668,a,S1 obj,16,co2a0000375,0.765625
4314,8,C3,197,3.133,a,S1 obj,16,co2a0000375,0.76953125
4315,8,C3,198,4.598,a,S1 obj,16,co2a0000375,0.7734375
4316,8,C3,199,5.575,a,S1 obj,16,co2a0000375,0.77734375
4317,8,C3,200,6.063,a,S1 obj,16,co2a0000375,0.78125
4318,8,C3,201,5.575,a,S1 obj,16,co2a0000375,0.78515625
4319,8,C3,202,5.086,a,S1 obj,16,co2a0000375,0.7890625
4320,8,C3,203,4.11,a,S1 obj,16,co2a0000375,0.79296875
4321,8,C3,204,3.133,a,S1 obj,16,co2a0000375,0.796875
4322,8,C3,205,2.645,a,S1 obj,16,co2a0000375,0.80078125
4323,8,C3,206,3.133,a,S1 obj,16,co2a0000375,0.8046875
4324,8,C3,207,3.621,a,S1 obj,16,co2a0000375,0.80859375
4325,8,C3,208,4.598,a,S1 obj,16,co2a0000375,0.8125
4326,8,C3,209,6.551,a,S1 obj,16,co2a0000375,0.81640625
4327,8,C3,210,8.504,a,S1 obj,16,co2a0000375,0.8203125
4328,8,C3,211,10.457,a,S1 obj,16,co2a0000375,0.82421875
4329,8,C3,212,10.457,a,S1 obj,16,co2a0000375,0.828125
4330,8,C3,213,8.504,a,S1 obj,16,co2a0000375,0.83203125
4331,8,C3,214,5.575,a,S1 obj,16,co2a0000375,0.8359375
4332,8,C3,215,3.621,a,S1 obj,16,co2a0000375,0.83984375
4333,8,C3,216,3.133,a,S1 obj,16,co2a0000375,0.84375
4334,8,C3,217,3.621,a,S1 obj,16,co2a0000375,0.84765625
4335,8,C3,218,5.086,a,S1 obj,16,co2a0000375,0.8515625
4336,8,C3,219,6.063,a,S1 obj,16,co2a0000375,0.85546875
4337,8,C3,220,5.575,a,S1 obj,16,co2a0000375,0.859375
4338,8,C3,221,5.086,a,S1 obj,16,co2a0000375,0.86328125
4339,8,C3,222,5.575,a,S1 obj,16,co2a0000375,0.8671875
4340,8,C3,223,5.575,a,S1 obj,16,co2a0000375,0.87109375
4341,8,C3,224,6.063,a,S1 obj,16,co2a0000375,0.875
4342,8,C3,225,5.575,a,S1 obj,16,co2a0000375,0.87890625
4343,8,C3,226,4.598,a,S1 obj,16,co2a0000375,0.8828125
4344,8,C3,227,3.621,a,S1 obj,16,co2a0000375,0.88671875
4345,8,C3,228,3.133,a,S1 obj,16,co2a0000375,0.890625
4346,8,C3,229,3.621,a,S1 obj,16,co2a0000375,0.89453125
4347,8,C3,230,4.11,a,S1 obj,16,co2a0000375,0.8984375
4348,8,C3,231,4.598,a,S1 obj,16,co2a0000375,0.90234375
4349,8,C3,232,4.598,a,S1 obj,16,co2a0000375,0.90625
4350,8,C3,233,4.11,a,S1 obj,16,co2a0000375,0.91015625
4351,8,C3,234,4.598,a,S1 obj,16,co2a0000375,0.9140625
4352,8,C3,235,5.086,a,S1 obj,16,co2a0000375,0.91796875
4353,8,C3,236,6.063,a,S1 obj,16,co2a0000375,0.921875
4354,8,C3,237,6.551,a,S1 obj,16,co2a0000375,0.92578125
4355,8,C3,238,5.575,a,S1 obj,16,co2a0000375,0.9296875
4356,8,C3,239,3.621,a,S1 obj,16,co2a0000375,0.93359375
4357,8,C3,240,2.645,a,S1 obj,16,co2a0000375,0.9375
4358,8,C3,241,2.645,a,S1 obj,16,co2a0000375,0.94140625
4359,8,C3,242,4.11,a,S1 obj,16,co2a0000375,0.9453125
4360,8,C3,243,6.063,a,S1 obj,16,co2a0000375,0.94921875
4361,8,C3,244,6.551,a,S1 obj,16,co2a0000375,0.953125
4362,8,C3,245,6.063,a,S1 obj,16,co2a0000375,0.95703125
4363,8,C3,246,5.086,a,S1 obj,16,co2a0000375,0.9609375
4364,8,C3,247,5.086,a,S1 obj,16,co2a0000375,0.96484375
4365,8,C3,248,7.039,a,S1 obj,16,co2a0000375,0.96875
4366,8,C3,249,9.969,a,S1 obj,16,co2a0000375,0.97265625
4367,8,C3,250,11.434,a,S1 obj,16,co2a0000375,0.9765625
4368,8,C3,251,10.946,a,S1 obj,16,co2a0000375,0.98046875
4369,8,C3,252,8.993,a,S1 obj,16,co2a0000375,0.984375
4370,8,C3,253,7.039,a,S1 obj,16,co2a0000375,0.98828125
4371,8,C3,254,7.039,a,S1 obj,16,co2a0000375,0.9921875
4372,8,C3,255,8.016,a,S1 obj,16,co2a0000375,0.99609375
4374,8,C4,0,-0.966,a,S1 obj,17,co2a0000375,0.0
4375,8,C4,1,-0.966,a,S1 obj,17,co2a0000375,0.00390625
4376,8,C4,2,-1.943,a,S1 obj,17,co2a0000375,0.0078125
4377,8,C4,3,-2.431,a,S1 obj,17,co2a0000375,0.01171875
4378,8,C4,4,-1.943,a,S1 obj,17,co2a0000375,0.015625
4379,8,C4,5,-0.966,a,S1 obj,17,co2a0000375,0.01953125
4380,8,C4,6,0.498,a,S1 obj,17,co2a0000375,0.0234375
4381,8,C4,7,1.475,a,S1 obj,17,co2a0000375,0.02734375
4382,8,C4,8,0.987,a,S1 obj,17,co2a0000375,0.03125
4383,8,C4,9,-0.478,a,S1 obj,17,co2a0000375,0.03515625
4384,8,C4,10,-2.431,a,S1 obj,17,co2a0000375,0.0390625
4385,8,C4,11,-4.384,a,S1 obj,17,co2a0000375,0.04296875
4386,8,C4,12,-4.873,a,S1 obj,17,co2a0000375,0.046875
4387,8,C4,13,-4.384,a,S1 obj,17,co2a0000375,0.05078125
4388,8,C4,14,-2.431,a,S1 obj,17,co2a0000375,0.0546875
4389,8,C4,15,-0.478,a,S1 obj,17,co2a0000375,0.05859375
4390,8,C4,16,0.01,a,S1 obj,17,co2a0000375,0.0625
4391,8,C4,17,-0.966,a,S1 obj,17,co2a0000375,0.06640625
4392,8,C4,18,-1.943,a,S1 obj,17,co2a0000375,0.0703125
4393,8,C4,19,-2.431,a,S1 obj,17,co2a0000375,0.07421875
4394,8,C4,20,-0.966,a,S1 obj,17,co2a0000375,0.078125
4395,8,C4,21,0.987,a,S1 obj,17,co2a0000375,0.08203125
4396,8,C4,22,1.963,a,S1 obj,17,co2a0000375,0.0859375
4397,8,C4,23,2.452,a,S1 obj,17,co2a0000375,0.08984375
4398,8,C4,24,1.963,a,S1 obj,17,co2a0000375,0.09375
4399,8,C4,25,2.452,a,S1 obj,17,co2a0000375,0.09765625
4400,8,C4,26,2.94,a,S1 obj,17,co2a0000375,0.1015625
4401,8,C4,27,4.405,a,S1 obj,17,co2a0000375,0.10546875
4402,8,C4,28,5.381,a,S1 obj,17,co2a0000375,0.109375
4403,8,C4,29,4.893,a,S1 obj,17,co2a0000375,0.11328125
4404,8,C4,30,2.94,a,S1 obj,17,co2a0000375,0.1171875
4405,8,C4,31,0.987,a,S1 obj,17,co2a0000375,0.12109375
4406,8,C4,32,-0.478,a,S1 obj,17,co2a0000375,0.125
4407,8,C4,33,-0.478,a,S1 obj,17,co2a0000375,0.12890625
4408,8,C4,34,0.498,a,S1 obj,17,co2a0000375,0.1328125
4409,8,C4,35,1.963,a,S1 obj,17,co2a0000375,0.13671875
4410,8,C4,36,2.94,a,S1 obj,17,co2a0000375,0.140625
4411,8,C4,37,3.428,a,S1 obj,17,co2a0000375,0.14453125
4412,8,C4,38,2.94,a,S1 obj,17,co2a0000375,0.1484375
4413,8,C4,39,1.963,a,S1 obj,17,co2a0000375,0.15234375
4414,8,C4,40,0.987,a,S1 obj,17,co2a0000375,0.15625
4415,8,C4,41,0.987,a,S1 obj,17,co2a0000375,0.16015625
4416,8,C4,42,0.01,a,S1 obj,17,co2a0000375,0.1640625
4417,8,C4,43,-0.478,a,S1 obj,17,co2a0000375,0.16796875
4418,8,C4,44,-1.455,a,S1 obj,17,co2a0000375,0.171875
4419,8,C4,45,-1.943,a,S1 obj,17,co2a0000375,0.17578125
4420,8,C4,46,-2.431,a,S1 obj,17,co2a0000375,0.1796875
4421,8,C4,47,-1.455,a,S1 obj,17,co2a0000375,0.18359375
4422,8,C4,48,0.01,a,S1 obj,17,co2a0000375,0.1875
4423,8,C4,49,1.475,a,S1 obj,17,co2a0000375,0.19140625
4424,8,C4,50,2.452,a,S1 obj,17,co2a0000375,0.1953125
4425,8,C4,51,2.94,a,S1 obj,17,co2a0000375,0.19921875
4426,8,C4,52,2.94,a,S1 obj,17,co2a0000375,0.203125
4427,8,C4,53,2.452,a,S1 obj,17,co2a0000375,0.20703125
4428,8,C4,54,2.452,a,S1 obj,17,co2a0000375,0.2109375
4429,8,C4,55,2.452,a,S1 obj,17,co2a0000375,0.21484375
4430,8,C4,56,3.428,a,S1 obj,17,co2a0000375,0.21875
4431,8,C4,57,3.916,a,S1 obj,17,co2a0000375,0.22265625
4432,8,C4,58,4.893,a,S1 obj,17,co2a0000375,0.2265625
4433,8,C4,59,5.381,a,S1 obj,17,co2a0000375,0.23046875
4434,8,C4,60,5.87,a,S1 obj,17,co2a0000375,0.234375
4435,8,C4,61,5.381,a,S1 obj,17,co2a0000375,0.23828125
4436,8,C4,62,5.381,a,S1 obj,17,co2a0000375,0.2421875
4437,8,C4,63,6.358,a,S1 obj,17,co2a0000375,0.24609375
4438,8,C4,64,7.823,a,S1 obj,17,co2a0000375,0.25
4439,8,C4,65,9.288,a,S1 obj,17,co2a0000375,0.25390625
4440,8,C4,66,11.241,a,S1 obj,17,co2a0000375,0.2578125
4441,8,C4,67,12.705,a,S1 obj,17,co2a0000375,0.26171875
4442,8,C4,68,12.705,a,S1 obj,17,co2a0000375,0.265625
4443,8,C4,69,12.217,a,S1 obj,17,co2a0000375,0.26953125
4444,8,C4,70,10.752,a,S1 obj,17,co2a0000375,0.2734375
4445,8,C4,71,9.776,a,S1 obj,17,co2a0000375,0.27734375
4446,8,C4,72,8.311,a,S1 obj,17,co2a0000375,0.28125
4447,8,C4,73,8.311,a,S1 obj,17,co2a0000375,0.28515625
4448,8,C4,74,7.823,a,S1 obj,17,co2a0000375,0.2890625
4449,8,C4,75,7.823,a,S1 obj,17,co2a0000375,0.29296875
4450,8,C4,76,7.334,a,S1 obj,17,co2a0000375,0.296875
4451,8,C4,77,6.846,a,S1 obj,17,co2a0000375,0.30078125
4452,8,C4,78,6.358,a,S1 obj,17,co2a0000375,0.3046875
4453,8,C4,79,6.358,a,S1 obj,17,co2a0000375,0.30859375
4454,8,C4,80,6.846,a,S1 obj,17,co2a0000375,0.3125
4455,8,C4,81,7.334,a,S1 obj,17,co2a0000375,0.31640625
4456,8,C4,82,7.334,a,S1 obj,17,co2a0000375,0.3203125
4457,8,C4,83,6.846,a,S1 obj,17,co2a0000375,0.32421875
4458,8,C4,84,6.846,a,S1 obj,17,co2a0000375,0.328125
4459,8,C4,85,7.334,a,S1 obj,17,co2a0000375,0.33203125
4460,8,C4,86,9.288,a,S1 obj,17,co2a0000375,0.3359375
4461,8,C4,87,11.241,a,S1 obj,17,co2a0000375,0.33984375
4462,8,C4,88,13.194,a,S1 obj,17,co2a0000375,0.34375
4463,8,C4,89,13.682,a,S1 obj,17,co2a0000375,0.34765625
4464,8,C4,90,12.217,a,S1 obj,17,co2a0000375,0.3515625
4465,8,C4,91,9.776,a,S1 obj,17,co2a0000375,0.35546875
4466,8,C4,92,6.846,a,S1 obj,17,co2a0000375,0.359375
4467,8,C4,93,4.405,a,S1 obj,17,co2a0000375,0.36328125
4468,8,C4,94,2.452,a,S1 obj,17,co2a0000375,0.3671875
4469,8,C4,95,1.963,a,S1 obj,17,co2a0000375,0.37109375
4470,8,C4,96,1.963,a,S1 obj,17,co2a0000375,0.375
4471,8,C4,97,3.428,a,S1 obj,17,co2a0000375,0.37890625
4472,8,C4,98,5.87,a,S1 obj,17,co2a0000375,0.3828125
4473,8,C4,99,6.846,a,S1 obj,17,co2a0000375,0.38671875
4474,8,C4,100,6.846,a,S1 obj,17,co2a0000375,0.390625
4475,8,C4,101,4.893,a,S1 obj,17,co2a0000375,0.39453125
4476,8,C4,102,2.452,a,S1 obj,17,co2a0000375,0.3984375
4477,8,C4,103,1.475,a,S1 obj,17,co2a0000375,0.40234375
4478,8,C4,104,2.452,a,S1 obj,17,co2a0000375,0.40625
4479,8,C4,105,5.381,a,S1 obj,17,co2a0000375,0.41015625
4480,8,C4,106,8.311,a,S1 obj,17,co2a0000375,0.4140625
4481,8,C4,107,10.264,a,S1 obj,17,co2a0000375,0.41796875
4482,8,C4,108,10.264,a,S1 obj,17,co2a0000375,0.421875
4483,8,C4,109,8.311,a,S1 obj,17,co2a0000375,0.42578125
4484,8,C4,110,5.87,a,S1 obj,17,co2a0000375,0.4296875
4485,8,C4,111,4.405,a,S1 obj,17,co2a0000375,0.43359375
4486,8,C4,112,2.94,a,S1 obj,17,co2a0000375,0.4375
4487,8,C4,113,2.94,a,S1 obj,17,co2a0000375,0.44140625
4488,8,C4,114,3.428,a,S1 obj,17,co2a0000375,0.4453125
4489,8,C4,115,3.428,a,S1 obj,17,co2a0000375,0.44921875
4490,8,C4,116,2.94,a,S1 obj,17,co2a0000375,0.453125
4491,8,C4,117,1.475,a,S1 obj,17,co2a0000375,0.45703125
4492,8,C4,118,-0.478,a,S1 obj,17,co2a0000375,0.4609375
4493,8,C4,119,-2.92,a,S1 obj,17,co2a0000375,0.46484375
4494,8,C4,120,-3.896,a,S1 obj,17,co2a0000375,0.46875
4495,8,C4,121,-3.896,a,S1 obj,17,co2a0000375,0.47265625
4496,8,C4,122,-2.431,a,S1 obj,17,co2a0000375,0.4765625
4497,8,C4,123,0.01,a,S1 obj,17,co2a0000375,0.48046875
4498,8,C4,124,1.963,a,S1 obj,17,co2a0000375,0.484375
4499,8,C4,125,2.452,a,S1 obj,17,co2a0000375,0.48828125
4500,8,C4,126,1.963,a,S1 obj,17,co2a0000375,0.4921875
4501,8,C4,127,1.475,a,S1 obj,17,co2a0000375,0.49609375
4502,8,C4,128,0.987,a,S1 obj,17,co2a0000375,0.5
4503,8,C4,129,1.963,a,S1 obj,17,co2a0000375,0.50390625
4504,8,C4,130,2.94,a,S1 obj,17,co2a0000375,0.5078125
4505,8,C4,131,3.916,a,S1 obj,17,co2a0000375,0.51171875
4506,8,C4,132,3.916,a,S1 obj,17,co2a0000375,0.515625
4507,8,C4,133,3.428,a,S1 obj,17,co2a0000375,0.51953125
4508,8,C4,134,2.94,a,S1 obj,17,co2a0000375,0.5234375
4509,8,C4,135,1.963,a,S1 obj,17,co2a0000375,0.52734375
4510,8,C4,136,1.475,a,S1 obj,17,co2a0000375,0.53125
4511,8,C4,137,0.987,a,S1 obj,17,co2a0000375,0.53515625
4512,8,C4,138,0.987,a,S1 obj,17,co2a0000375,0.5390625
4513,8,C4,139,0.987,a,S1 obj,17,co2a0000375,0.54296875
4514,8,C4,140,1.475,a,S1 obj,17,co2a0000375,0.546875
4515,8,C4,141,1.963,a,S1 obj,17,co2a0000375,0.55078125
4516,8,C4,142,2.452,a,S1 obj,17,co2a0000375,0.5546875
4517,8,C4,143,2.94,a,S1 obj,17,co2a0000375,0.55859375
4518,8,C4,144,3.428,a,S1 obj,17,co2a0000375,0.5625
4519,8,C4,145,3.916,a,S1 obj,17,co2a0000375,0.56640625
4520,8,C4,146,4.405,a,S1 obj,17,co2a0000375,0.5703125
4521,8,C4,147,4.405,a,S1 obj,17,co2a0000375,0.57421875
4522,8,C4,148,4.405,a,S1 obj,17,co2a0000375,0.578125
4523,8,C4,149,4.405,a,S1 obj,17,co2a0000375,0.58203125
4524,8,C4,150,4.405,a,S1 obj,17,co2a0000375,0.5859375
4525,8,C4,151,3.916,a,S1 obj,17,co2a0000375,0.58984375
4526,8,C4,152,4.405,a,S1 obj,17,co2a0000375,0.59375
4527,8,C4,153,4.893,a,S1 obj,17,co2a0000375,0.59765625
4528,8,C4,154,5.381,a,S1 obj,17,co2a0000375,0.6015625
4529,8,C4,155,5.381,a,S1 obj,17,co2a0000375,0.60546875
4530,8,C4,156,4.893,a,S1 obj,17,co2a0000375,0.609375
4531,8,C4,157,3.916,a,S1 obj,17,co2a0000375,0.61328125
4532,8,C4,158,2.94,a,S1 obj,17,co2a0000375,0.6171875
4533,8,C4,159,1.963,a,S1 obj,17,co2a0000375,0.62109375
4534,8,C4,160,2.452,a,S1 obj,17,co2a0000375,0.625
4535,8,C4,161,2.94,a,S1 obj,17,co2a0000375,0.62890625
4536,8,C4,162,3.916,a,S1 obj,17,co2a0000375,0.6328125
4537,8,C4,163,3.428,a,S1 obj,17,co2a0000375,0.63671875
4538,8,C4,164,1.963,a,S1 obj,17,co2a0000375,0.640625
4539,8,C4,165,0.01,a,S1 obj,17,co2a0000375,0.64453125
4540,8,C4,166,-0.966,a,S1 obj,17,co2a0000375,0.6484375
4541,8,C4,167,-0.478,a,S1 obj,17,co2a0000375,0.65234375
4542,8,C4,168,1.963,a,S1 obj,17,co2a0000375,0.65625
4543,8,C4,169,4.893,a,S1 obj,17,co2a0000375,0.66015625
4544,8,C4,170,6.358,a,S1 obj,17,co2a0000375,0.6640625
4545,8,C4,171,5.87,a,S1 obj,17,co2a0000375,0.66796875
4546,8,C4,172,3.428,a,S1 obj,17,co2a0000375,0.671875
4547,8,C4,173,1.475,a,S1 obj,17,co2a0000375,0.67578125
4548,8,C4,174,0.498,a,S1 obj,17,co2a0000375,0.6796875
4549,8,C4,175,1.475,a,S1 obj,17,co2a0000375,0.68359375
4550,8,C4,176,2.94,a,S1 obj,17,co2a0000375,0.6875
4551,8,C4,177,2.94,a,S1 obj,17,co2a0000375,0.69140625
4552,8,C4,178,0.987,a,S1 obj,17,co2a0000375,0.6953125
4553,8,C4,179,-0.966,a,S1 obj,17,co2a0000375,0.69921875
4554,8,C4,180,-1.943,a,S1 obj,17,co2a0000375,0.703125
4555,8,C4,181,-0.966,a,S1 obj,17,co2a0000375,0.70703125
4556,8,C4,182,0.987,a,S1 obj,17,co2a0000375,0.7109375
4557,8,C4,183,2.452,a,S1 obj,17,co2a0000375,0.71484375
4558,8,C4,184,2.94,a,S1 obj,17,co2a0000375,0.71875
4559,8,C4,185,2.94,a,S1 obj,17,co2a0000375,0.72265625
4560,8,C4,186,1.963,a,S1 obj,17,co2a0000375,0.7265625
4561,8,C4,187,1.963,a,S1 obj,17,co2a0000375,0.73046875
4562,8,C4,188,2.94,a,S1 obj,17,co2a0000375,0.734375
4563,8,C4,189,3.428,a,S1 obj,17,co2a0000375,0.73828125
4564,8,C4,190,3.916,a,S1 obj,17,co2a0000375,0.7421875
4565,8,C4,191,3.916,a,S1 obj,17,co2a0000375,0.74609375
4566,8,C4,192,3.916,a,S1 obj,17,co2a0000375,0.75
4567,8,C4,193,3.916,a,S1 obj,17,co2a0000375,0.75390625
4568,8,C4,194,4.893,a,S1 obj,17,co2a0000375,0.7578125
4569,8,C4,195,4.893,a,S1 obj,17,co2a0000375,0.76171875
4570,8,C4,196,3.916,a,S1 obj,17,co2a0000375,0.765625
4571,8,C4,197,2.452,a,S1 obj,17,co2a0000375,0.76953125
4572,8,C4,198,0.498,a,S1 obj,17,co2a0000375,0.7734375
4573,8,C4,199,-0.966,a,S1 obj,17,co2a0000375,0.77734375
4574,8,C4,200,-0.478,a,S1 obj,17,co2a0000375,0.78125
4575,8,C4,201,0.987,a,S1 obj,17,co2a0000375,0.78515625
4576,8,C4,202,2.94,a,S1 obj,17,co2a0000375,0.7890625
4577,8,C4,203,4.893,a,S1 obj,17,co2a0000375,0.79296875
4578,8,C4,204,5.381,a,S1 obj,17,co2a0000375,0.796875
4579,8,C4,205,4.893,a,S1 obj,17,co2a0000375,0.80078125
4580,8,C4,206,3.916,a,S1 obj,17,co2a0000375,0.8046875
4581,8,C4,207,3.428,a,S1 obj,17,co2a0000375,0.80859375
4582,8,C4,208,2.94,a,S1 obj,17,co2a0000375,0.8125
4583,8,C4,209,2.452,a,S1 obj,17,co2a0000375,0.81640625
4584,8,C4,210,1.963,a,S1 obj,17,co2a0000375,0.8203125
4585,8,C4,211,0.987,a,S1 obj,17,co2a0000375,0.82421875
4586,8,C4,212,0.987,a,S1 obj,17,co2a0000375,0.828125
4587,8,C4,213,1.475,a,S1 obj,17,co2a0000375,0.83203125
4588,8,C4,214,3.428,a,S1 obj,17,co2a0000375,0.8359375
4589,8,C4,215,4.893,a,S1 obj,17,co2a0000375,0.83984375
4590,8,C4,216,6.846,a,S1 obj,17,co2a0000375,0.84375
4591,8,C4,217,6.846,a,S1 obj,17,co2a0000375,0.84765625
4592,8,C4,218,6.358,a,S1 obj,17,co2a0000375,0.8515625
4593,8,C4,219,5.381,a,S1 obj,17,co2a0000375,0.85546875
4594,8,C4,220,4.893,a,S1 obj,17,co2a0000375,0.859375
4595,8,C4,221,4.893,a,S1 obj,17,co2a0000375,0.86328125
4596,8,C4,222,4.893,a,S1 obj,17,co2a0000375,0.8671875
4597,8,C4,223,5.87,a,S1 obj,17,co2a0000375,0.87109375
4598,8,C4,224,7.334,a,S1 obj,17,co2a0000375,0.875
4599,8,C4,225,7.823,a,S1 obj,17,co2a0000375,0.87890625
4600,8,C4,226,6.846,a,S1 obj,17,co2a0000375,0.8828125
4601,8,C4,227,4.893,a,S1 obj,17,co2a0000375,0.88671875
4602,8,C4,228,2.94,a,S1 obj,17,co2a0000375,0.890625
4603,8,C4,229,2.452,a,S1 obj,17,co2a0000375,0.89453125
4604,8,C4,230,4.405,a,S1 obj,17,co2a0000375,0.8984375
4605,8,C4,231,7.334,a,S1 obj,17,co2a0000375,0.90234375
4606,8,C4,232,10.264,a,S1 obj,17,co2a0000375,0.90625
4607,8,C4,233,10.752,a,S1 obj,17,co2a0000375,0.91015625
4608,8,C4,234,8.799,a,S1 obj,17,co2a0000375,0.9140625
4609,8,C4,235,6.358,a,S1 obj,17,co2a0000375,0.91796875
4610,8,C4,236,4.893,a,S1 obj,17,co2a0000375,0.921875
4611,8,C4,237,4.893,a,S1 obj,17,co2a0000375,0.92578125
4612,8,C4,238,5.87,a,S1 obj,17,co2a0000375,0.9296875
4613,8,C4,239,6.358,a,S1 obj,17,co2a0000375,0.93359375
4614,8,C4,240,6.358,a,S1 obj,17,co2a0000375,0.9375
4615,8,C4,241,6.358,a,S1 obj,17,co2a0000375,0.94140625
4616,8,C4,242,6.846,a,S1 obj,17,co2a0000375,0.9453125
4617,8,C4,243,7.823,a,S1 obj,17,co2a0000375,0.94921875
4618,8,C4,244,8.799,a,S1 obj,17,co2a0000375,0.953125
4619,8,C4,245,7.823,a,S1 obj,17,co2a0000375,0.95703125
4620,8,C4,246,4.405,a,S1 obj,17,co2a0000375,0.9609375
4621,8,C4,247,0.987,a,S1 obj,17,co2a0000375,0.96484375
4622,8,C4,248,-0.966,a,S1 obj,17,co2a0000375,0.96875
4623,8,C4,249,-0.478,a,S1 obj,17,co2a0000375,0.97265625
4624,8,C4,250,1.963,a,S1 obj,17,co2a0000375,0.9765625
4625,8,C4,251,5.381,a,S1 obj,17,co2a0000375,0.98046875
4626,8,C4,252,7.334,a,S1 obj,17,co2a0000375,0.984375
4627,8,C4,253,8.311,a,S1 obj,17,co2a0000375,0.98828125
4628,8,C4,254,8.311,a,S1 obj,17,co2a0000375,0.9921875
4629,8,C4,255,8.799,a,S1 obj,17,co2a0000375,0.99609375
4631,8,CP5,0,4.517,a,S1 obj,18,co2a0000375,0.0
4632,8,CP5,1,3.54,a,S1 obj,18,co2a0000375,0.00390625
4633,8,CP5,2,3.052,a,S1 obj,18,co2a0000375,0.0078125
4634,8,CP5,3,4.517,a,S1 obj,18,co2a0000375,0.01171875
4635,8,CP5,4,6.47,a,S1 obj,18,co2a0000375,0.015625
4636,8,CP5,5,8.911,a,S1 obj,18,co2a0000375,0.01953125
4637,8,CP5,6,9.888,a,S1 obj,18,co2a0000375,0.0234375
4638,8,CP5,7,9.399,a,S1 obj,18,co2a0000375,0.02734375
4639,8,CP5,8,6.47,a,S1 obj,18,co2a0000375,0.03125
4640,8,CP5,9,2.563,a,S1 obj,18,co2a0000375,0.03515625
4641,8,CP5,10,-0.854,a,S1 obj,18,co2a0000375,0.0390625
4642,8,CP5,11,-2.808,a,S1 obj,18,co2a0000375,0.04296875
4643,8,CP5,12,-2.319,a,S1 obj,18,co2a0000375,0.046875
4644,8,CP5,13,1.099,a,S1 obj,18,co2a0000375,0.05078125
4645,8,CP5,14,5.005,a,S1 obj,18,co2a0000375,0.0546875
4646,8,CP5,15,7.935,a,S1 obj,18,co2a0000375,0.05859375
4647,8,CP5,16,8.423,a,S1 obj,18,co2a0000375,0.0625
4648,8,CP5,17,6.958,a,S1 obj,18,co2a0000375,0.06640625
4649,8,CP5,18,5.005,a,S1 obj,18,co2a0000375,0.0703125
4650,8,CP5,19,4.028,a,S1 obj,18,co2a0000375,0.07421875
4651,8,CP5,20,5.005,a,S1 obj,18,co2a0000375,0.078125
4652,8,CP5,21,6.958,a,S1 obj,18,co2a0000375,0.08203125
4653,8,CP5,22,8.423,a,S1 obj,18,co2a0000375,0.0859375
4654,8,CP5,23,9.399,a,S1 obj,18,co2a0000375,0.08984375
4655,8,CP5,24,8.423,a,S1 obj,18,co2a0000375,0.09375
4656,8,CP5,25,7.446,a,S1 obj,18,co2a0000375,0.09765625
4657,8,CP5,26,6.958,a,S1 obj,18,co2a0000375,0.1015625
4658,8,CP5,27,5.981,a,S1 obj,18,co2a0000375,0.10546875
4659,8,CP5,28,5.981,a,S1 obj,18,co2a0000375,0.109375
4660,8,CP5,29,5.493,a,S1 obj,18,co2a0000375,0.11328125
4661,8,CP5,30,5.981,a,S1 obj,18,co2a0000375,0.1171875
4662,8,CP5,31,6.47,a,S1 obj,18,co2a0000375,0.12109375
4663,8,CP5,32,7.935,a,S1 obj,18,co2a0000375,0.125
4664,8,CP5,33,9.399,a,S1 obj,18,co2a0000375,0.12890625
4665,8,CP5,34,9.888,a,S1 obj,18,co2a0000375,0.1328125
4666,8,CP5,35,8.911,a,S1 obj,18,co2a0000375,0.13671875
4667,8,CP5,36,6.47,a,S1 obj,18,co2a0000375,0.140625
4668,8,CP5,37,4.517,a,S1 obj,18,co2a0000375,0.14453125
4669,8,CP5,38,3.052,a,S1 obj,18,co2a0000375,0.1484375
4670,8,CP5,39,3.54,a,S1 obj,18,co2a0000375,0.15234375
4671,8,CP5,40,5.005,a,S1 obj,18,co2a0000375,0.15625
4672,8,CP5,41,6.47,a,S1 obj,18,co2a0000375,0.16015625
4673,8,CP5,42,6.958,a,S1 obj,18,co2a0000375,0.1640625
4674,8,CP5,43,7.446,a,S1 obj,18,co2a0000375,0.16796875
4675,8,CP5,44,6.958,a,S1 obj,18,co2a0000375,0.171875
4676,8,CP5,45,6.47,a,S1 obj,18,co2a0000375,0.17578125
4677,8,CP5,46,6.47,a,S1 obj,18,co2a0000375,0.1796875
4678,8,CP5,47,5.981,a,S1 obj,18,co2a0000375,0.18359375
4679,8,CP5,48,5.493,a,S1 obj,18,co2a0000375,0.1875
4680,8,CP5,49,4.517,a,S1 obj,18,co2a0000375,0.19140625
4681,8,CP5,50,4.028,a,S1 obj,18,co2a0000375,0.1953125
4682,8,CP5,51,3.54,a,S1 obj,18,co2a0000375,0.19921875
4683,8,CP5,52,3.54,a,S1 obj,18,co2a0000375,0.203125
4684,8,CP5,53,3.54,a,S1 obj,18,co2a0000375,0.20703125
4685,8,CP5,54,2.563,a,S1 obj,18,co2a0000375,0.2109375
4686,8,CP5,55,0.61,a,S1 obj,18,co2a0000375,0.21484375
4687,8,CP5,56,-0.854,a,S1 obj,18,co2a0000375,0.21875
4688,8,CP5,57,-0.854,a,S1 obj,18,co2a0000375,0.22265625
4689,8,CP5,58,0.61,a,S1 obj,18,co2a0000375,0.2265625
4690,8,CP5,59,2.563,a,S1 obj,18,co2a0000375,0.23046875
4691,8,CP5,60,4.517,a,S1 obj,18,co2a0000375,0.234375
4692,8,CP5,61,6.47,a,S1 obj,18,co2a0000375,0.23828125
4693,8,CP5,62,7.935,a,S1 obj,18,co2a0000375,0.2421875
4694,8,CP5,63,8.911,a,S1 obj,18,co2a0000375,0.24609375
4695,8,CP5,64,9.399,a,S1 obj,18,co2a0000375,0.25
4696,8,CP5,65,9.399,a,S1 obj,18,co2a0000375,0.25390625
4697,8,CP5,66,8.911,a,S1 obj,18,co2a0000375,0.2578125
4698,8,CP5,67,8.423,a,S1 obj,18,co2a0000375,0.26171875
4699,8,CP5,68,7.446,a,S1 obj,18,co2a0000375,0.265625
4700,8,CP5,69,6.958,a,S1 obj,18,co2a0000375,0.26953125
4701,8,CP5,70,6.47,a,S1 obj,18,co2a0000375,0.2734375
4702,8,CP5,71,6.958,a,S1 obj,18,co2a0000375,0.27734375
4703,8,CP5,72,7.446,a,S1 obj,18,co2a0000375,0.28125
4704,8,CP5,73,7.935,a,S1 obj,18,co2a0000375,0.28515625
4705,8,CP5,74,8.423,a,S1 obj,18,co2a0000375,0.2890625
4706,8,CP5,75,8.423,a,S1 obj,18,co2a0000375,0.29296875
4707,8,CP5,76,7.446,a,S1 obj,18,co2a0000375,0.296875
4708,8,CP5,77,5.981,a,S1 obj,18,co2a0000375,0.30078125
4709,8,CP5,78,4.517,a,S1 obj,18,co2a0000375,0.3046875
4710,8,CP5,79,4.517,a,S1 obj,18,co2a0000375,0.30859375
4711,8,CP5,80,5.981,a,S1 obj,18,co2a0000375,0.3125
4712,8,CP5,81,8.423,a,S1 obj,18,co2a0000375,0.31640625
4713,8,CP5,82,11.353,a,S1 obj,18,co2a0000375,0.3203125
4714,8,CP5,83,12.817,a,S1 obj,18,co2a0000375,0.32421875
4715,8,CP5,84,13.794,a,S1 obj,18,co2a0000375,0.328125
4716,8,CP5,85,13.306,a,S1 obj,18,co2a0000375,0.33203125
4717,8,CP5,86,13.306,a,S1 obj,18,co2a0000375,0.3359375
4718,8,CP5,87,13.794,a,S1 obj,18,co2a0000375,0.33984375
4719,8,CP5,88,15.259,a,S1 obj,18,co2a0000375,0.34375
4720,8,CP5,89,15.747,a,S1 obj,18,co2a0000375,0.34765625
4721,8,CP5,90,15.259,a,S1 obj,18,co2a0000375,0.3515625
4722,8,CP5,91,13.794,a,S1 obj,18,co2a0000375,0.35546875
4723,8,CP5,92,11.841,a,S1 obj,18,co2a0000375,0.359375
4724,8,CP5,93,9.888,a,S1 obj,18,co2a0000375,0.36328125
4725,8,CP5,94,8.911,a,S1 obj,18,co2a0000375,0.3671875
4726,8,CP5,95,7.935,a,S1 obj,18,co2a0000375,0.37109375
4727,8,CP5,96,7.446,a,S1 obj,18,co2a0000375,0.375
4728,8,CP5,97,6.47,a,S1 obj,18,co2a0000375,0.37890625
4729,8,CP5,98,5.981,a,S1 obj,18,co2a0000375,0.3828125
4730,8,CP5,99,5.493,a,S1 obj,18,co2a0000375,0.38671875
4731,8,CP5,100,5.981,a,S1 obj,18,co2a0000375,0.390625
4732,8,CP5,101,6.958,a,S1 obj,18,co2a0000375,0.39453125
4733,8,CP5,102,7.935,a,S1 obj,18,co2a0000375,0.3984375
4734,8,CP5,103,9.399,a,S1 obj,18,co2a0000375,0.40234375
4735,8,CP5,104,10.376,a,S1 obj,18,co2a0000375,0.40625
4736,8,CP5,105,11.353,a,S1 obj,18,co2a0000375,0.41015625
4737,8,CP5,106,11.353,a,S1 obj,18,co2a0000375,0.4140625
4738,8,CP5,107,9.888,a,S1 obj,18,co2a0000375,0.41796875
4739,8,CP5,108,7.935,a,S1 obj,18,co2a0000375,0.421875
4740,8,CP5,109,5.493,a,S1 obj,18,co2a0000375,0.42578125
4741,8,CP5,110,4.028,a,S1 obj,18,co2a0000375,0.4296875
4742,8,CP5,111,3.54,a,S1 obj,18,co2a0000375,0.43359375
4743,8,CP5,112,3.052,a,S1 obj,18,co2a0000375,0.4375
4744,8,CP5,113,2.075,a,S1 obj,18,co2a0000375,0.44140625
4745,8,CP5,114,1.587,a,S1 obj,18,co2a0000375,0.4453125
4746,8,CP5,115,0.61,a,S1 obj,18,co2a0000375,0.44921875
4747,8,CP5,116,0.122,a,S1 obj,18,co2a0000375,0.453125
4748,8,CP5,117,-0.366,a,S1 obj,18,co2a0000375,0.45703125
4749,8,CP5,118,-1.343,a,S1 obj,18,co2a0000375,0.4609375
4750,8,CP5,119,-2.808,a,S1 obj,18,co2a0000375,0.46484375
4751,8,CP5,120,-4.272,a,S1 obj,18,co2a0000375,0.46875
4752,8,CP5,121,-5.737,a,S1 obj,18,co2a0000375,0.47265625
4753,8,CP5,122,-6.714,a,S1 obj,18,co2a0000375,0.4765625
4754,8,CP5,123,-7.202,a,S1 obj,18,co2a0000375,0.48046875
4755,8,CP5,124,-7.202,a,S1 obj,18,co2a0000375,0.484375
4756,8,CP5,125,-5.737,a,S1 obj,18,co2a0000375,0.48828125
4757,8,CP5,126,-2.808,a,S1 obj,18,co2a0000375,0.4921875
4758,8,CP5,127,2.563,a,S1 obj,18,co2a0000375,0.49609375
4759,8,CP5,128,6.47,a,S1 obj,18,co2a0000375,0.5
4760,8,CP5,129,7.446,a,S1 obj,18,co2a0000375,0.50390625
4761,8,CP5,130,5.005,a,S1 obj,18,co2a0000375,0.5078125
4762,8,CP5,131,0.61,a,S1 obj,18,co2a0000375,0.51171875
4763,8,CP5,132,-4.272,a,S1 obj,18,co2a0000375,0.515625
4764,8,CP5,133,-5.249,a,S1 obj,18,co2a0000375,0.51953125
4765,8,CP5,134,-3.784,a,S1 obj,18,co2a0000375,0.5234375
4766,8,CP5,135,-2.319,a,S1 obj,18,co2a0000375,0.52734375
4767,8,CP5,136,-2.319,a,S1 obj,18,co2a0000375,0.53125
4768,8,CP5,137,-4.761,a,S1 obj,18,co2a0000375,0.53515625
4769,8,CP5,138,-8.179,a,S1 obj,18,co2a0000375,0.5390625
4770,8,CP5,139,-10.132,a,S1 obj,18,co2a0000375,0.54296875
4771,8,CP5,140,-10.132,a,S1 obj,18,co2a0000375,0.546875
4772,8,CP5,141,-8.179,a,S1 obj,18,co2a0000375,0.55078125
4773,8,CP5,142,-6.226,a,S1 obj,18,co2a0000375,0.5546875
4774,8,CP5,143,-5.249,a,S1 obj,18,co2a0000375,0.55859375
4775,8,CP5,144,-4.761,a,S1 obj,18,co2a0000375,0.5625
4776,8,CP5,145,-3.784,a,S1 obj,18,co2a0000375,0.56640625
4777,8,CP5,146,-1.343,a,S1 obj,18,co2a0000375,0.5703125
4778,8,CP5,147,1.587,a,S1 obj,18,co2a0000375,0.57421875
4779,8,CP5,148,4.028,a,S1 obj,18,co2a0000375,0.578125
4780,8,CP5,149,5.005,a,S1 obj,18,co2a0000375,0.58203125
4781,8,CP5,150,3.54,a,S1 obj,18,co2a0000375,0.5859375
4782,8,CP5,151,2.563,a,S1 obj,18,co2a0000375,0.58984375
4783,8,CP5,152,1.099,a,S1 obj,18,co2a0000375,0.59375
4784,8,CP5,153,0.122,a,S1 obj,18,co2a0000375,0.59765625
4785,8,CP5,154,-1.343,a,S1 obj,18,co2a0000375,0.6015625
4786,8,CP5,155,-2.808,a,S1 obj,18,co2a0000375,0.60546875
4787,8,CP5,156,-3.784,a,S1 obj,18,co2a0000375,0.609375
4788,8,CP5,157,-4.761,a,S1 obj,18,co2a0000375,0.61328125
4789,8,CP5,158,-5.249,a,S1 obj,18,co2a0000375,0.6171875
4790,8,CP5,159,-4.761,a,S1 obj,18,co2a0000375,0.62109375
4791,8,CP5,160,-4.761,a,S1 obj,18,co2a0000375,0.625
4792,8,CP5,161,-4.761,a,S1 obj,18,co2a0000375,0.62890625
4793,8,CP5,162,-4.761,a,S1 obj,18,co2a0000375,0.6328125
4794,8,CP5,163,-4.761,a,S1 obj,18,co2a0000375,0.63671875
4795,8,CP5,164,-3.784,a,S1 obj,18,co2a0000375,0.640625
4796,8,CP5,165,-2.808,a,S1 obj,18,co2a0000375,0.64453125
4797,8,CP5,166,-2.808,a,S1 obj,18,co2a0000375,0.6484375
4798,8,CP5,167,-4.272,a,S1 obj,18,co2a0000375,0.65234375
4799,8,CP5,168,-7.202,a,S1 obj,18,co2a0000375,0.65625
4800,8,CP5,169,-9.155,a,S1 obj,18,co2a0000375,0.66015625
4801,8,CP5,170,-9.644,a,S1 obj,18,co2a0000375,0.6640625
4802,8,CP5,171,-7.202,a,S1 obj,18,co2a0000375,0.66796875
4803,8,CP5,172,-4.761,a,S1 obj,18,co2a0000375,0.671875
4804,8,CP5,173,-3.784,a,S1 obj,18,co2a0000375,0.67578125
4805,8,CP5,174,-5.249,a,S1 obj,18,co2a0000375,0.6796875
4806,8,CP5,175,-7.69,a,S1 obj,18,co2a0000375,0.68359375
4807,8,CP5,176,-8.667,a,S1 obj,18,co2a0000375,0.6875
4808,8,CP5,177,-8.179,a,S1 obj,18,co2a0000375,0.69140625
4809,8,CP5,178,-5.249,a,S1 obj,18,co2a0000375,0.6953125
4810,8,CP5,179,-2.808,a,S1 obj,18,co2a0000375,0.69921875
4811,8,CP5,180,-1.831,a,S1 obj,18,co2a0000375,0.703125
4812,8,CP5,181,-3.296,a,S1 obj,18,co2a0000375,0.70703125
4813,8,CP5,182,-4.761,a,S1 obj,18,co2a0000375,0.7109375
4814,8,CP5,183,-6.714,a,S1 obj,18,co2a0000375,0.71484375
4815,8,CP5,184,-7.202,a,S1 obj,18,co2a0000375,0.71875
4816,8,CP5,185,-8.179,a,S1 obj,18,co2a0000375,0.72265625
4817,8,CP5,186,-9.155,a,S1 obj,18,co2a0000375,0.7265625
4818,8,CP5,187,-10.132,a,S1 obj,18,co2a0000375,0.73046875
4819,8,CP5,188,-10.62,a,S1 obj,18,co2a0000375,0.734375
4820,8,CP5,189,-8.179,a,S1 obj,18,co2a0000375,0.73828125
4821,8,CP5,190,-4.761,a,S1 obj,18,co2a0000375,0.7421875
4822,8,CP5,191,-1.831,a,S1 obj,18,co2a0000375,0.74609375
4823,8,CP5,192,-1.343,a,S1 obj,18,co2a0000375,0.75
4824,8,CP5,193,-3.296,a,S1 obj,18,co2a0000375,0.75390625
4825,8,CP5,194,-6.226,a,S1 obj,18,co2a0000375,0.7578125
4826,8,CP5,195,-8.667,a,S1 obj,18,co2a0000375,0.76171875
4827,8,CP5,196,-8.667,a,S1 obj,18,co2a0000375,0.765625
4828,8,CP5,197,-6.226,a,S1 obj,18,co2a0000375,0.76953125
4829,8,CP5,198,-2.319,a,S1 obj,18,co2a0000375,0.7734375
4830,8,CP5,199,0.61,a,S1 obj,18,co2a0000375,0.77734375
4831,8,CP5,200,1.099,a,S1 obj,18,co2a0000375,0.78125
4832,8,CP5,201,-0.366,a,S1 obj,18,co2a0000375,0.78515625
4833,8,CP5,202,-3.296,a,S1 obj,18,co2a0000375,0.7890625
4834,8,CP5,203,-4.761,a,S1 obj,18,co2a0000375,0.79296875
4835,8,CP5,204,-4.761,a,S1 obj,18,co2a0000375,0.796875
4836,8,CP5,205,-2.808,a,S1 obj,18,co2a0000375,0.80078125
4837,8,CP5,206,-1.831,a,S1 obj,18,co2a0000375,0.8046875
4838,8,CP5,207,-1.831,a,S1 obj,18,co2a0000375,0.80859375
4839,8,CP5,208,-3.784,a,S1 obj,18,co2a0000375,0.8125
4840,8,CP5,209,-4.761,a,S1 obj,18,co2a0000375,0.81640625
4841,8,CP5,210,-3.296,a,S1 obj,18,co2a0000375,0.8203125
4842,8,CP5,211,0.61,a,S1 obj,18,co2a0000375,0.82421875
4843,8,CP5,212,5.005,a,S1 obj,18,co2a0000375,0.828125
4844,8,CP5,213,6.958,a,S1 obj,18,co2a0000375,0.83203125
4845,8,CP5,214,5.981,a,S1 obj,18,co2a0000375,0.8359375
4846,8,CP5,215,3.052,a,S1 obj,18,co2a0000375,0.83984375
4847,8,CP5,216,0.122,a,S1 obj,18,co2a0000375,0.84375
4848,8,CP5,217,-0.366,a,S1 obj,18,co2a0000375,0.84765625
4849,8,CP5,218,1.099,a,S1 obj,18,co2a0000375,0.8515625
4850,8,CP5,219,3.052,a,S1 obj,18,co2a0000375,0.85546875
4851,8,CP5,220,3.54,a,S1 obj,18,co2a0000375,0.859375
4852,8,CP5,221,2.563,a,S1 obj,18,co2a0000375,0.86328125
4853,8,CP5,222,0.122,a,S1 obj,18,co2a0000375,0.8671875
4854,8,CP5,223,-1.831,a,S1 obj,18,co2a0000375,0.87109375
4855,8,CP5,224,-2.808,a,S1 obj,18,co2a0000375,0.875
4856,8,CP5,225,-2.808,a,S1 obj,18,co2a0000375,0.87890625
4857,8,CP5,226,-2.808,a,S1 obj,18,co2a0000375,0.8828125
4858,8,CP5,227,-3.296,a,S1 obj,18,co2a0000375,0.88671875
4859,8,CP5,228,-4.272,a,S1 obj,18,co2a0000375,0.890625
4860,8,CP5,229,-4.272,a,S1 obj,18,co2a0000375,0.89453125
4861,8,CP5,230,-3.784,a,S1 obj,18,co2a0000375,0.8984375
4862,8,CP5,231,-2.319,a,S1 obj,18,co2a0000375,0.90234375
4863,8,CP5,232,-1.343,a,S1 obj,18,co2a0000375,0.90625
4864,8,CP5,233,-0.366,a,S1 obj,18,co2a0000375,0.91015625
4865,8,CP5,234,0.122,a,S1 obj,18,co2a0000375,0.9140625
4866,8,CP5,235,0.122,a,S1 obj,18,co2a0000375,0.91796875
4867,8,CP5,236,-0.366,a,S1 obj,18,co2a0000375,0.921875
4868,8,CP5,237,-1.343,a,S1 obj,18,co2a0000375,0.92578125
4869,8,CP5,238,-2.808,a,S1 obj,18,co2a0000375,0.9296875
4870,8,CP5,239,-4.272,a,S1 obj,18,co2a0000375,0.93359375
4871,8,CP5,240,-5.249,a,S1 obj,18,co2a0000375,0.9375
4872,8,CP5,241,-5.249,a,S1 obj,18,co2a0000375,0.94140625
4873,8,CP5,242,-3.296,a,S1 obj,18,co2a0000375,0.9453125
4874,8,CP5,243,-1.343,a,S1 obj,18,co2a0000375,0.94921875
4875,8,CP5,244,0.122,a,S1 obj,18,co2a0000375,0.953125
4876,8,CP5,245,0.122,a,S1 obj,18,co2a0000375,0.95703125
4877,8,CP5,246,-1.831,a,S1 obj,18,co2a0000375,0.9609375
4878,8,CP5,247,-2.808,a,S1 obj,18,co2a0000375,0.96484375
4879,8,CP5,248,-2.319,a,S1 obj,18,co2a0000375,0.96875
4880,8,CP5,249,0.122,a,S1 obj,18,co2a0000375,0.97265625
4881,8,CP5,250,2.563,a,S1 obj,18,co2a0000375,0.9765625
4882,8,CP5,251,4.517,a,S1 obj,18,co2a0000375,0.98046875
4883,8,CP5,252,4.517,a,S1 obj,18,co2a0000375,0.984375
4884,8,CP5,253,4.517,a,S1 obj,18,co2a0000375,0.98828125
4885,8,CP5,254,5.005,a,S1 obj,18,co2a0000375,0.9921875
4886,8,CP5,255,5.981,a,S1 obj,18,co2a0000375,0.99609375
4888,8,CP6,0,0.305,a,S1 obj,19,co2a0000375,0.0
4889,8,CP6,1,-1.16,a,S1 obj,19,co2a0000375,0.00390625
4890,8,CP6,2,-3.113,a,S1 obj,19,co2a0000375,0.0078125
4891,8,CP6,3,-4.089,a,S1 obj,19,co2a0000375,0.01171875
4892,8,CP6,4,-3.113,a,S1 obj,19,co2a0000375,0.015625
4893,8,CP6,5,-1.16,a,S1 obj,19,co2a0000375,0.01953125
4894,8,CP6,6,1.282,a,S1 obj,19,co2a0000375,0.0234375
4895,8,CP6,7,3.235,a,S1 obj,19,co2a0000375,0.02734375
4896,8,CP6,8,3.723,a,S1 obj,19,co2a0000375,0.03125
4897,8,CP6,9,1.77,a,S1 obj,19,co2a0000375,0.03515625
4898,8,CP6,10,-0.671,a,S1 obj,19,co2a0000375,0.0390625
4899,8,CP6,11,-4.089,a,S1 obj,19,co2a0000375,0.04296875
4900,8,CP6,12,-6.531,a,S1 obj,19,co2a0000375,0.046875
4901,8,CP6,13,-7.507,a,S1 obj,19,co2a0000375,0.05078125
4902,8,CP6,14,-6.531,a,S1 obj,19,co2a0000375,0.0546875
4903,8,CP6,15,-3.601,a,S1 obj,19,co2a0000375,0.05859375
4904,8,CP6,16,-1.16,a,S1 obj,19,co2a0000375,0.0625
4905,8,CP6,17,0.305,a,S1 obj,19,co2a0000375,0.06640625
4906,8,CP6,18,1.282,a,S1 obj,19,co2a0000375,0.0703125
4907,8,CP6,19,2.258,a,S1 obj,19,co2a0000375,0.07421875
4908,8,CP6,20,3.723,a,S1 obj,19,co2a0000375,0.078125
4909,8,CP6,21,5.188,a,S1 obj,19,co2a0000375,0.08203125
4910,8,CP6,22,6.653,a,S1 obj,19,co2a0000375,0.0859375
4911,8,CP6,23,7.141,a,S1 obj,19,co2a0000375,0.08984375
4912,8,CP6,24,6.165,a,S1 obj,19,co2a0000375,0.09375
4913,8,CP6,25,5.188,a,S1 obj,19,co2a0000375,0.09765625
4914,8,CP6,26,5.188,a,S1 obj,19,co2a0000375,0.1015625
4915,8,CP6,27,5.676,a,S1 obj,19,co2a0000375,0.10546875
4916,8,CP6,28,6.165,a,S1 obj,19,co2a0000375,0.109375
4917,8,CP6,29,6.653,a,S1 obj,19,co2a0000375,0.11328125
4918,8,CP6,30,5.676,a,S1 obj,19,co2a0000375,0.1171875
4919,8,CP6,31,3.723,a,S1 obj,19,co2a0000375,0.12109375
4920,8,CP6,32,1.77,a,S1 obj,19,co2a0000375,0.125
4921,8,CP6,33,0.305,a,S1 obj,19,co2a0000375,0.12890625
4922,8,CP6,34,-0.183,a,S1 obj,19,co2a0000375,0.1328125
4923,8,CP6,35,0.793,a,S1 obj,19,co2a0000375,0.13671875
4924,8,CP6,36,1.77,a,S1 obj,19,co2a0000375,0.140625
4925,8,CP6,37,2.258,a,S1 obj,19,co2a0000375,0.14453125
4926,8,CP6,38,1.77,a,S1 obj,19,co2a0000375,0.1484375
4927,8,CP6,39,0.793,a,S1 obj,19,co2a0000375,0.15234375
4928,8,CP6,40,-0.183,a,S1 obj,19,co2a0000375,0.15625
4929,8,CP6,41,-1.16,a,S1 obj,19,co2a0000375,0.16015625
4930,8,CP6,42,-2.625,a,S1 obj,19,co2a0000375,0.1640625
4931,8,CP6,43,-4.578,a,S1 obj,19,co2a0000375,0.16796875
4932,8,CP6,44,-6.531,a,S1 obj,19,co2a0000375,0.171875
4933,8,CP6,45,-7.996,a,S1 obj,19,co2a0000375,0.17578125
4934,8,CP6,46,-8.484,a,S1 obj,19,co2a0000375,0.1796875
4935,8,CP6,47,-7.507,a,S1 obj,19,co2a0000375,0.18359375
4936,8,CP6,48,-5.066,a,S1 obj,19,co2a0000375,0.1875
4937,8,CP6,49,-3.113,a,S1 obj,19,co2a0000375,0.19140625
4938,8,CP6,50,-1.16,a,S1 obj,19,co2a0000375,0.1953125
4939,8,CP6,51,-0.671,a,S1 obj,19,co2a0000375,0.19921875
4940,8,CP6,52,-0.671,a,S1 obj,19,co2a0000375,0.203125
4941,8,CP6,53,-1.648,a,S1 obj,19,co2a0000375,0.20703125
4942,8,CP6,54,-2.136,a,S1 obj,19,co2a0000375,0.2109375
4943,8,CP6,55,-1.648,a,S1 obj,19,co2a0000375,0.21484375
4944,8,CP6,56,-0.183,a,S1 obj,19,co2a0000375,0.21875
4945,8,CP6,57,2.747,a,S1 obj,19,co2a0000375,0.22265625
4946,8,CP6,58,5.188,a,S1 obj,19,co2a0000375,0.2265625
4947,8,CP6,59,6.653,a,S1 obj,19,co2a0000375,0.23046875
4948,8,CP6,60,7.141,a,S1 obj,19,co2a0000375,0.234375
4949,8,CP6,61,6.653,a,S1 obj,19,co2a0000375,0.23828125
4950,8,CP6,62,6.165,a,S1 obj,19,co2a0000375,0.2421875
4951,8,CP6,63,6.653,a,S1 obj,19,co2a0000375,0.24609375
4952,8,CP6,64,9.094,a,S1 obj,19,co2a0000375,0.25
4953,8,CP6,65,11.536,a,S1 obj,19,co2a0000375,0.25390625
4954,8,CP6,66,13.489,a,S1 obj,19,co2a0000375,0.2578125
4955,8,CP6,67,13.977,a,S1 obj,19,co2a0000375,0.26171875
4956,8,CP6,68,13.977,a,S1 obj,19,co2a0000375,0.265625
4957,8,CP6,69,13.0,a,S1 obj,19,co2a0000375,0.26953125
4958,8,CP6,70,12.024,a,S1 obj,19,co2a0000375,0.2734375
4959,8,CP6,71,10.559,a,S1 obj,19,co2a0000375,0.27734375
4960,8,CP6,72,9.094,a,S1 obj,19,co2a0000375,0.28125
4961,8,CP6,73,7.629,a,S1 obj,19,co2a0000375,0.28515625
4962,8,CP6,74,5.676,a,S1 obj,19,co2a0000375,0.2890625
4963,8,CP6,75,4.211,a,S1 obj,19,co2a0000375,0.29296875
4964,8,CP6,76,3.235,a,S1 obj,19,co2a0000375,0.296875
4965,8,CP6,77,2.747,a,S1 obj,19,co2a0000375,0.30078125
4966,8,CP6,78,2.747,a,S1 obj,19,co2a0000375,0.3046875
4967,8,CP6,79,3.235,a,S1 obj,19,co2a0000375,0.30859375
4968,8,CP6,80,4.7,a,S1 obj,19,co2a0000375,0.3125
4969,8,CP6,81,6.165,a,S1 obj,19,co2a0000375,0.31640625
4970,8,CP6,82,7.141,a,S1 obj,19,co2a0000375,0.3203125
4971,8,CP6,83,7.141,a,S1 obj,19,co2a0000375,0.32421875
4972,8,CP6,84,7.141,a,S1 obj,19,co2a0000375,0.328125
4973,8,CP6,85,7.141,a,S1 obj,19,co2a0000375,0.33203125
4974,8,CP6,86,8.606,a,S1 obj,19,co2a0000375,0.3359375
4975,8,CP6,87,10.559,a,S1 obj,19,co2a0000375,0.33984375
4976,8,CP6,88,11.536,a,S1 obj,19,co2a0000375,0.34375
4977,8,CP6,89,11.047,a,S1 obj,19,co2a0000375,0.34765625
4978,8,CP6,90,8.118,a,S1 obj,19,co2a0000375,0.3515625
4979,8,CP6,91,3.723,a,S1 obj,19,co2a0000375,0.35546875
4980,8,CP6,92,-0.183,a,S1 obj,19,co2a0000375,0.359375
4981,8,CP6,93,-2.625,a,S1 obj,19,co2a0000375,0.36328125
4982,8,CP6,94,-3.601,a,S1 obj,19,co2a0000375,0.3671875
4983,8,CP6,95,-3.601,a,S1 obj,19,co2a0000375,0.37109375
4984,8,CP6,96,-3.113,a,S1 obj,19,co2a0000375,0.375
4985,8,CP6,97,-2.136,a,S1 obj,19,co2a0000375,0.37890625
4986,8,CP6,98,-1.648,a,S1 obj,19,co2a0000375,0.3828125
4987,8,CP6,99,-0.183,a,S1 obj,19,co2a0000375,0.38671875
4988,8,CP6,100,0.305,a,S1 obj,19,co2a0000375,0.390625
4989,8,CP6,101,-0.671,a,S1 obj,19,co2a0000375,0.39453125
4990,8,CP6,102,-2.136,a,S1 obj,19,co2a0000375,0.3984375
4991,8,CP6,103,-2.625,a,S1 obj,19,co2a0000375,0.40234375
4992,8,CP6,104,-1.648,a,S1 obj,19,co2a0000375,0.40625
4993,8,CP6,105,1.77,a,S1 obj,19,co2a0000375,0.41015625
4994,8,CP6,106,4.7,a,S1 obj,19,co2a0000375,0.4140625
4995,8,CP6,107,6.165,a,S1 obj,19,co2a0000375,0.41796875
4996,8,CP6,108,5.188,a,S1 obj,19,co2a0000375,0.421875
4997,8,CP6,109,2.747,a,S1 obj,19,co2a0000375,0.42578125
4998,8,CP6,110,0.305,a,S1 obj,19,co2a0000375,0.4296875
4999,8,CP6,111,-1.16,a,S1 obj,19,co2a0000375,0.43359375
5000,8,CP6,112,-1.648,a,S1 obj,19,co2a0000375,0.4375
5001,8,CP6,113,-2.136,a,S1 obj,19,co2a0000375,0.44140625
5002,8,CP6,114,-3.601,a,S1 obj,19,co2a0000375,0.4453125
5003,8,CP6,115,-5.066,a,S1 obj,19,co2a0000375,0.44921875
5004,8,CP6,116,-6.531,a,S1 obj,19,co2a0000375,0.453125
5005,8,CP6,117,-8.484,a,S1 obj,19,co2a0000375,0.45703125
5006,8,CP6,118,-10.925,a,S1 obj,19,co2a0000375,0.4609375
5007,8,CP6,119,-13.367,a,S1 obj,19,co2a0000375,0.46484375
5008,8,CP6,120,-15.32,a,S1 obj,19,co2a0000375,0.46875
5009,8,CP6,121,-15.32,a,S1 obj,19,co2a0000375,0.47265625
5010,8,CP6,122,-13.367,a,S1 obj,19,co2a0000375,0.4765625
5011,8,CP6,123,-9.949,a,S1 obj,19,co2a0000375,0.48046875
5012,8,CP6,124,-6.531,a,S1 obj,19,co2a0000375,0.484375
5013,8,CP6,125,-4.578,a,S1 obj,19,co2a0000375,0.48828125
5014,8,CP6,126,-4.089,a,S1 obj,19,co2a0000375,0.4921875
5015,8,CP6,127,-5.066,a,S1 obj,19,co2a0000375,0.49609375
5016,8,CP6,128,-6.042,a,S1 obj,19,co2a0000375,0.5
5017,8,CP6,129,-6.531,a,S1 obj,19,co2a0000375,0.50390625
5018,8,CP6,130,-7.019,a,S1 obj,19,co2a0000375,0.5078125
5019,8,CP6,131,-7.019,a,S1 obj,19,co2a0000375,0.51171875
5020,8,CP6,132,-7.507,a,S1 obj,19,co2a0000375,0.515625
5021,8,CP6,133,-8.484,a,S1 obj,19,co2a0000375,0.51953125
5022,8,CP6,134,-8.972,a,S1 obj,19,co2a0000375,0.5234375
5023,8,CP6,135,-9.46,a,S1 obj,19,co2a0000375,0.52734375
5024,8,CP6,136,-9.949,a,S1 obj,19,co2a0000375,0.53125
5025,8,CP6,137,-10.925,a,S1 obj,19,co2a0000375,0.53515625
5026,8,CP6,138,-11.414,a,S1 obj,19,co2a0000375,0.5390625
5027,8,CP6,139,-11.902,a,S1 obj,19,co2a0000375,0.54296875
5028,8,CP6,140,-11.414,a,S1 obj,19,co2a0000375,0.546875
5029,8,CP6,141,-9.949,a,S1 obj,19,co2a0000375,0.55078125
5030,8,CP6,142,-8.972,a,S1 obj,19,co2a0000375,0.5546875
5031,8,CP6,143,-7.996,a,S1 obj,19,co2a0000375,0.55859375
5032,8,CP6,144,-7.996,a,S1 obj,19,co2a0000375,0.5625
5033,8,CP6,145,-7.507,a,S1 obj,19,co2a0000375,0.56640625
5034,8,CP6,146,-6.042,a,S1 obj,19,co2a0000375,0.5703125
5035,8,CP6,147,-4.089,a,S1 obj,19,co2a0000375,0.57421875
5036,8,CP6,148,-2.136,a,S1 obj,19,co2a0000375,0.578125
5037,8,CP6,149,-1.16,a,S1 obj,19,co2a0000375,0.58203125
5038,8,CP6,150,-2.136,a,S1 obj,19,co2a0000375,0.5859375
5039,8,CP6,151,-3.601,a,S1 obj,19,co2a0000375,0.58984375
5040,8,CP6,152,-5.066,a,S1 obj,19,co2a0000375,0.59375
5041,8,CP6,153,-5.554,a,S1 obj,19,co2a0000375,0.59765625
5042,8,CP6,154,-5.554,a,S1 obj,19,co2a0000375,0.6015625
5043,8,CP6,155,-4.089,a,S1 obj,19,co2a0000375,0.60546875
5044,8,CP6,156,-3.601,a,S1 obj,19,co2a0000375,0.609375
5045,8,CP6,157,-4.089,a,S1 obj,19,co2a0000375,0.61328125
5046,8,CP6,158,-5.554,a,S1 obj,19,co2a0000375,0.6171875
5047,8,CP6,159,-7.019,a,S1 obj,19,co2a0000375,0.62109375
5048,8,CP6,160,-8.484,a,S1 obj,19,co2a0000375,0.625
5049,8,CP6,161,-9.46,a,S1 obj,19,co2a0000375,0.62890625
5050,8,CP6,162,-9.46,a,S1 obj,19,co2a0000375,0.6328125
5051,8,CP6,163,-8.972,a,S1 obj,19,co2a0000375,0.63671875
5052,8,CP6,164,-8.484,a,S1 obj,19,co2a0000375,0.640625
5053,8,CP6,165,-9.46,a,S1 obj,19,co2a0000375,0.64453125
5054,8,CP6,166,-10.925,a,S1 obj,19,co2a0000375,0.6484375
5055,8,CP6,167,-11.902,a,S1 obj,19,co2a0000375,0.65234375
5056,8,CP6,168,-11.414,a,S1 obj,19,co2a0000375,0.65625
5057,8,CP6,169,-9.46,a,S1 obj,19,co2a0000375,0.66015625
5058,8,CP6,170,-6.531,a,S1 obj,19,co2a0000375,0.6640625
5059,8,CP6,171,-5.554,a,S1 obj,19,co2a0000375,0.66796875
5060,8,CP6,172,-7.507,a,S1 obj,19,co2a0000375,0.671875
5061,8,CP6,173,-10.437,a,S1 obj,19,co2a0000375,0.67578125
5062,8,CP6,174,-13.855,a,S1 obj,19,co2a0000375,0.6796875
5063,8,CP6,175,-14.343,a,S1 obj,19,co2a0000375,0.68359375
5064,8,CP6,176,-13.367,a,S1 obj,19,co2a0000375,0.6875
5065,8,CP6,177,-10.925,a,S1 obj,19,co2a0000375,0.69140625
5066,8,CP6,178,-9.46,a,S1 obj,19,co2a0000375,0.6953125
5067,8,CP6,179,-9.46,a,S1 obj,19,co2a0000375,0.69921875
5068,8,CP6,180,-10.925,a,S1 obj,19,co2a0000375,0.703125
5069,8,CP6,181,-11.902,a,S1 obj,19,co2a0000375,0.70703125
5070,8,CP6,182,-11.902,a,S1 obj,19,co2a0000375,0.7109375
5071,8,CP6,183,-11.414,a,S1 obj,19,co2a0000375,0.71484375
5072,8,CP6,184,-10.925,a,S1 obj,19,co2a0000375,0.71875
5073,8,CP6,185,-10.925,a,S1 obj,19,co2a0000375,0.72265625
5074,8,CP6,186,-11.414,a,S1 obj,19,co2a0000375,0.7265625
5075,8,CP6,187,-11.414,a,S1 obj,19,co2a0000375,0.73046875
5076,8,CP6,188,-10.437,a,S1 obj,19,co2a0000375,0.734375
5077,8,CP6,189,-7.996,a,S1 obj,19,co2a0000375,0.73828125
5078,8,CP6,190,-5.066,a,S1 obj,19,co2a0000375,0.7421875
5079,8,CP6,191,-2.625,a,S1 obj,19,co2a0000375,0.74609375
5080,8,CP6,192,-1.648,a,S1 obj,19,co2a0000375,0.75
5081,8,CP6,193,-2.625,a,S1 obj,19,co2a0000375,0.75390625
5082,8,CP6,194,-5.066,a,S1 obj,19,co2a0000375,0.7578125
5083,8,CP6,195,-7.996,a,S1 obj,19,co2a0000375,0.76171875
5084,8,CP6,196,-10.925,a,S1 obj,19,co2a0000375,0.765625
5085,8,CP6,197,-12.39,a,S1 obj,19,co2a0000375,0.76953125
5086,8,CP6,198,-12.39,a,S1 obj,19,co2a0000375,0.7734375
5087,8,CP6,199,-10.437,a,S1 obj,19,co2a0000375,0.77734375
5088,8,CP6,200,-8.484,a,S1 obj,19,co2a0000375,0.78125
5089,8,CP6,201,-6.531,a,S1 obj,19,co2a0000375,0.78515625
5090,8,CP6,202,-5.066,a,S1 obj,19,co2a0000375,0.7890625
5091,8,CP6,203,-4.578,a,S1 obj,19,co2a0000375,0.79296875
5092,8,CP6,204,-4.578,a,S1 obj,19,co2a0000375,0.796875
5093,8,CP6,205,-5.066,a,S1 obj,19,co2a0000375,0.80078125
5094,8,CP6,206,-6.531,a,S1 obj,19,co2a0000375,0.8046875
5095,8,CP6,207,-7.507,a,S1 obj,19,co2a0000375,0.80859375
5096,8,CP6,208,-8.972,a,S1 obj,19,co2a0000375,0.8125
5097,8,CP6,209,-8.972,a,S1 obj,19,co2a0000375,0.81640625
5098,8,CP6,210,-7.507,a,S1 obj,19,co2a0000375,0.8203125
5099,8,CP6,211,-5.554,a,S1 obj,19,co2a0000375,0.82421875
5100,8,CP6,212,-2.625,a,S1 obj,19,co2a0000375,0.828125
5101,8,CP6,213,-1.16,a,S1 obj,19,co2a0000375,0.83203125
5102,8,CP6,214,-0.183,a,S1 obj,19,co2a0000375,0.8359375
5103,8,CP6,215,0.793,a,S1 obj,19,co2a0000375,0.83984375
5104,8,CP6,216,1.282,a,S1 obj,19,co2a0000375,0.84375
5105,8,CP6,217,2.258,a,S1 obj,19,co2a0000375,0.84765625
5106,8,CP6,218,2.258,a,S1 obj,19,co2a0000375,0.8515625
5107,8,CP6,219,0.793,a,S1 obj,19,co2a0000375,0.85546875
5108,8,CP6,220,-1.16,a,S1 obj,19,co2a0000375,0.859375
5109,8,CP6,221,-3.601,a,S1 obj,19,co2a0000375,0.86328125
5110,8,CP6,222,-4.089,a,S1 obj,19,co2a0000375,0.8671875
5111,8,CP6,223,-3.601,a,S1 obj,19,co2a0000375,0.87109375
5112,8,CP6,224,-2.136,a,S1 obj,19,co2a0000375,0.875
5113,8,CP6,225,-1.648,a,S1 obj,19,co2a0000375,0.87890625
5114,8,CP6,226,-3.601,a,S1 obj,19,co2a0000375,0.8828125
5115,8,CP6,227,-6.042,a,S1 obj,19,co2a0000375,0.88671875
5116,8,CP6,228,-8.484,a,S1 obj,19,co2a0000375,0.890625
5117,8,CP6,229,-7.996,a,S1 obj,19,co2a0000375,0.89453125
5118,8,CP6,230,-5.554,a,S1 obj,19,co2a0000375,0.8984375
5119,8,CP6,231,-1.16,a,S1 obj,19,co2a0000375,0.90234375
5120,8,CP6,232,1.77,a,S1 obj,19,co2a0000375,0.90625
5121,8,CP6,233,2.747,a,S1 obj,19,co2a0000375,0.91015625
5122,8,CP6,234,0.793,a,S1 obj,19,co2a0000375,0.9140625
5123,8,CP6,235,-3.113,a,S1 obj,19,co2a0000375,0.91796875
5124,8,CP6,236,-6.531,a,S1 obj,19,co2a0000375,0.921875
5125,8,CP6,237,-8.484,a,S1 obj,19,co2a0000375,0.92578125
5126,8,CP6,238,-8.484,a,S1 obj,19,co2a0000375,0.9296875
5127,8,CP6,239,-7.019,a,S1 obj,19,co2a0000375,0.93359375
5128,8,CP6,240,-4.089,a,S1 obj,19,co2a0000375,0.9375
5129,8,CP6,241,-0.671,a,S1 obj,19,co2a0000375,0.94140625
5130,8,CP6,242,1.282,a,S1 obj,19,co2a0000375,0.9453125
5131,8,CP6,243,1.77,a,S1 obj,19,co2a0000375,0.94921875
5132,8,CP6,244,0.305,a,S1 obj,19,co2a0000375,0.953125
5133,8,CP6,245,-2.625,a,S1 obj,19,co2a0000375,0.95703125
5134,8,CP6,246,-6.531,a,S1 obj,19,co2a0000375,0.9609375
5135,8,CP6,247,-9.949,a,S1 obj,19,co2a0000375,0.96484375
5136,8,CP6,248,-11.414,a,S1 obj,19,co2a0000375,0.96875
5137,8,CP6,249,-10.437,a,S1 obj,19,co2a0000375,0.97265625
5138,8,CP6,250,-7.507,a,S1 obj,19,co2a0000375,0.9765625
5139,8,CP6,251,-3.113,a,S1 obj,19,co2a0000375,0.98046875
5140,8,CP6,252,1.282,a,S1 obj,19,co2a0000375,0.984375
5141,8,CP6,253,4.211,a,S1 obj,19,co2a0000375,0.98828125
5142,8,CP6,254,5.188,a,S1 obj,19,co2a0000375,0.9921875
5143,8,CP6,255,5.188,a,S1 obj,19,co2a0000375,0.99609375
5145,8,CP1,0,0.183,a,S1 obj,20,co2a0000375,0.0
5146,8,CP1,1,-0.305,a,S1 obj,20,co2a0000375,0.00390625
5147,8,CP1,2,-0.305,a,S1 obj,20,co2a0000375,0.0078125
5148,8,CP1,3,0.671,a,S1 obj,20,co2a0000375,0.01171875
5149,8,CP1,4,2.136,a,S1 obj,20,co2a0000375,0.015625
5150,8,CP1,5,2.625,a,S1 obj,20,co2a0000375,0.01953125
5151,8,CP1,6,3.113,a,S1 obj,20,co2a0000375,0.0234375
5152,8,CP1,7,3.113,a,S1 obj,20,co2a0000375,0.02734375
5153,8,CP1,8,2.625,a,S1 obj,20,co2a0000375,0.03125
5154,8,CP1,9,2.625,a,S1 obj,20,co2a0000375,0.03515625
5155,8,CP1,10,2.136,a,S1 obj,20,co2a0000375,0.0390625
5156,8,CP1,11,2.625,a,S1 obj,20,co2a0000375,0.04296875
5157,8,CP1,12,3.113,a,S1 obj,20,co2a0000375,0.046875
5158,8,CP1,13,4.578,a,S1 obj,20,co2a0000375,0.05078125
5159,8,CP1,14,6.531,a,S1 obj,20,co2a0000375,0.0546875
5160,8,CP1,15,7.507,a,S1 obj,20,co2a0000375,0.05859375
5161,8,CP1,16,7.507,a,S1 obj,20,co2a0000375,0.0625
5162,8,CP1,17,6.531,a,S1 obj,20,co2a0000375,0.06640625
5163,8,CP1,18,5.066,a,S1 obj,20,co2a0000375,0.0703125
5164,8,CP1,19,4.089,a,S1 obj,20,co2a0000375,0.07421875
5165,8,CP1,20,3.601,a,S1 obj,20,co2a0000375,0.078125
5166,8,CP1,21,3.601,a,S1 obj,20,co2a0000375,0.08203125
5167,8,CP1,22,3.113,a,S1 obj,20,co2a0000375,0.0859375
5168,8,CP1,23,2.625,a,S1 obj,20,co2a0000375,0.08984375
5169,8,CP1,24,2.136,a,S1 obj,20,co2a0000375,0.09375
5170,8,CP1,25,1.16,a,S1 obj,20,co2a0000375,0.09765625
5171,8,CP1,26,1.16,a,S1 obj,20,co2a0000375,0.1015625
5172,8,CP1,27,1.16,a,S1 obj,20,co2a0000375,0.10546875
5173,8,CP1,28,2.136,a,S1 obj,20,co2a0000375,0.109375
5174,8,CP1,29,3.113,a,S1 obj,20,co2a0000375,0.11328125
5175,8,CP1,30,4.578,a,S1 obj,20,co2a0000375,0.1171875
5176,8,CP1,31,6.531,a,S1 obj,20,co2a0000375,0.12109375
5177,8,CP1,32,8.484,a,S1 obj,20,co2a0000375,0.125
5178,8,CP1,33,9.46,a,S1 obj,20,co2a0000375,0.12890625
5179,8,CP1,34,9.46,a,S1 obj,20,co2a0000375,0.1328125
5180,8,CP1,35,7.996,a,S1 obj,20,co2a0000375,0.13671875
5181,8,CP1,36,5.554,a,S1 obj,20,co2a0000375,0.140625
5182,8,CP1,37,4.089,a,S1 obj,20,co2a0000375,0.14453125
5183,8,CP1,38,3.113,a,S1 obj,20,co2a0000375,0.1484375
5184,8,CP1,39,3.601,a,S1 obj,20,co2a0000375,0.15234375
5185,8,CP1,40,4.578,a,S1 obj,20,co2a0000375,0.15625
5186,8,CP1,41,4.578,a,S1 obj,20,co2a0000375,0.16015625
5187,8,CP1,42,4.578,a,S1 obj,20,co2a0000375,0.1640625
5188,8,CP1,43,3.601,a,S1 obj,20,co2a0000375,0.16796875
5189,8,CP1,44,3.113,a,S1 obj,20,co2a0000375,0.171875
5190,8,CP1,45,3.113,a,S1 obj,20,co2a0000375,0.17578125
5191,8,CP1,46,4.089,a,S1 obj,20,co2a0000375,0.1796875
5192,8,CP1,47,5.554,a,S1 obj,20,co2a0000375,0.18359375
5193,8,CP1,48,6.531,a,S1 obj,20,co2a0000375,0.1875
5194,8,CP1,49,7.019,a,S1 obj,20,co2a0000375,0.19140625
5195,8,CP1,50,7.019,a,S1 obj,20,co2a0000375,0.1953125
5196,8,CP1,51,6.042,a,S1 obj,20,co2a0000375,0.19921875
5197,8,CP1,52,5.066,a,S1 obj,20,co2a0000375,0.203125
5198,8,CP1,53,4.089,a,S1 obj,20,co2a0000375,0.20703125
5199,8,CP1,54,3.113,a,S1 obj,20,co2a0000375,0.2109375
5200,8,CP1,55,2.625,a,S1 obj,20,co2a0000375,0.21484375
5201,8,CP1,56,2.136,a,S1 obj,20,co2a0000375,0.21875
5202,8,CP1,57,2.625,a,S1 obj,20,co2a0000375,0.22265625
5203,8,CP1,58,2.625,a,S1 obj,20,co2a0000375,0.2265625
5204,8,CP1,59,3.113,a,S1 obj,20,co2a0000375,0.23046875
5205,8,CP1,60,3.601,a,S1 obj,20,co2a0000375,0.234375
5206,8,CP1,61,4.089,a,S1 obj,20,co2a0000375,0.23828125
5207,8,CP1,62,4.578,a,S1 obj,20,co2a0000375,0.2421875
5208,8,CP1,63,5.066,a,S1 obj,20,co2a0000375,0.24609375
5209,8,CP1,64,6.042,a,S1 obj,20,co2a0000375,0.25
5210,8,CP1,65,6.531,a,S1 obj,20,co2a0000375,0.25390625
5211,8,CP1,66,6.531,a,S1 obj,20,co2a0000375,0.2578125
5212,8,CP1,67,6.042,a,S1 obj,20,co2a0000375,0.26171875
5213,8,CP1,68,6.042,a,S1 obj,20,co2a0000375,0.265625
5214,8,CP1,69,6.042,a,S1 obj,20,co2a0000375,0.26953125
5215,8,CP1,70,6.531,a,S1 obj,20,co2a0000375,0.2734375
5216,8,CP1,71,7.019,a,S1 obj,20,co2a0000375,0.27734375
5217,8,CP1,72,7.507,a,S1 obj,20,co2a0000375,0.28125
5218,8,CP1,73,7.507,a,S1 obj,20,co2a0000375,0.28515625
5219,8,CP1,74,7.507,a,S1 obj,20,co2a0000375,0.2890625
5220,8,CP1,75,7.507,a,S1 obj,20,co2a0000375,0.29296875
5221,8,CP1,76,7.507,a,S1 obj,20,co2a0000375,0.296875
5222,8,CP1,77,7.507,a,S1 obj,20,co2a0000375,0.30078125
5223,8,CP1,78,6.531,a,S1 obj,20,co2a0000375,0.3046875
5224,8,CP1,79,6.042,a,S1 obj,20,co2a0000375,0.30859375
5225,8,CP1,80,6.042,a,S1 obj,20,co2a0000375,0.3125
5226,8,CP1,81,7.019,a,S1 obj,20,co2a0000375,0.31640625
5227,8,CP1,82,8.484,a,S1 obj,20,co2a0000375,0.3203125
5228,8,CP1,83,9.949,a,S1 obj,20,co2a0000375,0.32421875
5229,8,CP1,84,10.437,a,S1 obj,20,co2a0000375,0.328125
5230,8,CP1,85,9.949,a,S1 obj,20,co2a0000375,0.33203125
5231,8,CP1,86,9.46,a,S1 obj,20,co2a0000375,0.3359375
5232,8,CP1,87,9.46,a,S1 obj,20,co2a0000375,0.33984375
5233,8,CP1,88,9.949,a,S1 obj,20,co2a0000375,0.34375
5234,8,CP1,89,10.925,a,S1 obj,20,co2a0000375,0.34765625
5235,8,CP1,90,11.414,a,S1 obj,20,co2a0000375,0.3515625
5236,8,CP1,91,10.925,a,S1 obj,20,co2a0000375,0.35546875
5237,8,CP1,92,9.46,a,S1 obj,20,co2a0000375,0.359375
5238,8,CP1,93,7.996,a,S1 obj,20,co2a0000375,0.36328125
5239,8,CP1,94,7.019,a,S1 obj,20,co2a0000375,0.3671875
5240,8,CP1,95,6.042,a,S1 obj,20,co2a0000375,0.37109375
5241,8,CP1,96,6.042,a,S1 obj,20,co2a0000375,0.375
5242,8,CP1,97,5.554,a,S1 obj,20,co2a0000375,0.37890625
5243,8,CP1,98,5.066,a,S1 obj,20,co2a0000375,0.3828125
5244,8,CP1,99,4.089,a,S1 obj,20,co2a0000375,0.38671875
5245,8,CP1,100,3.113,a,S1 obj,20,co2a0000375,0.390625
5246,8,CP1,101,3.113,a,S1 obj,20,co2a0000375,0.39453125
5247,8,CP1,102,3.113,a,S1 obj,20,co2a0000375,0.3984375
5248,8,CP1,103,3.601,a,S1 obj,20,co2a0000375,0.40234375
5249,8,CP1,104,3.601,a,S1 obj,20,co2a0000375,0.40625
5250,8,CP1,105,4.089,a,S1 obj,20,co2a0000375,0.41015625
5251,8,CP1,106,3.601,a,S1 obj,20,co2a0000375,0.4140625
5252,8,CP1,107,3.113,a,S1 obj,20,co2a0000375,0.41796875
5253,8,CP1,108,2.625,a,S1 obj,20,co2a0000375,0.421875
5254,8,CP1,109,2.625,a,S1 obj,20,co2a0000375,0.42578125
5255,8,CP1,110,2.625,a,S1 obj,20,co2a0000375,0.4296875
5256,8,CP1,111,2.136,a,S1 obj,20,co2a0000375,0.43359375
5257,8,CP1,112,2.136,a,S1 obj,20,co2a0000375,0.4375
5258,8,CP1,113,1.648,a,S1 obj,20,co2a0000375,0.44140625
5259,8,CP1,114,0.671,a,S1 obj,20,co2a0000375,0.4453125
5260,8,CP1,115,0.183,a,S1 obj,20,co2a0000375,0.44921875
5261,8,CP1,116,-0.305,a,S1 obj,20,co2a0000375,0.453125
5262,8,CP1,117,-0.793,a,S1 obj,20,co2a0000375,0.45703125
5263,8,CP1,118,-1.77,a,S1 obj,20,co2a0000375,0.4609375
5264,8,CP1,119,-2.258,a,S1 obj,20,co2a0000375,0.46484375
5265,8,CP1,120,-2.747,a,S1 obj,20,co2a0000375,0.46875
5266,8,CP1,121,-3.235,a,S1 obj,20,co2a0000375,0.47265625
5267,8,CP1,122,-4.211,a,S1 obj,20,co2a0000375,0.4765625
5268,8,CP1,123,-4.7,a,S1 obj,20,co2a0000375,0.48046875
5269,8,CP1,124,-5.188,a,S1 obj,20,co2a0000375,0.484375
5270,8,CP1,125,-4.7,a,S1 obj,20,co2a0000375,0.48828125
5271,8,CP1,126,-3.235,a,S1 obj,20,co2a0000375,0.4921875
5272,8,CP1,127,-1.282,a,S1 obj,20,co2a0000375,0.49609375
5273,8,CP1,128,0.183,a,S1 obj,20,co2a0000375,0.5
5274,8,CP1,129,0.183,a,S1 obj,20,co2a0000375,0.50390625
5275,8,CP1,130,-1.77,a,S1 obj,20,co2a0000375,0.5078125
5276,8,CP1,131,-3.723,a,S1 obj,20,co2a0000375,0.51171875
5277,8,CP1,132,-5.188,a,S1 obj,20,co2a0000375,0.515625
5278,8,CP1,133,-4.211,a,S1 obj,20,co2a0000375,0.51953125
5279,8,CP1,134,-2.747,a,S1 obj,20,co2a0000375,0.5234375
5280,8,CP1,135,-1.77,a,S1 obj,20,co2a0000375,0.52734375
5281,8,CP1,136,-1.77,a,S1 obj,20,co2a0000375,0.53125
5282,8,CP1,137,-3.235,a,S1 obj,20,co2a0000375,0.53515625
5283,8,CP1,138,-4.211,a,S1 obj,20,co2a0000375,0.5390625
5284,8,CP1,139,-4.211,a,S1 obj,20,co2a0000375,0.54296875
5285,8,CP1,140,-3.723,a,S1 obj,20,co2a0000375,0.546875
5286,8,CP1,141,-2.747,a,S1 obj,20,co2a0000375,0.55078125
5287,8,CP1,142,-2.258,a,S1 obj,20,co2a0000375,0.5546875
5288,8,CP1,143,-2.258,a,S1 obj,20,co2a0000375,0.55859375
5289,8,CP1,144,-2.747,a,S1 obj,20,co2a0000375,0.5625
5290,8,CP1,145,-2.747,a,S1 obj,20,co2a0000375,0.56640625
5291,8,CP1,146,-2.747,a,S1 obj,20,co2a0000375,0.5703125
5292,8,CP1,147,-1.77,a,S1 obj,20,co2a0000375,0.57421875
5293,8,CP1,148,-1.282,a,S1 obj,20,co2a0000375,0.578125
5294,8,CP1,149,-1.282,a,S1 obj,20,co2a0000375,0.58203125
5295,8,CP1,150,-1.282,a,S1 obj,20,co2a0000375,0.5859375
5296,8,CP1,151,-1.282,a,S1 obj,20,co2a0000375,0.58984375
5297,8,CP1,152,-1.282,a,S1 obj,20,co2a0000375,0.59375
5298,8,CP1,153,-1.77,a,S1 obj,20,co2a0000375,0.59765625
5299,8,CP1,154,-1.77,a,S1 obj,20,co2a0000375,0.6015625
5300,8,CP1,155,-1.77,a,S1 obj,20,co2a0000375,0.60546875
5301,8,CP1,156,-1.77,a,S1 obj,20,co2a0000375,0.609375
5302,8,CP1,157,-1.282,a,S1 obj,20,co2a0000375,0.61328125
5303,8,CP1,158,-0.793,a,S1 obj,20,co2a0000375,0.6171875
5304,8,CP1,159,-0.793,a,S1 obj,20,co2a0000375,0.62109375
5305,8,CP1,160,-0.793,a,S1 obj,20,co2a0000375,0.625
5306,8,CP1,161,-0.793,a,S1 obj,20,co2a0000375,0.62890625
5307,8,CP1,162,-1.282,a,S1 obj,20,co2a0000375,0.6328125
5308,8,CP1,163,-0.793,a,S1 obj,20,co2a0000375,0.63671875
5309,8,CP1,164,-0.793,a,S1 obj,20,co2a0000375,0.640625
5310,8,CP1,165,-0.305,a,S1 obj,20,co2a0000375,0.64453125
5311,8,CP1,166,-0.793,a,S1 obj,20,co2a0000375,0.6484375
5312,8,CP1,167,-2.258,a,S1 obj,20,co2a0000375,0.65234375
5313,8,CP1,168,-4.211,a,S1 obj,20,co2a0000375,0.65625
5314,8,CP1,169,-5.676,a,S1 obj,20,co2a0000375,0.66015625
5315,8,CP1,170,-5.676,a,S1 obj,20,co2a0000375,0.6640625
5316,8,CP1,171,-5.188,a,S1 obj,20,co2a0000375,0.66796875
5317,8,CP1,172,-3.723,a,S1 obj,20,co2a0000375,0.671875
5318,8,CP1,173,-2.747,a,S1 obj,20,co2a0000375,0.67578125
5319,8,CP1,174,-2.747,a,S1 obj,20,co2a0000375,0.6796875
5320,8,CP1,175,-3.235,a,S1 obj,20,co2a0000375,0.68359375
5321,8,CP1,176,-3.235,a,S1 obj,20,co2a0000375,0.6875
5322,8,CP1,177,-2.747,a,S1 obj,20,co2a0000375,0.69140625
5323,8,CP1,178,-1.282,a,S1 obj,20,co2a0000375,0.6953125
5324,8,CP1,179,0.183,a,S1 obj,20,co2a0000375,0.69921875
5325,8,CP1,180,0.183,a,S1 obj,20,co2a0000375,0.703125
5326,8,CP1,181,-1.282,a,S1 obj,20,co2a0000375,0.70703125
5327,8,CP1,182,-3.235,a,S1 obj,20,co2a0000375,0.7109375
5328,8,CP1,183,-4.7,a,S1 obj,20,co2a0000375,0.71484375
5329,8,CP1,184,-4.7,a,S1 obj,20,co2a0000375,0.71875
5330,8,CP1,185,-4.211,a,S1 obj,20,co2a0000375,0.72265625
5331,8,CP1,186,-3.235,a,S1 obj,20,co2a0000375,0.7265625
5332,8,CP1,187,-2.747,a,S1 obj,20,co2a0000375,0.73046875
5333,8,CP1,188,-2.747,a,S1 obj,20,co2a0000375,0.734375
5334,8,CP1,189,-3.235,a,S1 obj,20,co2a0000375,0.73828125
5335,8,CP1,190,-2.747,a,S1 obj,20,co2a0000375,0.7421875
5336,8,CP1,191,-2.747,a,S1 obj,20,co2a0000375,0.74609375
5337,8,CP1,192,-2.258,a,S1 obj,20,co2a0000375,0.75
5338,8,CP1,193,-2.747,a,S1 obj,20,co2a0000375,0.75390625
5339,8,CP1,194,-3.235,a,S1 obj,20,co2a0000375,0.7578125
5340,8,CP1,195,-3.723,a,S1 obj,20,co2a0000375,0.76171875
5341,8,CP1,196,-3.235,a,S1 obj,20,co2a0000375,0.765625
5342,8,CP1,197,-1.77,a,S1 obj,20,co2a0000375,0.76953125
5343,8,CP1,198,0.671,a,S1 obj,20,co2a0000375,0.7734375
5344,8,CP1,199,1.648,a,S1 obj,20,co2a0000375,0.77734375
5345,8,CP1,200,1.648,a,S1 obj,20,co2a0000375,0.78125
5346,8,CP1,201,0.183,a,S1 obj,20,co2a0000375,0.78515625
5347,8,CP1,202,-1.77,a,S1 obj,20,co2a0000375,0.7890625
5348,8,CP1,203,-3.723,a,S1 obj,20,co2a0000375,0.79296875
5349,8,CP1,204,-3.723,a,S1 obj,20,co2a0000375,0.796875
5350,8,CP1,205,-2.747,a,S1 obj,20,co2a0000375,0.80078125
5351,8,CP1,206,-1.77,a,S1 obj,20,co2a0000375,0.8046875
5352,8,CP1,207,-1.282,a,S1 obj,20,co2a0000375,0.80859375
5353,8,CP1,208,-1.77,a,S1 obj,20,co2a0000375,0.8125
5354,8,CP1,209,-2.258,a,S1 obj,20,co2a0000375,0.81640625
5355,8,CP1,210,-2.258,a,S1 obj,20,co2a0000375,0.8203125
5356,8,CP1,211,-1.282,a,S1 obj,20,co2a0000375,0.82421875
5357,8,CP1,212,0.183,a,S1 obj,20,co2a0000375,0.828125
5358,8,CP1,213,0.671,a,S1 obj,20,co2a0000375,0.83203125
5359,8,CP1,214,-0.793,a,S1 obj,20,co2a0000375,0.8359375
5360,8,CP1,215,-2.747,a,S1 obj,20,co2a0000375,0.83984375
5361,8,CP1,216,-3.723,a,S1 obj,20,co2a0000375,0.84375
5362,8,CP1,217,-3.723,a,S1 obj,20,co2a0000375,0.84765625
5363,8,CP1,218,-2.258,a,S1 obj,20,co2a0000375,0.8515625
5364,8,CP1,219,-0.793,a,S1 obj,20,co2a0000375,0.85546875
5365,8,CP1,220,0.183,a,S1 obj,20,co2a0000375,0.859375
5366,8,CP1,221,0.183,a,S1 obj,20,co2a0000375,0.86328125
5367,8,CP1,222,-0.305,a,S1 obj,20,co2a0000375,0.8671875
5368,8,CP1,223,-0.793,a,S1 obj,20,co2a0000375,0.87109375
5369,8,CP1,224,0.183,a,S1 obj,20,co2a0000375,0.875
5370,8,CP1,225,0.671,a,S1 obj,20,co2a0000375,0.87890625
5371,8,CP1,226,1.16,a,S1 obj,20,co2a0000375,0.8828125
5372,8,CP1,227,0.671,a,S1 obj,20,co2a0000375,0.88671875
5373,8,CP1,228,0.183,a,S1 obj,20,co2a0000375,0.890625
5374,8,CP1,229,-0.793,a,S1 obj,20,co2a0000375,0.89453125
5375,8,CP1,230,-0.793,a,S1 obj,20,co2a0000375,0.8984375
5376,8,CP1,231,-0.305,a,S1 obj,20,co2a0000375,0.90234375
5377,8,CP1,232,0.183,a,S1 obj,20,co2a0000375,0.90625
5378,8,CP1,233,0.183,a,S1 obj,20,co2a0000375,0.91015625
5379,8,CP1,234,0.183,a,S1 obj,20,co2a0000375,0.9140625
5380,8,CP1,235,0.183,a,S1 obj,20,co2a0000375,0.91796875
5381,8,CP1,236,-0.305,a,S1 obj,20,co2a0000375,0.921875
5382,8,CP1,237,-1.282,a,S1 obj,20,co2a0000375,0.92578125
5383,8,CP1,238,-1.77,a,S1 obj,20,co2a0000375,0.9296875
5384,8,CP1,239,-2.258,a,S1 obj,20,co2a0000375,0.93359375
5385,8,CP1,240,-1.77,a,S1 obj,20,co2a0000375,0.9375
5386,8,CP1,241,-0.305,a,S1 obj,20,co2a0000375,0.94140625
5387,8,CP1,242,1.16,a,S1 obj,20,co2a0000375,0.9453125
5388,8,CP1,243,2.625,a,S1 obj,20,co2a0000375,0.94921875
5389,8,CP1,244,3.601,a,S1 obj,20,co2a0000375,0.953125
5390,8,CP1,245,3.601,a,S1 obj,20,co2a0000375,0.95703125
5391,8,CP1,246,2.625,a,S1 obj,20,co2a0000375,0.9609375
5392,8,CP1,247,1.648,a,S1 obj,20,co2a0000375,0.96484375
5393,8,CP1,248,1.648,a,S1 obj,20,co2a0000375,0.96875
5394,8,CP1,249,2.136,a,S1 obj,20,co2a0000375,0.97265625
5395,8,CP1,250,3.113,a,S1 obj,20,co2a0000375,0.9765625
5396,8,CP1,251,4.089,a,S1 obj,20,co2a0000375,0.98046875
5397,8,CP1,252,4.578,a,S1 obj,20,co2a0000375,0.984375
5398,8,CP1,253,5.066,a,S1 obj,20,co2a0000375,0.98828125
5399,8,CP1,254,5.554,a,S1 obj,20,co2a0000375,0.9921875
5400,8,CP1,255,5.554,a,S1 obj,20,co2a0000375,0.99609375
5402,8,CP2,0,-0.692,a,S1 obj,21,co2a0000375,0.0
5403,8,CP2,1,-1.668,a,S1 obj,21,co2a0000375,0.00390625
5404,8,CP2,2,-2.645,a,S1 obj,21,co2a0000375,0.0078125
5405,8,CP2,3,-3.133,a,S1 obj,21,co2a0000375,0.01171875
5406,8,CP2,4,-2.645,a,S1 obj,21,co2a0000375,0.015625
5407,8,CP2,5,-1.668,a,S1 obj,21,co2a0000375,0.01953125
5408,8,CP2,6,-0.203,a,S1 obj,21,co2a0000375,0.0234375
5409,8,CP2,7,0.773,a,S1 obj,21,co2a0000375,0.02734375
5410,8,CP2,8,1.261,a,S1 obj,21,co2a0000375,0.03125
5411,8,CP2,9,0.773,a,S1 obj,21,co2a0000375,0.03515625
5412,8,CP2,10,-0.203,a,S1 obj,21,co2a0000375,0.0390625
5413,8,CP2,11,-0.692,a,S1 obj,21,co2a0000375,0.04296875
5414,8,CP2,12,-1.668,a,S1 obj,21,co2a0000375,0.046875
5415,8,CP2,13,-1.668,a,S1 obj,21,co2a0000375,0.05078125
5416,8,CP2,14,-0.203,a,S1 obj,21,co2a0000375,0.0546875
5417,8,CP2,15,1.261,a,S1 obj,21,co2a0000375,0.05859375
5418,8,CP2,16,2.238,a,S1 obj,21,co2a0000375,0.0625
5419,8,CP2,17,2.238,a,S1 obj,21,co2a0000375,0.06640625
5420,8,CP2,18,2.238,a,S1 obj,21,co2a0000375,0.0703125
5421,8,CP2,19,1.75,a,S1 obj,21,co2a0000375,0.07421875
5422,8,CP2,20,2.238,a,S1 obj,21,co2a0000375,0.078125
5423,8,CP2,21,2.238,a,S1 obj,21,co2a0000375,0.08203125
5424,8,CP2,22,2.726,a,S1 obj,21,co2a0000375,0.0859375
5425,8,CP2,23,2.238,a,S1 obj,21,co2a0000375,0.08984375
5426,8,CP2,24,1.75,a,S1 obj,21,co2a0000375,0.09375
5427,8,CP2,25,1.261,a,S1 obj,21,co2a0000375,0.09765625
5428,8,CP2,26,0.773,a,S1 obj,21,co2a0000375,0.1015625
5429,8,CP2,27,0.773,a,S1 obj,21,co2a0000375,0.10546875
5430,8,CP2,28,0.773,a,S1 obj,21,co2a0000375,0.109375
5431,8,CP2,29,1.75,a,S1 obj,21,co2a0000375,0.11328125
5432,8,CP2,30,2.238,a,S1 obj,21,co2a0000375,0.1171875
5433,8,CP2,31,3.215,a,S1 obj,21,co2a0000375,0.12109375
5434,8,CP2,32,3.215,a,S1 obj,21,co2a0000375,0.125
5435,8,CP2,33,2.726,a,S1 obj,21,co2a0000375,0.12890625
5436,8,CP2,34,2.238,a,S1 obj,21,co2a0000375,0.1328125
5437,8,CP2,35,1.75,a,S1 obj,21,co2a0000375,0.13671875
5438,8,CP2,36,1.261,a,S1 obj,21,co2a0000375,0.140625
5439,8,CP2,37,1.261,a,S1 obj,21,co2a0000375,0.14453125
5440,8,CP2,38,1.261,a,S1 obj,21,co2a0000375,0.1484375
5441,8,CP2,39,0.773,a,S1 obj,21,co2a0000375,0.15234375
5442,8,CP2,40,-0.203,a,S1 obj,21,co2a0000375,0.15625
5443,8,CP2,41,-1.18,a,S1 obj,21,co2a0000375,0.16015625
5444,8,CP2,42,-2.645,a,S1 obj,21,co2a0000375,0.1640625
5445,8,CP2,43,-4.11,a,S1 obj,21,co2a0000375,0.16796875
5446,8,CP2,44,-5.086,a,S1 obj,21,co2a0000375,0.171875
5447,8,CP2,45,-5.086,a,S1 obj,21,co2a0000375,0.17578125
5448,8,CP2,46,-4.11,a,S1 obj,21,co2a0000375,0.1796875
5449,8,CP2,47,-2.157,a,S1 obj,21,co2a0000375,0.18359375
5450,8,CP2,48,0.285,a,S1 obj,21,co2a0000375,0.1875
5451,8,CP2,49,1.75,a,S1 obj,21,co2a0000375,0.19140625
5452,8,CP2,50,2.726,a,S1 obj,21,co2a0000375,0.1953125
5453,8,CP2,51,2.238,a,S1 obj,21,co2a0000375,0.19921875
5454,8,CP2,52,1.261,a,S1 obj,21,co2a0000375,0.203125
5455,8,CP2,53,0.285,a,S1 obj,21,co2a0000375,0.20703125
5456,8,CP2,54,-0.203,a,S1 obj,21,co2a0000375,0.2109375
5457,8,CP2,55,0.285,a,S1 obj,21,co2a0000375,0.21484375
5458,8,CP2,56,0.773,a,S1 obj,21,co2a0000375,0.21875
5459,8,CP2,57,1.261,a,S1 obj,21,co2a0000375,0.22265625
5460,8,CP2,58,1.75,a,S1 obj,21,co2a0000375,0.2265625
5461,8,CP2,59,1.75,a,S1 obj,21,co2a0000375,0.23046875
5462,8,CP2,60,0.773,a,S1 obj,21,co2a0000375,0.234375
5463,8,CP2,61,-0.203,a,S1 obj,21,co2a0000375,0.23828125
5464,8,CP2,62,-0.692,a,S1 obj,21,co2a0000375,0.2421875
5465,8,CP2,63,0.285,a,S1 obj,21,co2a0000375,0.24609375
5466,8,CP2,64,1.75,a,S1 obj,21,co2a0000375,0.25
5467,8,CP2,65,3.703,a,S1 obj,21,co2a0000375,0.25390625
5468,8,CP2,66,5.168,a,S1 obj,21,co2a0000375,0.2578125
5469,8,CP2,67,6.144,a,S1 obj,21,co2a0000375,0.26171875
5470,8,CP2,68,6.632,a,S1 obj,21,co2a0000375,0.265625
5471,8,CP2,69,6.632,a,S1 obj,21,co2a0000375,0.26953125
5472,8,CP2,70,6.632,a,S1 obj,21,co2a0000375,0.2734375
5473,8,CP2,71,6.632,a,S1 obj,21,co2a0000375,0.27734375
5474,8,CP2,72,6.632,a,S1 obj,21,co2a0000375,0.28125
5475,8,CP2,73,6.144,a,S1 obj,21,co2a0000375,0.28515625
5476,8,CP2,74,5.168,a,S1 obj,21,co2a0000375,0.2890625
5477,8,CP2,75,4.679,a,S1 obj,21,co2a0000375,0.29296875
5478,8,CP2,76,4.191,a,S1 obj,21,co2a0000375,0.296875
5479,8,CP2,77,3.703,a,S1 obj,21,co2a0000375,0.30078125
5480,8,CP2,78,3.703,a,S1 obj,21,co2a0000375,0.3046875
5481,8,CP2,79,3.703,a,S1 obj,21,co2a0000375,0.30859375
5482,8,CP2,80,3.215,a,S1 obj,21,co2a0000375,0.3125
5483,8,CP2,81,3.215,a,S1 obj,21,co2a0000375,0.31640625
5484,8,CP2,82,3.215,a,S1 obj,21,co2a0000375,0.3203125
5485,8,CP2,83,3.215,a,S1 obj,21,co2a0000375,0.32421875
5486,8,CP2,84,3.215,a,S1 obj,21,co2a0000375,0.328125
5487,8,CP2,85,4.191,a,S1 obj,21,co2a0000375,0.33203125
5488,8,CP2,86,6.144,a,S1 obj,21,co2a0000375,0.3359375
5489,8,CP2,87,8.097,a,S1 obj,21,co2a0000375,0.33984375
5490,8,CP2,88,9.562,a,S1 obj,21,co2a0000375,0.34375
5491,8,CP2,89,10.05,a,S1 obj,21,co2a0000375,0.34765625
5492,8,CP2,90,9.074,a,S1 obj,21,co2a0000375,0.3515625
5493,8,CP2,91,7.609,a,S1 obj,21,co2a0000375,0.35546875
5494,8,CP2,92,6.144,a,S1 obj,21,co2a0000375,0.359375
5495,8,CP2,93,4.679,a,S1 obj,21,co2a0000375,0.36328125
5496,8,CP2,94,4.191,a,S1 obj,21,co2a0000375,0.3671875
5497,8,CP2,95,4.679,a,S1 obj,21,co2a0000375,0.37109375
5498,8,CP2,96,4.679,a,S1 obj,21,co2a0000375,0.375
5499,8,CP2,97,5.168,a,S1 obj,21,co2a0000375,0.37890625
5500,8,CP2,98,5.656,a,S1 obj,21,co2a0000375,0.3828125
5501,8,CP2,99,5.656,a,S1 obj,21,co2a0000375,0.38671875
5502,8,CP2,100,5.168,a,S1 obj,21,co2a0000375,0.390625
5503,8,CP2,101,3.703,a,S1 obj,21,co2a0000375,0.39453125
5504,8,CP2,102,1.75,a,S1 obj,21,co2a0000375,0.3984375
5505,8,CP2,103,0.285,a,S1 obj,21,co2a0000375,0.40234375
5506,8,CP2,104,0.285,a,S1 obj,21,co2a0000375,0.40625
5507,8,CP2,105,1.75,a,S1 obj,21,co2a0000375,0.41015625
5508,8,CP2,106,3.703,a,S1 obj,21,co2a0000375,0.4140625
5509,8,CP2,107,5.168,a,S1 obj,21,co2a0000375,0.41796875
5510,8,CP2,108,5.168,a,S1 obj,21,co2a0000375,0.421875
5511,8,CP2,109,5.168,a,S1 obj,21,co2a0000375,0.42578125
5512,8,CP2,110,4.191,a,S1 obj,21,co2a0000375,0.4296875
5513,8,CP2,111,3.215,a,S1 obj,21,co2a0000375,0.43359375
5514,8,CP2,112,2.726,a,S1 obj,21,co2a0000375,0.4375
5515,8,CP2,113,2.726,a,S1 obj,21,co2a0000375,0.44140625
5516,8,CP2,114,2.238,a,S1 obj,21,co2a0000375,0.4453125
5517,8,CP2,115,2.238,a,S1 obj,21,co2a0000375,0.44921875
5518,8,CP2,116,2.238,a,S1 obj,21,co2a0000375,0.453125
5519,8,CP2,117,1.261,a,S1 obj,21,co2a0000375,0.45703125
5520,8,CP2,118,0.285,a,S1 obj,21,co2a0000375,0.4609375
5521,8,CP2,119,-1.18,a,S1 obj,21,co2a0000375,0.46484375
5522,8,CP2,120,-2.645,a,S1 obj,21,co2a0000375,0.46875
5523,8,CP2,121,-3.621,a,S1 obj,21,co2a0000375,0.47265625
5524,8,CP2,122,-3.621,a,S1 obj,21,co2a0000375,0.4765625
5525,8,CP2,123,-3.133,a,S1 obj,21,co2a0000375,0.48046875
5526,8,CP2,124,-2.645,a,S1 obj,21,co2a0000375,0.484375
5527,8,CP2,125,-2.157,a,S1 obj,21,co2a0000375,0.48828125
5528,8,CP2,126,-2.645,a,S1 obj,21,co2a0000375,0.4921875
5529,8,CP2,127,-3.133,a,S1 obj,21,co2a0000375,0.49609375
5530,8,CP2,128,-4.11,a,S1 obj,21,co2a0000375,0.5
5531,8,CP2,129,-5.086,a,S1 obj,21,co2a0000375,0.50390625
5532,8,CP2,130,-5.086,a,S1 obj,21,co2a0000375,0.5078125
5533,8,CP2,131,-4.11,a,S1 obj,21,co2a0000375,0.51171875
5534,8,CP2,132,-2.645,a,S1 obj,21,co2a0000375,0.515625
5535,8,CP2,133,-0.692,a,S1 obj,21,co2a0000375,0.51953125
5536,8,CP2,134,0.285,a,S1 obj,21,co2a0000375,0.5234375
5537,8,CP2,135,0.285,a,S1 obj,21,co2a0000375,0.52734375
5538,8,CP2,136,-0.203,a,S1 obj,21,co2a0000375,0.53125
5539,8,CP2,137,-1.18,a,S1 obj,21,co2a0000375,0.53515625
5540,8,CP2,138,-1.668,a,S1 obj,21,co2a0000375,0.5390625
5541,8,CP2,139,-1.18,a,S1 obj,21,co2a0000375,0.54296875
5542,8,CP2,140,-0.692,a,S1 obj,21,co2a0000375,0.546875
5543,8,CP2,141,-0.203,a,S1 obj,21,co2a0000375,0.55078125
5544,8,CP2,142,0.285,a,S1 obj,21,co2a0000375,0.5546875
5545,8,CP2,143,-0.692,a,S1 obj,21,co2a0000375,0.55859375
5546,8,CP2,144,-1.18,a,S1 obj,21,co2a0000375,0.5625
5547,8,CP2,145,-1.668,a,S1 obj,21,co2a0000375,0.56640625
5548,8,CP2,146,-2.157,a,S1 obj,21,co2a0000375,0.5703125
5549,8,CP2,147,-2.645,a,S1 obj,21,co2a0000375,0.57421875
5550,8,CP2,148,-2.157,a,S1 obj,21,co2a0000375,0.578125
5551,8,CP2,149,-2.157,a,S1 obj,21,co2a0000375,0.58203125
5552,8,CP2,150,-1.668,a,S1 obj,21,co2a0000375,0.5859375
5553,8,CP2,151,-1.18,a,S1 obj,21,co2a0000375,0.58984375
5554,8,CP2,152,-0.203,a,S1 obj,21,co2a0000375,0.59375
5555,8,CP2,153,0.285,a,S1 obj,21,co2a0000375,0.59765625
5556,8,CP2,154,0.285,a,S1 obj,21,co2a0000375,0.6015625
5557,8,CP2,155,-0.203,a,S1 obj,21,co2a0000375,0.60546875
5558,8,CP2,156,-0.692,a,S1 obj,21,co2a0000375,0.609375
5559,8,CP2,157,-0.692,a,S1 obj,21,co2a0000375,0.61328125
5560,8,CP2,158,-0.203,a,S1 obj,21,co2a0000375,0.6171875
5561,8,CP2,159,-0.203,a,S1 obj,21,co2a0000375,0.62109375
5562,8,CP2,160,0.285,a,S1 obj,21,co2a0000375,0.625
5563,8,CP2,161,0.285,a,S1 obj,21,co2a0000375,0.62890625
5564,8,CP2,162,0.773,a,S1 obj,21,co2a0000375,0.6328125
5565,8,CP2,163,0.285,a,S1 obj,21,co2a0000375,0.63671875
5566,8,CP2,164,-0.203,a,S1 obj,21,co2a0000375,0.640625
5567,8,CP2,165,-1.18,a,S1 obj,21,co2a0000375,0.64453125
5568,8,CP2,166,-2.645,a,S1 obj,21,co2a0000375,0.6484375
5569,8,CP2,167,-3.621,a,S1 obj,21,co2a0000375,0.65234375
5570,8,CP2,168,-4.11,a,S1 obj,21,co2a0000375,0.65625
5571,8,CP2,169,-4.11,a,S1 obj,21,co2a0000375,0.66015625
5572,8,CP2,170,-3.133,a,S1 obj,21,co2a0000375,0.6640625
5573,8,CP2,171,-2.645,a,S1 obj,21,co2a0000375,0.66796875
5574,8,CP2,172,-2.645,a,S1 obj,21,co2a0000375,0.671875
5575,8,CP2,173,-3.621,a,S1 obj,21,co2a0000375,0.67578125
5576,8,CP2,174,-4.11,a,S1 obj,21,co2a0000375,0.6796875
5577,8,CP2,175,-4.11,a,S1 obj,21,co2a0000375,0.68359375
5578,8,CP2,176,-3.621,a,S1 obj,21,co2a0000375,0.6875
5579,8,CP2,177,-2.645,a,S1 obj,21,co2a0000375,0.69140625
5580,8,CP2,178,-2.645,a,S1 obj,21,co2a0000375,0.6953125
5581,8,CP2,179,-2.645,a,S1 obj,21,co2a0000375,0.69921875
5582,8,CP2,180,-2.645,a,S1 obj,21,co2a0000375,0.703125
5583,8,CP2,181,-3.133,a,S1 obj,21,co2a0000375,0.70703125
5584,8,CP2,182,-3.133,a,S1 obj,21,co2a0000375,0.7109375
5585,8,CP2,183,-3.133,a,S1 obj,21,co2a0000375,0.71484375
5586,8,CP2,184,-3.133,a,S1 obj,21,co2a0000375,0.71875
5587,8,CP2,185,-3.133,a,S1 obj,21,co2a0000375,0.72265625
5588,8,CP2,186,-3.133,a,S1 obj,21,co2a0000375,0.7265625
5589,8,CP2,187,-3.621,a,S1 obj,21,co2a0000375,0.73046875
5590,8,CP2,188,-3.621,a,S1 obj,21,co2a0000375,0.734375
5591,8,CP2,189,-4.11,a,S1 obj,21,co2a0000375,0.73828125
5592,8,CP2,190,-3.621,a,S1 obj,21,co2a0000375,0.7421875
5593,8,CP2,191,-3.621,a,S1 obj,21,co2a0000375,0.74609375
5594,8,CP2,192,-2.645,a,S1 obj,21,co2a0000375,0.75
5595,8,CP2,193,-1.668,a,S1 obj,21,co2a0000375,0.75390625
5596,8,CP2,194,-1.668,a,S1 obj,21,co2a0000375,0.7578125
5597,8,CP2,195,-2.645,a,S1 obj,21,co2a0000375,0.76171875
5598,8,CP2,196,-4.11,a,S1 obj,21,co2a0000375,0.765625
5599,8,CP2,197,-5.086,a,S1 obj,21,co2a0000375,0.76953125
5600,8,CP2,198,-5.575,a,S1 obj,21,co2a0000375,0.7734375
5601,8,CP2,199,-5.086,a,S1 obj,21,co2a0000375,0.77734375
5602,8,CP2,200,-4.11,a,S1 obj,21,co2a0000375,0.78125
5603,8,CP2,201,-3.621,a,S1 obj,21,co2a0000375,0.78515625
5604,8,CP2,202,-3.133,a,S1 obj,21,co2a0000375,0.7890625
5605,8,CP2,203,-3.133,a,S1 obj,21,co2a0000375,0.79296875
5606,8,CP2,204,-2.645,a,S1 obj,21,co2a0000375,0.796875
5607,8,CP2,205,-2.157,a,S1 obj,21,co2a0000375,0.80078125
5608,8,CP2,206,-2.157,a,S1 obj,21,co2a0000375,0.8046875
5609,8,CP2,207,-2.645,a,S1 obj,21,co2a0000375,0.80859375
5610,8,CP2,208,-4.598,a,S1 obj,21,co2a0000375,0.8125
5611,8,CP2,209,-6.063,a,S1 obj,21,co2a0000375,0.81640625
5612,8,CP2,210,-7.528,a,S1 obj,21,co2a0000375,0.8203125
5613,8,CP2,211,-7.039,a,S1 obj,21,co2a0000375,0.82421875
5614,8,CP2,212,-5.086,a,S1 obj,21,co2a0000375,0.828125
5615,8,CP2,213,-3.621,a,S1 obj,21,co2a0000375,0.83203125
5616,8,CP2,214,-2.157,a,S1 obj,21,co2a0000375,0.8359375
5617,8,CP2,215,-1.668,a,S1 obj,21,co2a0000375,0.83984375
5618,8,CP2,216,-1.668,a,S1 obj,21,co2a0000375,0.84375
5619,8,CP2,217,-1.18,a,S1 obj,21,co2a0000375,0.84765625
5620,8,CP2,218,-0.692,a,S1 obj,21,co2a0000375,0.8515625
5621,8,CP2,219,-0.692,a,S1 obj,21,co2a0000375,0.85546875
5622,8,CP2,220,-1.18,a,S1 obj,21,co2a0000375,0.859375
5623,8,CP2,221,-1.668,a,S1 obj,21,co2a0000375,0.86328125
5624,8,CP2,222,-2.157,a,S1 obj,21,co2a0000375,0.8671875
5625,8,CP2,223,-1.668,a,S1 obj,21,co2a0000375,0.87109375
5626,8,CP2,224,-0.692,a,S1 obj,21,co2a0000375,0.875
5627,8,CP2,225,0.285,a,S1 obj,21,co2a0000375,0.87890625
5628,8,CP2,226,-0.203,a,S1 obj,21,co2a0000375,0.8828125
5629,8,CP2,227,-1.668,a,S1 obj,21,co2a0000375,0.88671875
5630,8,CP2,228,-3.133,a,S1 obj,21,co2a0000375,0.890625
5631,8,CP2,229,-3.621,a,S1 obj,21,co2a0000375,0.89453125
5632,8,CP2,230,-3.133,a,S1 obj,21,co2a0000375,0.8984375
5633,8,CP2,231,-1.18,a,S1 obj,21,co2a0000375,0.90234375
5634,8,CP2,232,0.285,a,S1 obj,21,co2a0000375,0.90625
5635,8,CP2,233,0.773,a,S1 obj,21,co2a0000375,0.91015625
5636,8,CP2,234,-0.692,a,S1 obj,21,co2a0000375,0.9140625
5637,8,CP2,235,-2.645,a,S1 obj,21,co2a0000375,0.91796875
5638,8,CP2,236,-4.598,a,S1 obj,21,co2a0000375,0.921875
5639,8,CP2,237,-6.063,a,S1 obj,21,co2a0000375,0.92578125
5640,8,CP2,238,-6.063,a,S1 obj,21,co2a0000375,0.9296875
5641,8,CP2,239,-5.575,a,S1 obj,21,co2a0000375,0.93359375
5642,8,CP2,240,-3.621,a,S1 obj,21,co2a0000375,0.9375
5643,8,CP2,241,-1.668,a,S1 obj,21,co2a0000375,0.94140625
5644,8,CP2,242,-0.692,a,S1 obj,21,co2a0000375,0.9453125
5645,8,CP2,243,0.773,a,S1 obj,21,co2a0000375,0.94921875
5646,8,CP2,244,0.773,a,S1 obj,21,co2a0000375,0.953125
5647,8,CP2,245,-0.203,a,S1 obj,21,co2a0000375,0.95703125
5648,8,CP2,246,-2.157,a,S1 obj,21,co2a0000375,0.9609375
5649,8,CP2,247,-4.598,a,S1 obj,21,co2a0000375,0.96484375
5650,8,CP2,248,-6.551,a,S1 obj,21,co2a0000375,0.96875
5651,8,CP2,249,-7.039,a,S1 obj,21,co2a0000375,0.97265625
5652,8,CP2,250,-6.063,a,S1 obj,21,co2a0000375,0.9765625
5653,8,CP2,251,-3.133,a,S1 obj,21,co2a0000375,0.98046875
5654,8,CP2,252,0.285,a,S1 obj,21,co2a0000375,0.984375
5655,8,CP2,253,2.726,a,S1 obj,21,co2a0000375,0.98828125
5656,8,CP2,254,4.191,a,S1 obj,21,co2a0000375,0.9921875
5657,8,CP2,255,4.191,a,S1 obj,21,co2a0000375,0.99609375
5659,8,P3,0,1.302,a,S1 obj,22,co2a0000375,0.0
5660,8,P3,1,0.814,a,S1 obj,22,co2a0000375,0.00390625
5661,8,P3,2,0.814,a,S1 obj,22,co2a0000375,0.0078125
5662,8,P3,3,1.79,a,S1 obj,22,co2a0000375,0.01171875
5663,8,P3,4,3.743,a,S1 obj,22,co2a0000375,0.015625
5664,8,P3,5,5.697,a,S1 obj,22,co2a0000375,0.01953125
5665,8,P3,6,6.673,a,S1 obj,22,co2a0000375,0.0234375
5666,8,P3,7,6.673,a,S1 obj,22,co2a0000375,0.02734375
5667,8,P3,8,5.697,a,S1 obj,22,co2a0000375,0.03125
5668,8,P3,9,2.767,a,S1 obj,22,co2a0000375,0.03515625
5669,8,P3,10,-0.163,a,S1 obj,22,co2a0000375,0.0390625
5670,8,P3,11,-2.116,a,S1 obj,22,co2a0000375,0.04296875
5671,8,P3,12,-1.628,a,S1 obj,22,co2a0000375,0.046875
5672,8,P3,13,1.302,a,S1 obj,22,co2a0000375,0.05078125
5673,8,P3,14,5.697,a,S1 obj,22,co2a0000375,0.0546875
5674,8,P3,15,9.115,a,S1 obj,22,co2a0000375,0.05859375
5675,8,P3,16,10.091,a,S1 obj,22,co2a0000375,0.0625
5676,8,P3,17,8.138,a,S1 obj,22,co2a0000375,0.06640625
5677,8,P3,18,5.697,a,S1 obj,22,co2a0000375,0.0703125
5678,8,P3,19,4.232,a,S1 obj,22,co2a0000375,0.07421875
5679,8,P3,20,4.72,a,S1 obj,22,co2a0000375,0.078125
5680,8,P3,21,6.185,a,S1 obj,22,co2a0000375,0.08203125
5681,8,P3,22,7.65,a,S1 obj,22,co2a0000375,0.0859375
5682,8,P3,23,8.138,a,S1 obj,22,co2a0000375,0.08984375
5683,8,P3,24,6.673,a,S1 obj,22,co2a0000375,0.09375
5684,8,P3,25,4.232,a,S1 obj,22,co2a0000375,0.09765625
5685,8,P3,26,2.767,a,S1 obj,22,co2a0000375,0.1015625
5686,8,P3,27,1.302,a,S1 obj,22,co2a0000375,0.10546875
5687,8,P3,28,1.79,a,S1 obj,22,co2a0000375,0.109375
5688,8,P3,29,1.79,a,S1 obj,22,co2a0000375,0.11328125
5689,8,P3,30,3.255,a,S1 obj,22,co2a0000375,0.1171875
5690,8,P3,31,5.208,a,S1 obj,22,co2a0000375,0.12109375
5691,8,P3,32,7.161,a,S1 obj,22,co2a0000375,0.125
5692,8,P3,33,8.626,a,S1 obj,22,co2a0000375,0.12890625
5693,8,P3,34,8.626,a,S1 obj,22,co2a0000375,0.1328125
5694,8,P3,35,6.673,a,S1 obj,22,co2a0000375,0.13671875
5695,8,P3,36,4.232,a,S1 obj,22,co2a0000375,0.140625
5696,8,P3,37,2.279,a,S1 obj,22,co2a0000375,0.14453125
5697,8,P3,38,1.302,a,S1 obj,22,co2a0000375,0.1484375
5698,8,P3,39,2.279,a,S1 obj,22,co2a0000375,0.15234375
5699,8,P3,40,3.743,a,S1 obj,22,co2a0000375,0.15625
5700,8,P3,41,5.208,a,S1 obj,22,co2a0000375,0.16015625
5701,8,P3,42,5.208,a,S1 obj,22,co2a0000375,0.1640625
5702,8,P3,43,4.232,a,S1 obj,22,co2a0000375,0.16796875
5703,8,P3,44,3.255,a,S1 obj,22,co2a0000375,0.171875
5704,8,P3,45,2.279,a,S1 obj,22,co2a0000375,0.17578125
5705,8,P3,46,2.279,a,S1 obj,22,co2a0000375,0.1796875
5706,8,P3,47,2.767,a,S1 obj,22,co2a0000375,0.18359375
5707,8,P3,48,2.767,a,S1 obj,22,co2a0000375,0.1875
5708,8,P3,49,2.279,a,S1 obj,22,co2a0000375,0.19140625
5709,8,P3,50,1.79,a,S1 obj,22,co2a0000375,0.1953125
5710,8,P3,51,1.302,a,S1 obj,22,co2a0000375,0.19921875
5711,8,P3,52,0.326,a,S1 obj,22,co2a0000375,0.203125
5712,8,P3,53,-1.139,a,S1 obj,22,co2a0000375,0.20703125
5713,8,P3,54,-3.092,a,S1 obj,22,co2a0000375,0.2109375
5714,8,P3,55,-5.046,a,S1 obj,22,co2a0000375,0.21484375
5715,8,P3,56,-5.046,a,S1 obj,22,co2a0000375,0.21875
5716,8,P3,57,-4.069,a,S1 obj,22,co2a0000375,0.22265625
5717,8,P3,58,-1.628,a,S1 obj,22,co2a0000375,0.2265625
5718,8,P3,59,0.326,a,S1 obj,22,co2a0000375,0.23046875
5719,8,P3,60,1.302,a,S1 obj,22,co2a0000375,0.234375
5720,8,P3,61,1.79,a,S1 obj,22,co2a0000375,0.23828125
5721,8,P3,62,2.279,a,S1 obj,22,co2a0000375,0.2421875
5722,8,P3,63,4.232,a,S1 obj,22,co2a0000375,0.24609375
5723,8,P3,64,5.697,a,S1 obj,22,co2a0000375,0.25
5724,8,P3,65,6.673,a,S1 obj,22,co2a0000375,0.25390625
5725,8,P3,66,6.673,a,S1 obj,22,co2a0000375,0.2578125
5726,8,P3,67,5.697,a,S1 obj,22,co2a0000375,0.26171875
5727,8,P3,68,4.72,a,S1 obj,22,co2a0000375,0.265625
5728,8,P3,69,5.208,a,S1 obj,22,co2a0000375,0.26953125
5729,8,P3,70,5.208,a,S1 obj,22,co2a0000375,0.2734375
5730,8,P3,71,5.208,a,S1 obj,22,co2a0000375,0.27734375
5731,8,P3,72,4.72,a,S1 obj,22,co2a0000375,0.28125
5732,8,P3,73,4.232,a,S1 obj,22,co2a0000375,0.28515625
5733,8,P3,74,3.255,a,S1 obj,22,co2a0000375,0.2890625
5734,8,P3,75,3.743,a,S1 obj,22,co2a0000375,0.29296875
5735,8,P3,76,4.232,a,S1 obj,22,co2a0000375,0.296875
5736,8,P3,77,4.232,a,S1 obj,22,co2a0000375,0.30078125
5737,8,P3,78,3.743,a,S1 obj,22,co2a0000375,0.3046875
5738,8,P3,79,2.767,a,S1 obj,22,co2a0000375,0.30859375
5739,8,P3,80,2.767,a,S1 obj,22,co2a0000375,0.3125
5740,8,P3,81,4.72,a,S1 obj,22,co2a0000375,0.31640625
5741,8,P3,82,7.65,a,S1 obj,22,co2a0000375,0.3203125
5742,8,P3,83,10.091,a,S1 obj,22,co2a0000375,0.32421875
5743,8,P3,84,11.068,a,S1 obj,22,co2a0000375,0.328125
5744,8,P3,85,11.556,a,S1 obj,22,co2a0000375,0.33203125
5745,8,P3,86,11.556,a,S1 obj,22,co2a0000375,0.3359375
5746,8,P3,87,12.044,a,S1 obj,22,co2a0000375,0.33984375
5747,8,P3,88,13.021,a,S1 obj,22,co2a0000375,0.34375
5748,8,P3,89,13.997,a,S1 obj,22,co2a0000375,0.34765625
5749,8,P3,90,13.997,a,S1 obj,22,co2a0000375,0.3515625
5750,8,P3,91,12.533,a,S1 obj,22,co2a0000375,0.35546875
5751,8,P3,92,9.603,a,S1 obj,22,co2a0000375,0.359375
5752,8,P3,93,7.161,a,S1 obj,22,co2a0000375,0.36328125
5753,8,P3,94,5.208,a,S1 obj,22,co2a0000375,0.3671875
5754,8,P3,95,4.232,a,S1 obj,22,co2a0000375,0.37109375
5755,8,P3,96,4.232,a,S1 obj,22,co2a0000375,0.375
5756,8,P3,97,3.743,a,S1 obj,22,co2a0000375,0.37890625
5757,8,P3,98,3.743,a,S1 obj,22,co2a0000375,0.3828125
5758,8,P3,99,3.743,a,S1 obj,22,co2a0000375,0.38671875
5759,8,P3,100,3.255,a,S1 obj,22,co2a0000375,0.390625
5760,8,P3,101,2.767,a,S1 obj,22,co2a0000375,0.39453125
5761,8,P3,102,2.767,a,S1 obj,22,co2a0000375,0.3984375
5762,8,P3,103,3.255,a,S1 obj,22,co2a0000375,0.40234375
5763,8,P3,104,5.208,a,S1 obj,22,co2a0000375,0.40625
5764,8,P3,105,7.161,a,S1 obj,22,co2a0000375,0.41015625
5765,8,P3,106,9.115,a,S1 obj,22,co2a0000375,0.4140625
5766,8,P3,107,9.115,a,S1 obj,22,co2a0000375,0.41796875
5767,8,P3,108,7.161,a,S1 obj,22,co2a0000375,0.421875
5768,8,P3,109,4.72,a,S1 obj,22,co2a0000375,0.42578125
5769,8,P3,110,1.79,a,S1 obj,22,co2a0000375,0.4296875
5770,8,P3,111,0.326,a,S1 obj,22,co2a0000375,0.43359375
5771,8,P3,112,0.326,a,S1 obj,22,co2a0000375,0.4375
5772,8,P3,113,-0.163,a,S1 obj,22,co2a0000375,0.44140625
5773,8,P3,114,-0.651,a,S1 obj,22,co2a0000375,0.4453125
5774,8,P3,115,-2.604,a,S1 obj,22,co2a0000375,0.44921875
5775,8,P3,116,-4.557,a,S1 obj,22,co2a0000375,0.453125
5776,8,P3,117,-6.51,a,S1 obj,22,co2a0000375,0.45703125
5777,8,P3,118,-6.999,a,S1 obj,22,co2a0000375,0.4609375
5778,8,P3,119,-7.487,a,S1 obj,22,co2a0000375,0.46484375
5779,8,P3,120,-7.975,a,S1 obj,22,co2a0000375,0.46875
5780,8,P3,121,-9.44,a,S1 obj,22,co2a0000375,0.47265625
5781,8,P3,122,-10.417,a,S1 obj,22,co2a0000375,0.4765625
5782,8,P3,123,-11.393,a,S1 obj,22,co2a0000375,0.48046875
5783,8,P3,124,-10.417,a,S1 obj,22,co2a0000375,0.484375
5784,8,P3,125,-7.487,a,S1 obj,22,co2a0000375,0.48828125
5785,8,P3,126,-3.092,a,S1 obj,22,co2a0000375,0.4921875
5786,8,P3,127,1.302,a,S1 obj,22,co2a0000375,0.49609375
5787,8,P3,128,2.767,a,S1 obj,22,co2a0000375,0.5
5788,8,P3,129,1.302,a,S1 obj,22,co2a0000375,0.50390625
5789,8,P3,130,-2.604,a,S1 obj,22,co2a0000375,0.5078125
5790,8,P3,131,-6.022,a,S1 obj,22,co2a0000375,0.51171875
5791,8,P3,132,-7.487,a,S1 obj,22,co2a0000375,0.515625
5792,8,P3,133,-6.999,a,S1 obj,22,co2a0000375,0.51953125
5793,8,P3,134,-6.022,a,S1 obj,22,co2a0000375,0.5234375
5794,8,P3,135,-6.022,a,S1 obj,22,co2a0000375,0.52734375
5795,8,P3,136,-7.487,a,S1 obj,22,co2a0000375,0.53125
5796,8,P3,137,-9.928,a,S1 obj,22,co2a0000375,0.53515625
5797,8,P3,138,-11.882,a,S1 obj,22,co2a0000375,0.5390625
5798,8,P3,139,-12.37,a,S1 obj,22,co2a0000375,0.54296875
5799,8,P3,140,-11.393,a,S1 obj,22,co2a0000375,0.546875
5800,8,P3,141,-10.417,a,S1 obj,22,co2a0000375,0.55078125
5801,8,P3,142,-9.928,a,S1 obj,22,co2a0000375,0.5546875
5802,8,P3,143,-10.417,a,S1 obj,22,co2a0000375,0.55859375
5803,8,P3,144,-9.928,a,S1 obj,22,co2a0000375,0.5625
5804,8,P3,145,-8.952,a,S1 obj,22,co2a0000375,0.56640625
5805,8,P3,146,-6.51,a,S1 obj,22,co2a0000375,0.5703125
5806,8,P3,147,-4.557,a,S1 obj,22,co2a0000375,0.57421875
5807,8,P3,148,-2.604,a,S1 obj,22,co2a0000375,0.578125
5808,8,P3,149,-1.628,a,S1 obj,22,co2a0000375,0.58203125
5809,8,P3,150,-1.628,a,S1 obj,22,co2a0000375,0.5859375
5810,8,P3,151,-1.628,a,S1 obj,22,co2a0000375,0.58984375
5811,8,P3,152,-2.604,a,S1 obj,22,co2a0000375,0.59375
5812,8,P3,153,-3.581,a,S1 obj,22,co2a0000375,0.59765625
5813,8,P3,154,-5.046,a,S1 obj,22,co2a0000375,0.6015625
5814,8,P3,155,-6.51,a,S1 obj,22,co2a0000375,0.60546875
5815,8,P3,156,-6.999,a,S1 obj,22,co2a0000375,0.609375
5816,8,P3,157,-6.51,a,S1 obj,22,co2a0000375,0.61328125
5817,8,P3,158,-5.534,a,S1 obj,22,co2a0000375,0.6171875
5818,8,P3,159,-4.557,a,S1 obj,22,co2a0000375,0.62109375
5819,8,P3,160,-4.557,a,S1 obj,22,co2a0000375,0.625
5820,8,P3,161,-5.534,a,S1 obj,22,co2a0000375,0.62890625
5821,8,P3,162,-6.51,a,S1 obj,22,co2a0000375,0.6328125
5822,8,P3,163,-6.51,a,S1 obj,22,co2a0000375,0.63671875
5823,8,P3,164,-6.51,a,S1 obj,22,co2a0000375,0.640625
5824,8,P3,165,-6.51,a,S1 obj,22,co2a0000375,0.64453125
5825,8,P3,166,-6.999,a,S1 obj,22,co2a0000375,0.6484375
5826,8,P3,167,-8.952,a,S1 obj,22,co2a0000375,0.65234375
5827,8,P3,168,-10.905,a,S1 obj,22,co2a0000375,0.65625
5828,8,P3,169,-12.37,a,S1 obj,22,co2a0000375,0.66015625
5829,8,P3,170,-11.393,a,S1 obj,22,co2a0000375,0.6640625
5830,8,P3,171,-9.44,a,S1 obj,22,co2a0000375,0.66796875
5831,8,P3,172,-7.487,a,S1 obj,22,co2a0000375,0.671875
5832,8,P3,173,-7.487,a,S1 obj,22,co2a0000375,0.67578125
5833,8,P3,174,-9.44,a,S1 obj,22,co2a0000375,0.6796875
5834,8,P3,175,-11.393,a,S1 obj,22,co2a0000375,0.68359375
5835,8,P3,176,-11.882,a,S1 obj,22,co2a0000375,0.6875
5836,8,P3,177,-10.417,a,S1 obj,22,co2a0000375,0.69140625
5837,8,P3,178,-6.999,a,S1 obj,22,co2a0000375,0.6953125
5838,8,P3,179,-4.557,a,S1 obj,22,co2a0000375,0.69921875
5839,8,P3,180,-5.046,a,S1 obj,22,co2a0000375,0.703125
5840,8,P3,181,-8.464,a,S1 obj,22,co2a0000375,0.70703125
5841,8,P3,182,-12.37,a,S1 obj,22,co2a0000375,0.7109375
5842,8,P3,183,-15.299,a,S1 obj,22,co2a0000375,0.71484375
5843,8,P3,184,-15.299,a,S1 obj,22,co2a0000375,0.71875
5844,8,P3,185,-13.346,a,S1 obj,22,co2a0000375,0.72265625
5845,8,P3,186,-11.393,a,S1 obj,22,co2a0000375,0.7265625
5846,8,P3,187,-10.417,a,S1 obj,22,co2a0000375,0.73046875
5847,8,P3,188,-10.417,a,S1 obj,22,co2a0000375,0.734375
5848,8,P3,189,-10.905,a,S1 obj,22,co2a0000375,0.73828125
5849,8,P3,190,-10.417,a,S1 obj,22,co2a0000375,0.7421875
5850,8,P3,191,-8.952,a,S1 obj,22,co2a0000375,0.74609375
5851,8,P3,192,-7.975,a,S1 obj,22,co2a0000375,0.75
5852,8,P3,193,-8.464,a,S1 obj,22,co2a0000375,0.75390625
5853,8,P3,194,-10.905,a,S1 obj,22,co2a0000375,0.7578125
5854,8,P3,195,-13.346,a,S1 obj,22,co2a0000375,0.76171875
5855,8,P3,196,-13.835,a,S1 obj,22,co2a0000375,0.765625
5856,8,P3,197,-11.882,a,S1 obj,22,co2a0000375,0.76953125
5857,8,P3,198,-7.975,a,S1 obj,22,co2a0000375,0.7734375
5858,8,P3,199,-4.557,a,S1 obj,22,co2a0000375,0.77734375
5859,8,P3,200,-3.581,a,S1 obj,22,co2a0000375,0.78125
5860,8,P3,201,-5.534,a,S1 obj,22,co2a0000375,0.78515625
5861,8,P3,202,-8.464,a,S1 obj,22,co2a0000375,0.7890625
5862,8,P3,203,-10.905,a,S1 obj,22,co2a0000375,0.79296875
5863,8,P3,204,-11.393,a,S1 obj,22,co2a0000375,0.796875
5864,8,P3,205,-10.417,a,S1 obj,22,co2a0000375,0.80078125
5865,8,P3,206,-9.44,a,S1 obj,22,co2a0000375,0.8046875
5866,8,P3,207,-9.928,a,S1 obj,22,co2a0000375,0.80859375
5867,8,P3,208,-12.37,a,S1 obj,22,co2a0000375,0.8125
5868,8,P3,209,-13.346,a,S1 obj,22,co2a0000375,0.81640625
5869,8,P3,210,-11.882,a,S1 obj,22,co2a0000375,0.8203125
5870,8,P3,211,-8.464,a,S1 obj,22,co2a0000375,0.82421875
5871,8,P3,212,-4.069,a,S1 obj,22,co2a0000375,0.828125
5872,8,P3,213,-2.116,a,S1 obj,22,co2a0000375,0.83203125
5873,8,P3,214,-2.604,a,S1 obj,22,co2a0000375,0.8359375
5874,8,P3,215,-5.534,a,S1 obj,22,co2a0000375,0.83984375
5875,8,P3,216,-7.487,a,S1 obj,22,co2a0000375,0.84375
5876,8,P3,217,-7.487,a,S1 obj,22,co2a0000375,0.84765625
5877,8,P3,218,-5.534,a,S1 obj,22,co2a0000375,0.8515625
5878,8,P3,219,-3.581,a,S1 obj,22,co2a0000375,0.85546875
5879,8,P3,220,-3.092,a,S1 obj,22,co2a0000375,0.859375
5880,8,P3,221,-5.534,a,S1 obj,22,co2a0000375,0.86328125
5881,8,P3,222,-8.464,a,S1 obj,22,co2a0000375,0.8671875
5882,8,P3,223,-10.417,a,S1 obj,22,co2a0000375,0.87109375
5883,8,P3,224,-10.905,a,S1 obj,22,co2a0000375,0.875
5884,8,P3,225,-9.928,a,S1 obj,22,co2a0000375,0.87890625
5885,8,P3,226,-9.44,a,S1 obj,22,co2a0000375,0.8828125
5886,8,P3,227,-9.928,a,S1 obj,22,co2a0000375,0.88671875
5887,8,P3,228,-10.417,a,S1 obj,22,co2a0000375,0.890625
5888,8,P3,229,-10.905,a,S1 obj,22,co2a0000375,0.89453125
5889,8,P3,230,-9.928,a,S1 obj,22,co2a0000375,0.8984375
5890,8,P3,231,-7.487,a,S1 obj,22,co2a0000375,0.90234375
5891,8,P3,232,-5.534,a,S1 obj,22,co2a0000375,0.90625
5892,8,P3,233,-4.557,a,S1 obj,22,co2a0000375,0.91015625
5893,8,P3,234,-4.557,a,S1 obj,22,co2a0000375,0.9140625
5894,8,P3,235,-6.022,a,S1 obj,22,co2a0000375,0.91796875
5895,8,P3,236,-7.487,a,S1 obj,22,co2a0000375,0.921875
5896,8,P3,237,-8.952,a,S1 obj,22,co2a0000375,0.92578125
5897,8,P3,238,-10.417,a,S1 obj,22,co2a0000375,0.9296875
5898,8,P3,239,-11.882,a,S1 obj,22,co2a0000375,0.93359375
5899,8,P3,240,-12.37,a,S1 obj,22,co2a0000375,0.9375
5900,8,P3,241,-11.393,a,S1 obj,22,co2a0000375,0.94140625
5901,8,P3,242,-9.44,a,S1 obj,22,co2a0000375,0.9453125
5902,8,P3,243,-6.999,a,S1 obj,22,co2a0000375,0.94921875
5903,8,P3,244,-5.534,a,S1 obj,22,co2a0000375,0.953125
5904,8,P3,245,-5.534,a,S1 obj,22,co2a0000375,0.95703125
5905,8,P3,246,-6.999,a,S1 obj,22,co2a0000375,0.9609375
5906,8,P3,247,-8.952,a,S1 obj,22,co2a0000375,0.96484375
5907,8,P3,248,-9.928,a,S1 obj,22,co2a0000375,0.96875
5908,8,P3,249,-8.952,a,S1 obj,22,co2a0000375,0.97265625
5909,8,P3,250,-6.51,a,S1 obj,22,co2a0000375,0.9765625
5910,8,P3,251,-3.581,a,S1 obj,22,co2a0000375,0.98046875
5911,8,P3,252,-1.139,a,S1 obj,22,co2a0000375,0.984375
5912,8,P3,253,0.326,a,S1 obj,22,co2a0000375,0.98828125
5913,8,P3,254,0.814,a,S1 obj,22,co2a0000375,0.9921875
5914,8,P3,255,0.814,a,S1 obj,22,co2a0000375,0.99609375
5916,8,P4,0,0.295,a,S1 obj,23,co2a0000375,0.0
5917,8,P4,1,-1.17,a,S1 obj,23,co2a0000375,0.00390625
5918,8,P4,2,-3.123,a,S1 obj,23,co2a0000375,0.0078125
5919,8,P4,3,-4.1,a,S1 obj,23,co2a0000375,0.01171875
5920,8,P4,4,-3.123,a,S1 obj,23,co2a0000375,0.015625
5921,8,P4,5,-1.17,a,S1 obj,23,co2a0000375,0.01953125
5922,8,P4,6,1.76,a,S1 obj,23,co2a0000375,0.0234375
5923,8,P4,7,3.225,a,S1 obj,23,co2a0000375,0.02734375
5924,8,P4,8,3.225,a,S1 obj,23,co2a0000375,0.03125
5925,8,P4,9,1.272,a,S1 obj,23,co2a0000375,0.03515625
5926,8,P4,10,-1.658,a,S1 obj,23,co2a0000375,0.0390625
5927,8,P4,11,-4.588,a,S1 obj,23,co2a0000375,0.04296875
5928,8,P4,12,-6.541,a,S1 obj,23,co2a0000375,0.046875
5929,8,P4,13,-6.541,a,S1 obj,23,co2a0000375,0.05078125
5930,8,P4,14,-4.588,a,S1 obj,23,co2a0000375,0.0546875
5931,8,P4,15,-2.146,a,S1 obj,23,co2a0000375,0.05859375
5932,8,P4,16,0.783,a,S1 obj,23,co2a0000375,0.0625
5933,8,P4,17,2.736,a,S1 obj,23,co2a0000375,0.06640625
5934,8,P4,18,3.225,a,S1 obj,23,co2a0000375,0.0703125
5935,8,P4,19,3.713,a,S1 obj,23,co2a0000375,0.07421875
5936,8,P4,20,4.201,a,S1 obj,23,co2a0000375,0.078125
5937,8,P4,21,5.178,a,S1 obj,23,co2a0000375,0.08203125
5938,8,P4,22,6.154,a,S1 obj,23,co2a0000375,0.0859375
5939,8,P4,23,7.131,a,S1 obj,23,co2a0000375,0.08984375
5940,8,P4,24,6.643,a,S1 obj,23,co2a0000375,0.09375
5941,8,P4,25,5.666,a,S1 obj,23,co2a0000375,0.09765625
5942,8,P4,26,4.201,a,S1 obj,23,co2a0000375,0.1015625
5943,8,P4,27,2.736,a,S1 obj,23,co2a0000375,0.10546875
5944,8,P4,28,2.736,a,S1 obj,23,co2a0000375,0.109375
5945,8,P4,29,3.225,a,S1 obj,23,co2a0000375,0.11328125
5946,8,P4,30,3.713,a,S1 obj,23,co2a0000375,0.1171875
5947,8,P4,31,3.225,a,S1 obj,23,co2a0000375,0.12109375
5948,8,P4,32,1.76,a,S1 obj,23,co2a0000375,0.125
5949,8,P4,33,0.295,a,S1 obj,23,co2a0000375,0.12890625
5950,8,P4,34,-0.682,a,S1 obj,23,co2a0000375,0.1328125
5951,8,P4,35,-0.682,a,S1 obj,23,co2a0000375,0.13671875
5952,8,P4,36,0.295,a,S1 obj,23,co2a0000375,0.140625
5953,8,P4,37,1.272,a,S1 obj,23,co2a0000375,0.14453125
5954,8,P4,38,1.272,a,S1 obj,23,co2a0000375,0.1484375
5955,8,P4,39,0.295,a,S1 obj,23,co2a0000375,0.15234375
5956,8,P4,40,-0.193,a,S1 obj,23,co2a0000375,0.15625
5957,8,P4,41,-1.658,a,S1 obj,23,co2a0000375,0.16015625
5958,8,P4,42,-3.123,a,S1 obj,23,co2a0000375,0.1640625
5959,8,P4,43,-5.076,a,S1 obj,23,co2a0000375,0.16796875
5960,8,P4,44,-7.029,a,S1 obj,23,co2a0000375,0.171875
5961,8,P4,45,-7.517,a,S1 obj,23,co2a0000375,0.17578125
5962,8,P4,46,-6.541,a,S1 obj,23,co2a0000375,0.1796875
5963,8,P4,47,-4.588,a,S1 obj,23,co2a0000375,0.18359375
5964,8,P4,48,-2.146,a,S1 obj,23,co2a0000375,0.1875
5965,8,P4,49,-0.193,a,S1 obj,23,co2a0000375,0.19140625
5966,8,P4,50,0.295,a,S1 obj,23,co2a0000375,0.1953125
5967,8,P4,51,-0.193,a,S1 obj,23,co2a0000375,0.19921875
5968,8,P4,52,-1.658,a,S1 obj,23,co2a0000375,0.203125
5969,8,P4,53,-3.123,a,S1 obj,23,co2a0000375,0.20703125
5970,8,P4,54,-4.1,a,S1 obj,23,co2a0000375,0.2109375
5971,8,P4,55,-3.611,a,S1 obj,23,co2a0000375,0.21484375
5972,8,P4,56,-2.635,a,S1 obj,23,co2a0000375,0.21875
5973,8,P4,57,-0.193,a,S1 obj,23,co2a0000375,0.22265625
5974,8,P4,58,2.248,a,S1 obj,23,co2a0000375,0.2265625
5975,8,P4,59,3.713,a,S1 obj,23,co2a0000375,0.23046875
5976,8,P4,60,3.713,a,S1 obj,23,co2a0000375,0.234375
5977,8,P4,61,2.736,a,S1 obj,23,co2a0000375,0.23828125
5978,8,P4,62,2.248,a,S1 obj,23,co2a0000375,0.2421875
5979,8,P4,63,3.225,a,S1 obj,23,co2a0000375,0.24609375
5980,8,P4,64,5.178,a,S1 obj,23,co2a0000375,0.25
5981,8,P4,65,7.619,a,S1 obj,23,co2a0000375,0.25390625
5982,8,P4,66,9.572,a,S1 obj,23,co2a0000375,0.2578125
5983,8,P4,67,10.549,a,S1 obj,23,co2a0000375,0.26171875
5984,8,P4,68,10.061,a,S1 obj,23,co2a0000375,0.265625
5985,8,P4,69,9.572,a,S1 obj,23,co2a0000375,0.26953125
5986,8,P4,70,9.084,a,S1 obj,23,co2a0000375,0.2734375
5987,8,P4,71,8.108,a,S1 obj,23,co2a0000375,0.27734375
5988,8,P4,72,7.619,a,S1 obj,23,co2a0000375,0.28125
5989,8,P4,73,6.154,a,S1 obj,23,co2a0000375,0.28515625
5990,8,P4,74,4.201,a,S1 obj,23,co2a0000375,0.2890625
5991,8,P4,75,2.248,a,S1 obj,23,co2a0000375,0.29296875
5992,8,P4,76,0.783,a,S1 obj,23,co2a0000375,0.296875
5993,8,P4,77,-0.682,a,S1 obj,23,co2a0000375,0.30078125
5994,8,P4,78,-1.17,a,S1 obj,23,co2a0000375,0.3046875
5995,8,P4,79,-0.682,a,S1 obj,23,co2a0000375,0.30859375
5996,8,P4,80,0.783,a,S1 obj,23,co2a0000375,0.3125
5997,8,P4,81,2.248,a,S1 obj,23,co2a0000375,0.31640625
5998,8,P4,82,3.713,a,S1 obj,23,co2a0000375,0.3203125
5999,8,P4,83,4.69,a,S1 obj,23,co2a0000375,0.32421875
6000,8,P4,84,4.69,a,S1 obj,23,co2a0000375,0.328125
6001,8,P4,85,5.178,a,S1 obj,23,co2a0000375,0.33203125
6002,8,P4,86,6.643,a,S1 obj,23,co2a0000375,0.3359375
6003,8,P4,87,8.108,a,S1 obj,23,co2a0000375,0.33984375
6004,8,P4,88,9.084,a,S1 obj,23,co2a0000375,0.34375
6005,8,P4,89,8.596,a,S1 obj,23,co2a0000375,0.34765625
6006,8,P4,90,5.666,a,S1 obj,23,co2a0000375,0.3515625
6007,8,P4,91,2.736,a,S1 obj,23,co2a0000375,0.35546875
6008,8,P4,92,-0.193,a,S1 obj,23,co2a0000375,0.359375
6009,8,P4,93,-2.146,a,S1 obj,23,co2a0000375,0.36328125
6010,8,P4,94,-2.635,a,S1 obj,23,co2a0000375,0.3671875
6011,8,P4,95,-2.146,a,S1 obj,23,co2a0000375,0.37109375
6012,8,P4,96,-2.146,a,S1 obj,23,co2a0000375,0.375
6013,8,P4,97,-1.658,a,S1 obj,23,co2a0000375,0.37890625
6014,8,P4,98,-1.17,a,S1 obj,23,co2a0000375,0.3828125
6015,8,P4,99,-1.17,a,S1 obj,23,co2a0000375,0.38671875
6016,8,P4,100,-1.17,a,S1 obj,23,co2a0000375,0.390625
6017,8,P4,101,-2.635,a,S1 obj,23,co2a0000375,0.39453125
6018,8,P4,102,-3.611,a,S1 obj,23,co2a0000375,0.3984375
6019,8,P4,103,-3.611,a,S1 obj,23,co2a0000375,0.40234375
6020,8,P4,104,-2.146,a,S1 obj,23,co2a0000375,0.40625
6021,8,P4,105,0.295,a,S1 obj,23,co2a0000375,0.41015625
6022,8,P4,106,3.225,a,S1 obj,23,co2a0000375,0.4140625
6023,8,P4,107,4.201,a,S1 obj,23,co2a0000375,0.41796875
6024,8,P4,108,3.225,a,S1 obj,23,co2a0000375,0.421875
6025,8,P4,109,0.783,a,S1 obj,23,co2a0000375,0.42578125
6026,8,P4,110,-1.17,a,S1 obj,23,co2a0000375,0.4296875
6027,8,P4,111,-2.635,a,S1 obj,23,co2a0000375,0.43359375
6028,8,P4,112,-3.611,a,S1 obj,23,co2a0000375,0.4375
6029,8,P4,113,-4.1,a,S1 obj,23,co2a0000375,0.44140625
6030,8,P4,114,-5.564,a,S1 obj,23,co2a0000375,0.4453125
6031,8,P4,115,-7.517,a,S1 obj,23,co2a0000375,0.44921875
6032,8,P4,116,-8.982,a,S1 obj,23,co2a0000375,0.453125
6033,8,P4,117,-10.447,a,S1 obj,23,co2a0000375,0.45703125
6034,8,P4,118,-12.889,a,S1 obj,23,co2a0000375,0.4609375
6035,8,P4,119,-14.842,a,S1 obj,23,co2a0000375,0.46484375
6036,8,P4,120,-16.795,a,S1 obj,23,co2a0000375,0.46875
6037,8,P4,121,-16.795,a,S1 obj,23,co2a0000375,0.47265625
6038,8,P4,122,-15.818,a,S1 obj,23,co2a0000375,0.4765625
6039,8,P4,123,-12.889,a,S1 obj,23,co2a0000375,0.48046875
6040,8,P4,124,-9.471,a,S1 obj,23,co2a0000375,0.484375
6041,8,P4,125,-7.029,a,S1 obj,23,co2a0000375,0.48828125
6042,8,P4,126,-6.053,a,S1 obj,23,co2a0000375,0.4921875
6043,8,P4,127,-6.541,a,S1 obj,23,co2a0000375,0.49609375
6044,8,P4,128,-8.006,a,S1 obj,23,co2a0000375,0.5
6045,8,P4,129,-9.471,a,S1 obj,23,co2a0000375,0.50390625
6046,8,P4,130,-10.935,a,S1 obj,23,co2a0000375,0.5078125
6047,8,P4,131,-11.912,a,S1 obj,23,co2a0000375,0.51171875
6048,8,P4,132,-11.912,a,S1 obj,23,co2a0000375,0.515625
6049,8,P4,133,-11.424,a,S1 obj,23,co2a0000375,0.51953125
6050,8,P4,134,-10.447,a,S1 obj,23,co2a0000375,0.5234375
6051,8,P4,135,-9.959,a,S1 obj,23,co2a0000375,0.52734375
6052,8,P4,136,-10.935,a,S1 obj,23,co2a0000375,0.53125
6053,8,P4,137,-11.912,a,S1 obj,23,co2a0000375,0.53515625
6054,8,P4,138,-12.889,a,S1 obj,23,co2a0000375,0.5390625
6055,8,P4,139,-12.889,a,S1 obj,23,co2a0000375,0.54296875
6056,8,P4,140,-12.4,a,S1 obj,23,co2a0000375,0.546875
6057,8,P4,141,-10.447,a,S1 obj,23,co2a0000375,0.55078125
6058,8,P4,142,-9.471,a,S1 obj,23,co2a0000375,0.5546875
6059,8,P4,143,-8.982,a,S1 obj,23,co2a0000375,0.55859375
6060,8,P4,144,-8.982,a,S1 obj,23,co2a0000375,0.5625
6061,8,P4,145,-9.471,a,S1 obj,23,co2a0000375,0.56640625
6062,8,P4,146,-8.494,a,S1 obj,23,co2a0000375,0.5703125
6063,8,P4,147,-7.029,a,S1 obj,23,co2a0000375,0.57421875
6064,8,P4,148,-5.564,a,S1 obj,23,co2a0000375,0.578125
6065,8,P4,149,-4.1,a,S1 obj,23,co2a0000375,0.58203125
6066,8,P4,150,-4.1,a,S1 obj,23,co2a0000375,0.5859375
6067,8,P4,151,-5.076,a,S1 obj,23,co2a0000375,0.58984375
6068,8,P4,152,-6.053,a,S1 obj,23,co2a0000375,0.59375
6069,8,P4,153,-6.541,a,S1 obj,23,co2a0000375,0.59765625
6070,8,P4,154,-6.541,a,S1 obj,23,co2a0000375,0.6015625
6071,8,P4,155,-6.541,a,S1 obj,23,co2a0000375,0.60546875
6072,8,P4,156,-6.541,a,S1 obj,23,co2a0000375,0.609375
6073,8,P4,157,-6.541,a,S1 obj,23,co2a0000375,0.61328125
6074,8,P4,158,-7.029,a,S1 obj,23,co2a0000375,0.6171875
6075,8,P4,159,-8.006,a,S1 obj,23,co2a0000375,0.62109375
6076,8,P4,160,-8.494,a,S1 obj,23,co2a0000375,0.625
6077,8,P4,161,-8.982,a,S1 obj,23,co2a0000375,0.62890625
6078,8,P4,162,-8.982,a,S1 obj,23,co2a0000375,0.6328125
6079,8,P4,163,-8.494,a,S1 obj,23,co2a0000375,0.63671875
6080,8,P4,164,-8.494,a,S1 obj,23,co2a0000375,0.640625
6081,8,P4,165,-9.959,a,S1 obj,23,co2a0000375,0.64453125
6082,8,P4,166,-11.424,a,S1 obj,23,co2a0000375,0.6484375
6083,8,P4,167,-12.889,a,S1 obj,23,co2a0000375,0.65234375
6084,8,P4,168,-13.377,a,S1 obj,23,co2a0000375,0.65625
6085,8,P4,169,-12.4,a,S1 obj,23,co2a0000375,0.66015625
6086,8,P4,170,-10.447,a,S1 obj,23,co2a0000375,0.6640625
6087,8,P4,171,-9.471,a,S1 obj,23,co2a0000375,0.66796875
6088,8,P4,172,-10.447,a,S1 obj,23,co2a0000375,0.671875
6089,8,P4,173,-12.889,a,S1 obj,23,co2a0000375,0.67578125
6090,8,P4,174,-14.842,a,S1 obj,23,co2a0000375,0.6796875
6091,8,P4,175,-15.33,a,S1 obj,23,co2a0000375,0.68359375
6092,8,P4,176,-13.377,a,S1 obj,23,co2a0000375,0.6875
6093,8,P4,177,-10.935,a,S1 obj,23,co2a0000375,0.69140625
6094,8,P4,178,-8.982,a,S1 obj,23,co2a0000375,0.6953125
6095,8,P4,179,-8.494,a,S1 obj,23,co2a0000375,0.69921875
6096,8,P4,180,-9.471,a,S1 obj,23,co2a0000375,0.703125
6097,8,P4,181,-10.935,a,S1 obj,23,co2a0000375,0.70703125
6098,8,P4,182,-11.424,a,S1 obj,23,co2a0000375,0.7109375
6099,8,P4,183,-11.912,a,S1 obj,23,co2a0000375,0.71484375
6100,8,P4,184,-11.424,a,S1 obj,23,co2a0000375,0.71875
6101,8,P4,185,-11.424,a,S1 obj,23,co2a0000375,0.72265625
6102,8,P4,186,-11.912,a,S1 obj,23,co2a0000375,0.7265625
6103,8,P4,187,-11.424,a,S1 obj,23,co2a0000375,0.73046875
6104,8,P4,188,-10.447,a,S1 obj,23,co2a0000375,0.734375
6105,8,P4,189,-8.494,a,S1 obj,23,co2a0000375,0.73828125
6106,8,P4,190,-6.541,a,S1 obj,23,co2a0000375,0.7421875
6107,8,P4,191,-4.588,a,S1 obj,23,co2a0000375,0.74609375
6108,8,P4,192,-3.123,a,S1 obj,23,co2a0000375,0.75
6109,8,P4,193,-3.123,a,S1 obj,23,co2a0000375,0.75390625
6110,8,P4,194,-5.076,a,S1 obj,23,co2a0000375,0.7578125
6111,8,P4,195,-8.494,a,S1 obj,23,co2a0000375,0.76171875
6112,8,P4,196,-11.424,a,S1 obj,23,co2a0000375,0.765625
6113,8,P4,197,-12.889,a,S1 obj,23,co2a0000375,0.76953125
6114,8,P4,198,-11.912,a,S1 obj,23,co2a0000375,0.7734375
6115,8,P4,199,-9.471,a,S1 obj,23,co2a0000375,0.77734375
6116,8,P4,200,-7.029,a,S1 obj,23,co2a0000375,0.78125
6117,8,P4,201,-6.053,a,S1 obj,23,co2a0000375,0.78515625
6118,8,P4,202,-6.541,a,S1 obj,23,co2a0000375,0.7890625
6119,8,P4,203,-7.517,a,S1 obj,23,co2a0000375,0.79296875
6120,8,P4,204,-8.494,a,S1 obj,23,co2a0000375,0.796875
6121,8,P4,205,-8.494,a,S1 obj,23,co2a0000375,0.80078125
6122,8,P4,206,-8.982,a,S1 obj,23,co2a0000375,0.8046875
6123,8,P4,207,-9.959,a,S1 obj,23,co2a0000375,0.80859375
6124,8,P4,208,-11.912,a,S1 obj,23,co2a0000375,0.8125
6125,8,P4,209,-13.377,a,S1 obj,23,co2a0000375,0.81640625
6126,8,P4,210,-12.889,a,S1 obj,23,co2a0000375,0.8203125
6127,8,P4,211,-9.959,a,S1 obj,23,co2a0000375,0.82421875
6128,8,P4,212,-6.541,a,S1 obj,23,co2a0000375,0.828125
6129,8,P4,213,-3.123,a,S1 obj,23,co2a0000375,0.83203125
6130,8,P4,214,-2.146,a,S1 obj,23,co2a0000375,0.8359375
6131,8,P4,215,-1.658,a,S1 obj,23,co2a0000375,0.83984375
6132,8,P4,216,-1.658,a,S1 obj,23,co2a0000375,0.84375
6133,8,P4,217,-1.17,a,S1 obj,23,co2a0000375,0.84765625
6134,8,P4,218,-0.682,a,S1 obj,23,co2a0000375,0.8515625
6135,8,P4,219,-1.17,a,S1 obj,23,co2a0000375,0.85546875
6136,8,P4,220,-2.635,a,S1 obj,23,co2a0000375,0.859375
6137,8,P4,221,-4.1,a,S1 obj,23,co2a0000375,0.86328125
6138,8,P4,222,-5.564,a,S1 obj,23,co2a0000375,0.8671875
6139,8,P4,223,-5.564,a,S1 obj,23,co2a0000375,0.87109375
6140,8,P4,224,-4.588,a,S1 obj,23,co2a0000375,0.875
6141,8,P4,225,-4.588,a,S1 obj,23,co2a0000375,0.87890625
6142,8,P4,226,-5.076,a,S1 obj,23,co2a0000375,0.8828125
6143,8,P4,227,-7.029,a,S1 obj,23,co2a0000375,0.88671875
6144,8,P4,228,-8.982,a,S1 obj,23,co2a0000375,0.890625
6145,8,P4,229,-9.471,a,S1 obj,23,co2a0000375,0.89453125
6146,8,P4,230,-8.006,a,S1 obj,23,co2a0000375,0.8984375
6147,8,P4,231,-5.076,a,S1 obj,23,co2a0000375,0.90234375
6148,8,P4,232,-3.123,a,S1 obj,23,co2a0000375,0.90625
6149,8,P4,233,-2.635,a,S1 obj,23,co2a0000375,0.91015625
6150,8,P4,234,-3.611,a,S1 obj,23,co2a0000375,0.9140625
6151,8,P4,235,-6.053,a,S1 obj,23,co2a0000375,0.91796875
6152,8,P4,236,-8.982,a,S1 obj,23,co2a0000375,0.921875
6153,8,P4,237,-11.912,a,S1 obj,23,co2a0000375,0.92578125
6154,8,P4,238,-12.889,a,S1 obj,23,co2a0000375,0.9296875
6155,8,P4,239,-11.912,a,S1 obj,23,co2a0000375,0.93359375
6156,8,P4,240,-9.959,a,S1 obj,23,co2a0000375,0.9375
6157,8,P4,241,-6.541,a,S1 obj,23,co2a0000375,0.94140625
6158,8,P4,242,-4.1,a,S1 obj,23,co2a0000375,0.9453125
6159,8,P4,243,-2.635,a,S1 obj,23,co2a0000375,0.94921875
6160,8,P4,244,-3.123,a,S1 obj,23,co2a0000375,0.953125
6161,8,P4,245,-5.076,a,S1 obj,23,co2a0000375,0.95703125
6162,8,P4,246,-8.006,a,S1 obj,23,co2a0000375,0.9609375
6163,8,P4,247,-10.935,a,S1 obj,23,co2a0000375,0.96484375
6164,8,P4,248,-13.377,a,S1 obj,23,co2a0000375,0.96875
6165,8,P4,249,-13.377,a,S1 obj,23,co2a0000375,0.97265625
6166,8,P4,250,-10.935,a,S1 obj,23,co2a0000375,0.9765625
6167,8,P4,251,-6.053,a,S1 obj,23,co2a0000375,0.98046875
6168,8,P4,252,-0.682,a,S1 obj,23,co2a0000375,0.984375
6169,8,P4,253,4.201,a,S1 obj,23,co2a0000375,0.98828125
6170,8,P4,254,6.154,a,S1 obj,23,co2a0000375,0.9921875
6171,8,P4,255,7.131,a,S1 obj,23,co2a0000375,0.99609375
6173,8,PZ,0,0.234,a,S1 obj,24,co2a0000375,0.0
6174,8,PZ,1,-0.743,a,S1 obj,24,co2a0000375,0.00390625
6175,8,PZ,2,-1.719,a,S1 obj,24,co2a0000375,0.0078125
6176,8,PZ,3,-1.231,a,S1 obj,24,co2a0000375,0.01171875
6177,8,PZ,4,-0.254,a,S1 obj,24,co2a0000375,0.015625
6178,8,PZ,5,1.699,a,S1 obj,24,co2a0000375,0.01953125
6179,8,PZ,6,3.652,a,S1 obj,24,co2a0000375,0.0234375
6180,8,PZ,7,4.14,a,S1 obj,24,co2a0000375,0.02734375
6181,8,PZ,8,4.14,a,S1 obj,24,co2a0000375,0.03125
6182,8,PZ,9,3.164,a,S1 obj,24,co2a0000375,0.03515625
6183,8,PZ,10,1.211,a,S1 obj,24,co2a0000375,0.0390625
6184,8,PZ,11,-0.254,a,S1 obj,24,co2a0000375,0.04296875
6185,8,PZ,12,-0.254,a,S1 obj,24,co2a0000375,0.046875
6186,8,PZ,13,0.722,a,S1 obj,24,co2a0000375,0.05078125
6187,8,PZ,14,3.164,a,S1 obj,24,co2a0000375,0.0546875
6188,8,PZ,15,5.117,a,S1 obj,24,co2a0000375,0.05859375
6189,8,PZ,16,6.582,a,S1 obj,24,co2a0000375,0.0625
6190,8,PZ,17,7.07,a,S1 obj,24,co2a0000375,0.06640625
6191,8,PZ,18,6.582,a,S1 obj,24,co2a0000375,0.0703125
6192,8,PZ,19,6.093,a,S1 obj,24,co2a0000375,0.07421875
6193,8,PZ,20,6.582,a,S1 obj,24,co2a0000375,0.078125
6194,8,PZ,21,7.07,a,S1 obj,24,co2a0000375,0.08203125
6195,8,PZ,22,7.558,a,S1 obj,24,co2a0000375,0.0859375
6196,8,PZ,23,7.07,a,S1 obj,24,co2a0000375,0.08984375
6197,8,PZ,24,5.605,a,S1 obj,24,co2a0000375,0.09375
6198,8,PZ,25,3.652,a,S1 obj,24,co2a0000375,0.09765625
6199,8,PZ,26,2.187,a,S1 obj,24,co2a0000375,0.1015625
6200,8,PZ,27,1.211,a,S1 obj,24,co2a0000375,0.10546875
6201,8,PZ,28,1.211,a,S1 obj,24,co2a0000375,0.109375
6202,8,PZ,29,2.187,a,S1 obj,24,co2a0000375,0.11328125
6203,8,PZ,30,3.652,a,S1 obj,24,co2a0000375,0.1171875
6204,8,PZ,31,4.628,a,S1 obj,24,co2a0000375,0.12109375
6205,8,PZ,32,5.605,a,S1 obj,24,co2a0000375,0.125
6206,8,PZ,33,5.605,a,S1 obj,24,co2a0000375,0.12890625
6207,8,PZ,34,5.117,a,S1 obj,24,co2a0000375,0.1328125
6208,8,PZ,35,4.14,a,S1 obj,24,co2a0000375,0.13671875
6209,8,PZ,36,3.164,a,S1 obj,24,co2a0000375,0.140625
6210,8,PZ,37,2.675,a,S1 obj,24,co2a0000375,0.14453125
6211,8,PZ,38,3.164,a,S1 obj,24,co2a0000375,0.1484375
6212,8,PZ,39,3.164,a,S1 obj,24,co2a0000375,0.15234375
6213,8,PZ,40,3.652,a,S1 obj,24,co2a0000375,0.15625
6214,8,PZ,41,3.652,a,S1 obj,24,co2a0000375,0.16015625
6215,8,PZ,42,2.675,a,S1 obj,24,co2a0000375,0.1640625
6216,8,PZ,43,1.211,a,S1 obj,24,co2a0000375,0.16796875
6217,8,PZ,44,0.234,a,S1 obj,24,co2a0000375,0.171875
6218,8,PZ,45,-0.254,a,S1 obj,24,co2a0000375,0.17578125
6219,8,PZ,46,0.722,a,S1 obj,24,co2a0000375,0.1796875
6220,8,PZ,47,2.187,a,S1 obj,24,co2a0000375,0.18359375
6221,8,PZ,48,3.652,a,S1 obj,24,co2a0000375,0.1875
6222,8,PZ,49,4.14,a,S1 obj,24,co2a0000375,0.19140625
6223,8,PZ,50,4.628,a,S1 obj,24,co2a0000375,0.1953125
6224,8,PZ,51,4.14,a,S1 obj,24,co2a0000375,0.19921875
6225,8,PZ,52,3.164,a,S1 obj,24,co2a0000375,0.203125
6226,8,PZ,53,1.699,a,S1 obj,24,co2a0000375,0.20703125
6227,8,PZ,54,0.234,a,S1 obj,24,co2a0000375,0.2109375
6228,8,PZ,55,-0.743,a,S1 obj,24,co2a0000375,0.21484375
6229,8,PZ,56,-0.743,a,S1 obj,24,co2a0000375,0.21875
6230,8,PZ,57,0.234,a,S1 obj,24,co2a0000375,0.22265625
6231,8,PZ,58,1.211,a,S1 obj,24,co2a0000375,0.2265625
6232,8,PZ,59,2.187,a,S1 obj,24,co2a0000375,0.23046875
6233,8,PZ,60,2.187,a,S1 obj,24,co2a0000375,0.234375
6234,8,PZ,61,1.699,a,S1 obj,24,co2a0000375,0.23828125
6235,8,PZ,62,2.187,a,S1 obj,24,co2a0000375,0.2421875
6236,8,PZ,63,3.164,a,S1 obj,24,co2a0000375,0.24609375
6237,8,PZ,64,5.117,a,S1 obj,24,co2a0000375,0.25
6238,8,PZ,65,7.07,a,S1 obj,24,co2a0000375,0.25390625
6239,8,PZ,66,8.535,a,S1 obj,24,co2a0000375,0.2578125
6240,8,PZ,67,8.535,a,S1 obj,24,co2a0000375,0.26171875
6241,8,PZ,68,8.046,a,S1 obj,24,co2a0000375,0.265625
6242,8,PZ,69,7.07,a,S1 obj,24,co2a0000375,0.26953125
6243,8,PZ,70,7.07,a,S1 obj,24,co2a0000375,0.2734375
6244,8,PZ,71,7.07,a,S1 obj,24,co2a0000375,0.27734375
6245,8,PZ,72,7.07,a,S1 obj,24,co2a0000375,0.28125
6246,8,PZ,73,7.07,a,S1 obj,24,co2a0000375,0.28515625
6247,8,PZ,74,6.582,a,S1 obj,24,co2a0000375,0.2890625
6248,8,PZ,75,6.093,a,S1 obj,24,co2a0000375,0.29296875
6249,8,PZ,76,5.605,a,S1 obj,24,co2a0000375,0.296875
6250,8,PZ,77,5.117,a,S1 obj,24,co2a0000375,0.30078125
6251,8,PZ,78,4.628,a,S1 obj,24,co2a0000375,0.3046875
6252,8,PZ,79,4.14,a,S1 obj,24,co2a0000375,0.30859375
6253,8,PZ,80,4.628,a,S1 obj,24,co2a0000375,0.3125
6254,8,PZ,81,5.605,a,S1 obj,24,co2a0000375,0.31640625
6255,8,PZ,82,7.07,a,S1 obj,24,co2a0000375,0.3203125
6256,8,PZ,83,8.535,a,S1 obj,24,co2a0000375,0.32421875
6257,8,PZ,84,9.023,a,S1 obj,24,co2a0000375,0.328125
6258,8,PZ,85,9.023,a,S1 obj,24,co2a0000375,0.33203125
6259,8,PZ,86,9.511,a,S1 obj,24,co2a0000375,0.3359375
6260,8,PZ,87,10.488,a,S1 obj,24,co2a0000375,0.33984375
6261,8,PZ,88,11.464,a,S1 obj,24,co2a0000375,0.34375
6262,8,PZ,89,11.953,a,S1 obj,24,co2a0000375,0.34765625
6263,8,PZ,90,11.464,a,S1 obj,24,co2a0000375,0.3515625
6264,8,PZ,91,10.0,a,S1 obj,24,co2a0000375,0.35546875
6265,8,PZ,92,8.046,a,S1 obj,24,co2a0000375,0.359375
6266,8,PZ,93,5.605,a,S1 obj,24,co2a0000375,0.36328125
6267,8,PZ,94,4.628,a,S1 obj,24,co2a0000375,0.3671875
6268,8,PZ,95,4.14,a,S1 obj,24,co2a0000375,0.37109375
6269,8,PZ,96,4.628,a,S1 obj,24,co2a0000375,0.375
6270,8,PZ,97,4.628,a,S1 obj,24,co2a0000375,0.37890625
6271,8,PZ,98,4.14,a,S1 obj,24,co2a0000375,0.3828125
6272,8,PZ,99,3.652,a,S1 obj,24,co2a0000375,0.38671875
6273,8,PZ,100,2.675,a,S1 obj,24,co2a0000375,0.390625
6274,8,PZ,101,1.211,a,S1 obj,24,co2a0000375,0.39453125
6275,8,PZ,102,0.722,a,S1 obj,24,co2a0000375,0.3984375
6276,8,PZ,103,0.722,a,S1 obj,24,co2a0000375,0.40234375
6277,8,PZ,104,1.699,a,S1 obj,24,co2a0000375,0.40625
6278,8,PZ,105,3.164,a,S1 obj,24,co2a0000375,0.41015625
6279,8,PZ,106,4.628,a,S1 obj,24,co2a0000375,0.4140625
6280,8,PZ,107,5.117,a,S1 obj,24,co2a0000375,0.41796875
6281,8,PZ,108,4.14,a,S1 obj,24,co2a0000375,0.421875
6282,8,PZ,109,2.675,a,S1 obj,24,co2a0000375,0.42578125
6283,8,PZ,110,0.722,a,S1 obj,24,co2a0000375,0.4296875
6284,8,PZ,111,-0.254,a,S1 obj,24,co2a0000375,0.43359375
6285,8,PZ,112,-0.743,a,S1 obj,24,co2a0000375,0.4375
6286,8,PZ,113,-1.231,a,S1 obj,24,co2a0000375,0.44140625
6287,8,PZ,114,-2.207,a,S1 obj,24,co2a0000375,0.4453125
6288,8,PZ,115,-4.161,a,S1 obj,24,co2a0000375,0.44921875
6289,8,PZ,116,-5.137,a,S1 obj,24,co2a0000375,0.453125
6290,8,PZ,117,-6.602,a,S1 obj,24,co2a0000375,0.45703125
6291,8,PZ,118,-7.09,a,S1 obj,24,co2a0000375,0.4609375
6292,8,PZ,119,-7.579,a,S1 obj,24,co2a0000375,0.46484375
6293,8,PZ,120,-8.067,a,S1 obj,24,co2a0000375,0.46875
6294,8,PZ,121,-8.555,a,S1 obj,24,co2a0000375,0.47265625
6295,8,PZ,122,-9.043,a,S1 obj,24,co2a0000375,0.4765625
6296,8,PZ,123,-8.555,a,S1 obj,24,co2a0000375,0.48046875
6297,8,PZ,124,-7.09,a,S1 obj,24,co2a0000375,0.484375
6298,8,PZ,125,-5.137,a,S1 obj,24,co2a0000375,0.48828125
6299,8,PZ,126,-3.184,a,S1 obj,24,co2a0000375,0.4921875
6300,8,PZ,127,-2.207,a,S1 obj,24,co2a0000375,0.49609375
6301,8,PZ,128,-2.696,a,S1 obj,24,co2a0000375,0.5
6302,8,PZ,129,-4.649,a,S1 obj,24,co2a0000375,0.50390625
6303,8,PZ,130,-7.09,a,S1 obj,24,co2a0000375,0.5078125
6304,8,PZ,131,-9.043,a,S1 obj,24,co2a0000375,0.51171875
6305,8,PZ,132,-9.043,a,S1 obj,24,co2a0000375,0.515625
6306,8,PZ,133,-7.579,a,S1 obj,24,co2a0000375,0.51953125
6307,8,PZ,134,-6.114,a,S1 obj,24,co2a0000375,0.5234375
6308,8,PZ,135,-6.114,a,S1 obj,24,co2a0000375,0.52734375
6309,8,PZ,136,-7.09,a,S1 obj,24,co2a0000375,0.53125
6310,8,PZ,137,-9.043,a,S1 obj,24,co2a0000375,0.53515625
6311,8,PZ,138,-10.02,a,S1 obj,24,co2a0000375,0.5390625
6312,8,PZ,139,-10.02,a,S1 obj,24,co2a0000375,0.54296875
6313,8,PZ,140,-8.555,a,S1 obj,24,co2a0000375,0.546875
6314,8,PZ,141,-7.09,a,S1 obj,24,co2a0000375,0.55078125
6315,8,PZ,142,-6.114,a,S1 obj,24,co2a0000375,0.5546875
6316,8,PZ,143,-6.602,a,S1 obj,24,co2a0000375,0.55859375
6317,8,PZ,144,-7.09,a,S1 obj,24,co2a0000375,0.5625
6318,8,PZ,145,-8.067,a,S1 obj,24,co2a0000375,0.56640625
6319,8,PZ,146,-7.579,a,S1 obj,24,co2a0000375,0.5703125
6320,8,PZ,147,-5.625,a,S1 obj,24,co2a0000375,0.57421875
6321,8,PZ,148,-4.161,a,S1 obj,24,co2a0000375,0.578125
6322,8,PZ,149,-2.696,a,S1 obj,24,co2a0000375,0.58203125
6323,8,PZ,150,-2.207,a,S1 obj,24,co2a0000375,0.5859375
6324,8,PZ,151,-2.207,a,S1 obj,24,co2a0000375,0.58984375
6325,8,PZ,152,-3.184,a,S1 obj,24,co2a0000375,0.59375
6326,8,PZ,153,-4.161,a,S1 obj,24,co2a0000375,0.59765625
6327,8,PZ,154,-5.137,a,S1 obj,24,co2a0000375,0.6015625
6328,8,PZ,155,-5.137,a,S1 obj,24,co2a0000375,0.60546875
6329,8,PZ,156,-4.649,a,S1 obj,24,co2a0000375,0.609375
6330,8,PZ,157,-4.161,a,S1 obj,24,co2a0000375,0.61328125
6331,8,PZ,158,-4.161,a,S1 obj,24,co2a0000375,0.6171875
6332,8,PZ,159,-3.672,a,S1 obj,24,co2a0000375,0.62109375
6333,8,PZ,160,-3.672,a,S1 obj,24,co2a0000375,0.625
6334,8,PZ,161,-4.161,a,S1 obj,24,co2a0000375,0.62890625
6335,8,PZ,162,-4.161,a,S1 obj,24,co2a0000375,0.6328125
6336,8,PZ,163,-4.161,a,S1 obj,24,co2a0000375,0.63671875
6337,8,PZ,164,-4.161,a,S1 obj,24,co2a0000375,0.640625
6338,8,PZ,165,-4.649,a,S1 obj,24,co2a0000375,0.64453125
6339,8,PZ,166,-6.114,a,S1 obj,24,co2a0000375,0.6484375
6340,8,PZ,167,-8.067,a,S1 obj,24,co2a0000375,0.65234375
6341,8,PZ,168,-9.043,a,S1 obj,24,co2a0000375,0.65625
6342,8,PZ,169,-10.02,a,S1 obj,24,co2a0000375,0.66015625
6343,8,PZ,170,-9.532,a,S1 obj,24,co2a0000375,0.6640625
6344,8,PZ,171,-8.555,a,S1 obj,24,co2a0000375,0.66796875
6345,8,PZ,172,-8.067,a,S1 obj,24,co2a0000375,0.671875
6346,8,PZ,173,-8.067,a,S1 obj,24,co2a0000375,0.67578125
6347,8,PZ,174,-9.043,a,S1 obj,24,co2a0000375,0.6796875
6348,8,PZ,175,-9.532,a,S1 obj,24,co2a0000375,0.68359375
6349,8,PZ,176,-9.043,a,S1 obj,24,co2a0000375,0.6875
6350,8,PZ,177,-7.579,a,S1 obj,24,co2a0000375,0.69140625
6351,8,PZ,178,-6.114,a,S1 obj,24,co2a0000375,0.6953125
6352,8,PZ,179,-4.649,a,S1 obj,24,co2a0000375,0.69921875
6353,8,PZ,180,-5.137,a,S1 obj,24,co2a0000375,0.703125
6354,8,PZ,181,-6.602,a,S1 obj,24,co2a0000375,0.70703125
6355,8,PZ,182,-8.555,a,S1 obj,24,co2a0000375,0.7109375
6356,8,PZ,183,-10.02,a,S1 obj,24,co2a0000375,0.71484375
6357,8,PZ,184,-10.02,a,S1 obj,24,co2a0000375,0.71875
6358,8,PZ,185,-9.043,a,S1 obj,24,co2a0000375,0.72265625
6359,8,PZ,186,-7.09,a,S1 obj,24,co2a0000375,0.7265625
6360,8,PZ,187,-5.625,a,S1 obj,24,co2a0000375,0.73046875
6361,8,PZ,188,-5.137,a,S1 obj,24,co2a0000375,0.734375
6362,8,PZ,189,-5.137,a,S1 obj,24,co2a0000375,0.73828125
6363,8,PZ,190,-4.649,a,S1 obj,24,co2a0000375,0.7421875
6364,8,PZ,191,-4.649,a,S1 obj,24,co2a0000375,0.74609375
6365,8,PZ,192,-4.161,a,S1 obj,24,co2a0000375,0.75
6366,8,PZ,193,-3.672,a,S1 obj,24,co2a0000375,0.75390625
6367,8,PZ,194,-4.161,a,S1 obj,24,co2a0000375,0.7578125
6368,8,PZ,195,-6.114,a,S1 obj,24,co2a0000375,0.76171875
6369,8,PZ,196,-7.09,a,S1 obj,24,co2a0000375,0.765625
6370,8,PZ,197,-7.09,a,S1 obj,24,co2a0000375,0.76953125
6371,8,PZ,198,-5.137,a,S1 obj,24,co2a0000375,0.7734375
6372,8,PZ,199,-2.696,a,S1 obj,24,co2a0000375,0.77734375
6373,8,PZ,200,-1.231,a,S1 obj,24,co2a0000375,0.78125
6374,8,PZ,201,-2.207,a,S1 obj,24,co2a0000375,0.78515625
6375,8,PZ,202,-4.161,a,S1 obj,24,co2a0000375,0.7890625
6376,8,PZ,203,-6.602,a,S1 obj,24,co2a0000375,0.79296875
6377,8,PZ,204,-8.067,a,S1 obj,24,co2a0000375,0.796875
6378,8,PZ,205,-7.579,a,S1 obj,24,co2a0000375,0.80078125
6379,8,PZ,206,-7.09,a,S1 obj,24,co2a0000375,0.8046875
6380,8,PZ,207,-7.09,a,S1 obj,24,co2a0000375,0.80859375
6381,8,PZ,208,-8.555,a,S1 obj,24,co2a0000375,0.8125
6382,8,PZ,209,-10.02,a,S1 obj,24,co2a0000375,0.81640625
6383,8,PZ,210,-10.02,a,S1 obj,24,co2a0000375,0.8203125
6384,8,PZ,211,-7.579,a,S1 obj,24,co2a0000375,0.82421875
6385,8,PZ,212,-3.672,a,S1 obj,24,co2a0000375,0.828125
6386,8,PZ,213,-0.743,a,S1 obj,24,co2a0000375,0.83203125
6387,8,PZ,214,-0.254,a,S1 obj,24,co2a0000375,0.8359375
6388,8,PZ,215,-1.719,a,S1 obj,24,co2a0000375,0.83984375
6389,8,PZ,216,-3.184,a,S1 obj,24,co2a0000375,0.84375
6390,8,PZ,217,-3.672,a,S1 obj,24,co2a0000375,0.84765625
6391,8,PZ,218,-2.696,a,S1 obj,24,co2a0000375,0.8515625
6392,8,PZ,219,-1.231,a,S1 obj,24,co2a0000375,0.85546875
6393,8,PZ,220,-0.743,a,S1 obj,24,co2a0000375,0.859375
6394,8,PZ,221,-1.719,a,S1 obj,24,co2a0000375,0.86328125
6395,8,PZ,222,-3.672,a,S1 obj,24,co2a0000375,0.8671875
6396,8,PZ,223,-4.649,a,S1 obj,24,co2a0000375,0.87109375
6397,8,PZ,224,-4.649,a,S1 obj,24,co2a0000375,0.875
6398,8,PZ,225,-3.672,a,S1 obj,24,co2a0000375,0.87890625
6399,8,PZ,226,-3.184,a,S1 obj,24,co2a0000375,0.8828125
6400,8,PZ,227,-3.184,a,S1 obj,24,co2a0000375,0.88671875
6401,8,PZ,228,-4.649,a,S1 obj,24,co2a0000375,0.890625
6402,8,PZ,229,-5.137,a,S1 obj,24,co2a0000375,0.89453125
6403,8,PZ,230,-4.649,a,S1 obj,24,co2a0000375,0.8984375
6404,8,PZ,231,-2.696,a,S1 obj,24,co2a0000375,0.90234375
6405,8,PZ,232,-0.743,a,S1 obj,24,co2a0000375,0.90625
6406,8,PZ,233,-0.254,a,S1 obj,24,co2a0000375,0.91015625
6407,8,PZ,234,-0.743,a,S1 obj,24,co2a0000375,0.9140625
6408,8,PZ,235,-2.696,a,S1 obj,24,co2a0000375,0.91796875
6409,8,PZ,236,-5.625,a,S1 obj,24,co2a0000375,0.921875
6410,8,PZ,237,-7.579,a,S1 obj,24,co2a0000375,0.92578125
6411,8,PZ,238,-8.067,a,S1 obj,24,co2a0000375,0.9296875
6412,8,PZ,239,-7.579,a,S1 obj,24,co2a0000375,0.93359375
6413,8,PZ,240,-6.114,a,S1 obj,24,co2a0000375,0.9375
6414,8,PZ,241,-4.161,a,S1 obj,24,co2a0000375,0.94140625
6415,8,PZ,242,-2.207,a,S1 obj,24,co2a0000375,0.9453125
6416,8,PZ,243,-0.743,a,S1 obj,24,co2a0000375,0.94921875
6417,8,PZ,244,-0.743,a,S1 obj,24,co2a0000375,0.953125
6418,8,PZ,245,-1.231,a,S1 obj,24,co2a0000375,0.95703125
6419,8,PZ,246,-3.184,a,S1 obj,24,co2a0000375,0.9609375
6420,8,PZ,247,-5.137,a,S1 obj,24,co2a0000375,0.96484375
6421,8,PZ,248,-7.09,a,S1 obj,24,co2a0000375,0.96875
6422,8,PZ,249,-7.09,a,S1 obj,24,co2a0000375,0.97265625
6423,8,PZ,250,-5.625,a,S1 obj,24,co2a0000375,0.9765625
6424,8,PZ,251,-2.207,a,S1 obj,24,co2a0000375,0.98046875
6425,8,PZ,252,1.699,a,S1 obj,24,co2a0000375,0.984375
6426,8,PZ,253,5.117,a,S1 obj,24,co2a0000375,0.98828125
6427,8,PZ,254,6.582,a,S1 obj,24,co2a0000375,0.9921875
6428,8,PZ,255,7.558,a,S1 obj,24,co2a0000375,0.99609375
6430,8,P8,0,0.702,a,S1 obj,25,co2a0000375,0.0
6431,8,P8,1,-1.74,a,S1 obj,25,co2a0000375,0.00390625
6432,8,P8,2,-3.693,a,S1 obj,25,co2a0000375,0.0078125
6433,8,P8,3,-5.157,a,S1 obj,25,co2a0000375,0.01171875
6434,8,P8,4,-3.693,a,S1 obj,25,co2a0000375,0.015625
6435,8,P8,5,-1.251,a,S1 obj,25,co2a0000375,0.01953125
6436,8,P8,6,1.678,a,S1 obj,25,co2a0000375,0.0234375
6437,8,P8,7,4.12,a,S1 obj,25,co2a0000375,0.02734375
6438,8,P8,8,4.12,a,S1 obj,25,co2a0000375,0.03125
6439,8,P8,9,2.655,a,S1 obj,25,co2a0000375,0.03515625
6440,8,P8,10,-0.763,a,S1 obj,25,co2a0000375,0.0390625
6441,8,P8,11,-5.157,a,S1 obj,25,co2a0000375,0.04296875
6442,8,P8,12,-9.064,a,S1 obj,25,co2a0000375,0.046875
6443,8,P8,13,-11.017,a,S1 obj,25,co2a0000375,0.05078125
6444,8,P8,14,-10.04,a,S1 obj,25,co2a0000375,0.0546875
6445,8,P8,15,-7.111,a,S1 obj,25,co2a0000375,0.05859375
6446,8,P8,16,-3.204,a,S1 obj,25,co2a0000375,0.0625
6447,8,P8,17,-0.275,a,S1 obj,25,co2a0000375,0.06640625
6448,8,P8,18,1.19,a,S1 obj,25,co2a0000375,0.0703125
6449,8,P8,19,1.678,a,S1 obj,25,co2a0000375,0.07421875
6450,8,P8,20,2.167,a,S1 obj,25,co2a0000375,0.078125
6451,8,P8,21,3.143,a,S1 obj,25,co2a0000375,0.08203125
6452,8,P8,22,5.096,a,S1 obj,25,co2a0000375,0.0859375
6453,8,P8,23,6.561,a,S1 obj,25,co2a0000375,0.08984375
6454,8,P8,24,7.538,a,S1 obj,25,co2a0000375,0.09375
6455,8,P8,25,7.538,a,S1 obj,25,co2a0000375,0.09765625
6456,8,P8,26,7.05,a,S1 obj,25,co2a0000375,0.1015625
6457,8,P8,27,6.073,a,S1 obj,25,co2a0000375,0.10546875
6458,8,P8,28,6.073,a,S1 obj,25,co2a0000375,0.109375
6459,8,P8,29,6.073,a,S1 obj,25,co2a0000375,0.11328125
6460,8,P8,30,6.073,a,S1 obj,25,co2a0000375,0.1171875
6461,8,P8,31,4.12,a,S1 obj,25,co2a0000375,0.12109375
6462,8,P8,32,1.678,a,S1 obj,25,co2a0000375,0.125
6463,8,P8,33,-0.275,a,S1 obj,25,co2a0000375,0.12890625
6464,8,P8,34,-0.763,a,S1 obj,25,co2a0000375,0.1328125
6465,8,P8,35,0.214,a,S1 obj,25,co2a0000375,0.13671875
6466,8,P8,36,1.19,a,S1 obj,25,co2a0000375,0.140625
6467,8,P8,37,1.19,a,S1 obj,25,co2a0000375,0.14453125
6468,8,P8,38,-0.275,a,S1 obj,25,co2a0000375,0.1484375
6469,8,P8,39,-2.716,a,S1 obj,25,co2a0000375,0.15234375
6470,8,P8,40,-5.157,a,S1 obj,25,co2a0000375,0.15625
6471,8,P8,41,-6.622,a,S1 obj,25,co2a0000375,0.16015625
6472,8,P8,42,-6.622,a,S1 obj,25,co2a0000375,0.1640625
6473,8,P8,43,-8.087,a,S1 obj,25,co2a0000375,0.16796875
6474,8,P8,44,-9.064,a,S1 obj,25,co2a0000375,0.171875
6475,8,P8,45,-11.017,a,S1 obj,25,co2a0000375,0.17578125
6476,8,P8,46,-12.482,a,S1 obj,25,co2a0000375,0.1796875
6477,8,P8,47,-12.97,a,S1 obj,25,co2a0000375,0.18359375
6478,8,P8,48,-11.993,a,S1 obj,25,co2a0000375,0.1875
6479,8,P8,49,-10.529,a,S1 obj,25,co2a0000375,0.19140625
6480,8,P8,50,-8.087,a,S1 obj,25,co2a0000375,0.1953125
6481,8,P8,51,-6.622,a,S1 obj,25,co2a0000375,0.19921875
6482,8,P8,52,-5.646,a,S1 obj,25,co2a0000375,0.203125
6483,8,P8,53,-6.622,a,S1 obj,25,co2a0000375,0.20703125
6484,8,P8,54,-7.111,a,S1 obj,25,co2a0000375,0.2109375
6485,8,P8,55,-7.599,a,S1 obj,25,co2a0000375,0.21484375
6486,8,P8,56,-6.134,a,S1 obj,25,co2a0000375,0.21875
6487,8,P8,57,-2.228,a,S1 obj,25,co2a0000375,0.22265625
6488,8,P8,58,1.19,a,S1 obj,25,co2a0000375,0.2265625
6489,8,P8,59,4.12,a,S1 obj,25,co2a0000375,0.23046875
6490,8,P8,60,5.096,a,S1 obj,25,co2a0000375,0.234375
6491,8,P8,61,5.096,a,S1 obj,25,co2a0000375,0.23828125
6492,8,P8,62,5.096,a,S1 obj,25,co2a0000375,0.2421875
6493,8,P8,63,6.561,a,S1 obj,25,co2a0000375,0.24609375
6494,8,P8,64,9.003,a,S1 obj,25,co2a0000375,0.25
6495,8,P8,65,11.932,a,S1 obj,25,co2a0000375,0.25390625
6496,8,P8,66,13.397,a,S1 obj,25,co2a0000375,0.2578125
6497,8,P8,67,12.909,a,S1 obj,25,co2a0000375,0.26171875
6498,8,P8,68,11.932,a,S1 obj,25,co2a0000375,0.265625
6499,8,P8,69,10.468,a,S1 obj,25,co2a0000375,0.26953125
6500,8,P8,70,9.491,a,S1 obj,25,co2a0000375,0.2734375
6501,8,P8,71,8.026,a,S1 obj,25,co2a0000375,0.27734375
6502,8,P8,72,6.561,a,S1 obj,25,co2a0000375,0.28125
6503,8,P8,73,4.12,a,S1 obj,25,co2a0000375,0.28515625
6504,8,P8,74,2.167,a,S1 obj,25,co2a0000375,0.2890625
6505,8,P8,75,-0.275,a,S1 obj,25,co2a0000375,0.29296875
6506,8,P8,76,-1.251,a,S1 obj,25,co2a0000375,0.296875
6507,8,P8,77,-2.228,a,S1 obj,25,co2a0000375,0.30078125
6508,8,P8,78,-2.716,a,S1 obj,25,co2a0000375,0.3046875
6509,8,P8,79,-1.74,a,S1 obj,25,co2a0000375,0.30859375
6510,8,P8,80,0.214,a,S1 obj,25,co2a0000375,0.3125
6511,8,P8,81,2.655,a,S1 obj,25,co2a0000375,0.31640625
6512,8,P8,82,5.585,a,S1 obj,25,co2a0000375,0.3203125
6513,8,P8,83,6.561,a,S1 obj,25,co2a0000375,0.32421875
6514,8,P8,84,6.561,a,S1 obj,25,co2a0000375,0.328125
6515,8,P8,85,6.073,a,S1 obj,25,co2a0000375,0.33203125
6516,8,P8,86,6.073,a,S1 obj,25,co2a0000375,0.3359375
6517,8,P8,87,7.05,a,S1 obj,25,co2a0000375,0.33984375
6518,8,P8,88,7.538,a,S1 obj,25,co2a0000375,0.34375
6519,8,P8,89,6.561,a,S1 obj,25,co2a0000375,0.34765625
6520,8,P8,90,3.632,a,S1 obj,25,co2a0000375,0.3515625
6521,8,P8,91,-0.275,a,S1 obj,25,co2a0000375,0.35546875
6522,8,P8,92,-3.693,a,S1 obj,25,co2a0000375,0.359375
6523,8,P8,93,-6.134,a,S1 obj,25,co2a0000375,0.36328125
6524,8,P8,94,-6.622,a,S1 obj,25,co2a0000375,0.3671875
6525,8,P8,95,-6.622,a,S1 obj,25,co2a0000375,0.37109375
6526,8,P8,96,-6.622,a,S1 obj,25,co2a0000375,0.375
6527,8,P8,97,-6.134,a,S1 obj,25,co2a0000375,0.37890625
6528,8,P8,98,-5.646,a,S1 obj,25,co2a0000375,0.3828125
6529,8,P8,99,-5.157,a,S1 obj,25,co2a0000375,0.38671875
6530,8,P8,100,-4.181,a,S1 obj,25,co2a0000375,0.390625
6531,8,P8,101,-4.669,a,S1 obj,25,co2a0000375,0.39453125
6532,8,P8,102,-5.157,a,S1 obj,25,co2a0000375,0.3984375
6533,8,P8,103,-5.157,a,S1 obj,25,co2a0000375,0.40234375
6534,8,P8,104,-3.693,a,S1 obj,25,co2a0000375,0.40625
6535,8,P8,105,-0.763,a,S1 obj,25,co2a0000375,0.41015625
6536,8,P8,106,2.167,a,S1 obj,25,co2a0000375,0.4140625
6537,8,P8,107,4.12,a,S1 obj,25,co2a0000375,0.41796875
6538,8,P8,108,2.655,a,S1 obj,25,co2a0000375,0.421875
6539,8,P8,109,-0.275,a,S1 obj,25,co2a0000375,0.42578125
6540,8,P8,110,-3.693,a,S1 obj,25,co2a0000375,0.4296875
6541,8,P8,111,-6.622,a,S1 obj,25,co2a0000375,0.43359375
6542,8,P8,112,-7.599,a,S1 obj,25,co2a0000375,0.4375
6543,8,P8,113,-8.575,a,S1 obj,25,co2a0000375,0.44140625
6544,8,P8,114,-9.552,a,S1 obj,25,co2a0000375,0.4453125
6545,8,P8,115,-11.505,a,S1 obj,25,co2a0000375,0.44921875
6546,8,P8,116,-13.947,a,S1 obj,25,co2a0000375,0.453125
6547,8,P8,117,-16.876,a,S1 obj,25,co2a0000375,0.45703125
6548,8,P8,118,-19.806,a,S1 obj,25,co2a0000375,0.4609375
6549,8,P8,119,-22.736,a,S1 obj,25,co2a0000375,0.46484375
6550,8,P8,120,-24.2,a,S1 obj,25,co2a0000375,0.46875
6551,8,P8,121,-24.2,a,S1 obj,25,co2a0000375,0.47265625
6552,8,P8,122,-21.759,a,S1 obj,25,co2a0000375,0.4765625
6553,8,P8,123,-17.853,a,S1 obj,25,co2a0000375,0.48046875
6554,8,P8,124,-13.947,a,S1 obj,25,co2a0000375,0.484375
6555,8,P8,125,-11.017,a,S1 obj,25,co2a0000375,0.48828125
6556,8,P8,126,-10.04,a,S1 obj,25,co2a0000375,0.4921875
6557,8,P8,127,-10.529,a,S1 obj,25,co2a0000375,0.49609375
6558,8,P8,128,-11.017,a,S1 obj,25,co2a0000375,0.5
6559,8,P8,129,-11.505,a,S1 obj,25,co2a0000375,0.50390625
6560,8,P8,130,-11.993,a,S1 obj,25,co2a0000375,0.5078125
6561,8,P8,131,-12.482,a,S1 obj,25,co2a0000375,0.51171875
6562,8,P8,132,-13.947,a,S1 obj,25,co2a0000375,0.515625
6563,8,P8,133,-15.411,a,S1 obj,25,co2a0000375,0.51953125
6564,8,P8,134,-16.876,a,S1 obj,25,co2a0000375,0.5234375
6565,8,P8,135,-17.853,a,S1 obj,25,co2a0000375,0.52734375
6566,8,P8,136,-18.341,a,S1 obj,25,co2a0000375,0.53125
6567,8,P8,137,-18.829,a,S1 obj,25,co2a0000375,0.53515625
6568,8,P8,138,-20.294,a,S1 obj,25,co2a0000375,0.5390625
6569,8,P8,139,-20.294,a,S1 obj,25,co2a0000375,0.54296875
6570,8,P8,140,-20.294,a,S1 obj,25,co2a0000375,0.546875
6571,8,P8,141,-19.318,a,S1 obj,25,co2a0000375,0.55078125
6572,8,P8,142,-18.341,a,S1 obj,25,co2a0000375,0.5546875
6573,8,P8,143,-17.365,a,S1 obj,25,co2a0000375,0.55859375
6574,8,P8,144,-16.388,a,S1 obj,25,co2a0000375,0.5625
6575,8,P8,145,-14.923,a,S1 obj,25,co2a0000375,0.56640625
6576,8,P8,146,-12.482,a,S1 obj,25,co2a0000375,0.5703125
6577,8,P8,147,-9.552,a,S1 obj,25,co2a0000375,0.57421875
6578,8,P8,148,-7.111,a,S1 obj,25,co2a0000375,0.578125
6579,8,P8,149,-6.134,a,S1 obj,25,co2a0000375,0.58203125
6580,8,P8,150,-7.111,a,S1 obj,25,co2a0000375,0.5859375
6581,8,P8,151,-9.552,a,S1 obj,25,co2a0000375,0.58984375
6582,8,P8,152,-11.993,a,S1 obj,25,co2a0000375,0.59375
6583,8,P8,153,-12.97,a,S1 obj,25,co2a0000375,0.59765625
6584,8,P8,154,-12.482,a,S1 obj,25,co2a0000375,0.6015625
6585,8,P8,155,-11.505,a,S1 obj,25,co2a0000375,0.60546875
6586,8,P8,156,-10.529,a,S1 obj,25,co2a0000375,0.609375
6587,8,P8,157,-10.529,a,S1 obj,25,co2a0000375,0.61328125
6588,8,P8,158,-11.993,a,S1 obj,25,co2a0000375,0.6171875
6589,8,P8,159,-13.947,a,S1 obj,25,co2a0000375,0.62109375
6590,8,P8,160,-15.9,a,S1 obj,25,co2a0000375,0.625
6591,8,P8,161,-17.365,a,S1 obj,25,co2a0000375,0.62890625
6592,8,P8,162,-17.853,a,S1 obj,25,co2a0000375,0.6328125
6593,8,P8,163,-17.853,a,S1 obj,25,co2a0000375,0.63671875
6594,8,P8,164,-17.365,a,S1 obj,25,co2a0000375,0.640625
6595,8,P8,165,-17.853,a,S1 obj,25,co2a0000375,0.64453125
6596,8,P8,166,-19.318,a,S1 obj,25,co2a0000375,0.6484375
6597,8,P8,167,-20.782,a,S1 obj,25,co2a0000375,0.65234375
6598,8,P8,168,-20.782,a,S1 obj,25,co2a0000375,0.65625
6599,8,P8,169,-18.829,a,S1 obj,25,co2a0000375,0.66015625
6600,8,P8,170,-15.9,a,S1 obj,25,co2a0000375,0.6640625
6601,8,P8,171,-13.947,a,S1 obj,25,co2a0000375,0.66796875
6602,8,P8,172,-14.923,a,S1 obj,25,co2a0000375,0.671875
6603,8,P8,173,-18.829,a,S1 obj,25,co2a0000375,0.67578125
6604,8,P8,174,-23.712,a,S1 obj,25,co2a0000375,0.6796875
6605,8,P8,175,-26.154,a,S1 obj,25,co2a0000375,0.68359375
6606,8,P8,176,-25.665,a,S1 obj,25,co2a0000375,0.6875
6607,8,P8,177,-22.247,a,S1 obj,25,co2a0000375,0.69140625
6608,8,P8,178,-18.829,a,S1 obj,25,co2a0000375,0.6953125
6609,8,P8,179,-17.365,a,S1 obj,25,co2a0000375,0.69921875
6610,8,P8,180,-18.341,a,S1 obj,25,co2a0000375,0.703125
6611,8,P8,181,-20.294,a,S1 obj,25,co2a0000375,0.70703125
6612,8,P8,182,-20.782,a,S1 obj,25,co2a0000375,0.7109375
6613,8,P8,183,-20.294,a,S1 obj,25,co2a0000375,0.71484375
6614,8,P8,184,-19.806,a,S1 obj,25,co2a0000375,0.71875
6615,8,P8,185,-19.806,a,S1 obj,25,co2a0000375,0.72265625
6616,8,P8,186,-21.271,a,S1 obj,25,co2a0000375,0.7265625
6617,8,P8,187,-22.736,a,S1 obj,25,co2a0000375,0.73046875
6618,8,P8,188,-22.247,a,S1 obj,25,co2a0000375,0.734375
6619,8,P8,189,-18.829,a,S1 obj,25,co2a0000375,0.73828125
6620,8,P8,190,-13.947,a,S1 obj,25,co2a0000375,0.7421875
6621,8,P8,191,-8.575,a,S1 obj,25,co2a0000375,0.74609375
6622,8,P8,192,-5.646,a,S1 obj,25,co2a0000375,0.75
6623,8,P8,193,-7.111,a,S1 obj,25,co2a0000375,0.75390625
6624,8,P8,194,-11.505,a,S1 obj,25,co2a0000375,0.7578125
6625,8,P8,195,-17.853,a,S1 obj,25,co2a0000375,0.76171875
6626,8,P8,196,-21.759,a,S1 obj,25,co2a0000375,0.765625
6627,8,P8,197,-22.247,a,S1 obj,25,co2a0000375,0.76953125
6628,8,P8,198,-19.318,a,S1 obj,25,co2a0000375,0.7734375
6629,8,P8,199,-15.411,a,S1 obj,25,co2a0000375,0.77734375
6630,8,P8,200,-12.482,a,S1 obj,25,co2a0000375,0.78125
6631,8,P8,201,-11.993,a,S1 obj,25,co2a0000375,0.78515625
6632,8,P8,202,-12.482,a,S1 obj,25,co2a0000375,0.7890625
6633,8,P8,203,-13.458,a,S1 obj,25,co2a0000375,0.79296875
6634,8,P8,204,-12.482,a,S1 obj,25,co2a0000375,0.796875
6635,8,P8,205,-11.993,a,S1 obj,25,co2a0000375,0.80078125
6636,8,P8,206,-12.482,a,S1 obj,25,co2a0000375,0.8046875
6637,8,P8,207,-14.923,a,S1 obj,25,co2a0000375,0.80859375
6638,8,P8,208,-17.365,a,S1 obj,25,co2a0000375,0.8125
6639,8,P8,209,-17.853,a,S1 obj,25,co2a0000375,0.81640625
6640,8,P8,210,-15.411,a,S1 obj,25,co2a0000375,0.8203125
6641,8,P8,211,-10.529,a,S1 obj,25,co2a0000375,0.82421875
6642,8,P8,212,-5.157,a,S1 obj,25,co2a0000375,0.828125
6643,8,P8,213,-1.74,a,S1 obj,25,co2a0000375,0.83203125
6644,8,P8,214,-1.251,a,S1 obj,25,co2a0000375,0.8359375
6645,8,P8,215,-1.74,a,S1 obj,25,co2a0000375,0.83984375
6646,8,P8,216,-1.74,a,S1 obj,25,co2a0000375,0.84375
6647,8,P8,217,-1.251,a,S1 obj,25,co2a0000375,0.84765625
6648,8,P8,218,-1.251,a,S1 obj,25,co2a0000375,0.8515625
6649,8,P8,219,-1.74,a,S1 obj,25,co2a0000375,0.85546875
6650,8,P8,220,-4.181,a,S1 obj,25,co2a0000375,0.859375
6651,8,P8,221,-7.599,a,S1 obj,25,co2a0000375,0.86328125
6652,8,P8,222,-9.064,a,S1 obj,25,co2a0000375,0.8671875
6653,8,P8,223,-9.064,a,S1 obj,25,co2a0000375,0.87109375
6654,8,P8,224,-8.575,a,S1 obj,25,co2a0000375,0.875
6655,8,P8,225,-8.575,a,S1 obj,25,co2a0000375,0.87890625
6656,8,P8,226,-10.529,a,S1 obj,25,co2a0000375,0.8828125
6657,8,P8,227,-12.97,a,S1 obj,25,co2a0000375,0.88671875
6658,8,P8,228,-14.923,a,S1 obj,25,co2a0000375,0.890625
6659,8,P8,229,-14.435,a,S1 obj,25,co2a0000375,0.89453125
6660,8,P8,230,-11.993,a,S1 obj,25,co2a0000375,0.8984375
6661,8,P8,231,-9.064,a,S1 obj,25,co2a0000375,0.90234375
6662,8,P8,232,-7.111,a,S1 obj,25,co2a0000375,0.90625
6663,8,P8,233,-6.134,a,S1 obj,25,co2a0000375,0.91015625
6664,8,P8,234,-7.111,a,S1 obj,25,co2a0000375,0.9140625
6665,8,P8,235,-9.552,a,S1 obj,25,co2a0000375,0.91796875
6666,8,P8,236,-12.97,a,S1 obj,25,co2a0000375,0.921875
6667,8,P8,237,-15.9,a,S1 obj,25,co2a0000375,0.92578125
6668,8,P8,238,-17.365,a,S1 obj,25,co2a0000375,0.9296875
6669,8,P8,239,-16.388,a,S1 obj,25,co2a0000375,0.93359375
6670,8,P8,240,-12.97,a,S1 obj,25,co2a0000375,0.9375
6671,8,P8,241,-9.064,a,S1 obj,25,co2a0000375,0.94140625
6672,8,P8,242,-6.134,a,S1 obj,25,co2a0000375,0.9453125
6673,8,P8,243,-5.646,a,S1 obj,25,co2a0000375,0.94921875
6674,8,P8,244,-7.599,a,S1 obj,25,co2a0000375,0.953125
6675,8,P8,245,-10.529,a,S1 obj,25,co2a0000375,0.95703125
6676,8,P8,246,-13.458,a,S1 obj,25,co2a0000375,0.9609375
6677,8,P8,247,-15.9,a,S1 obj,25,co2a0000375,0.96484375
6678,8,P8,248,-16.388,a,S1 obj,25,co2a0000375,0.96875
6679,8,P8,249,-15.9,a,S1 obj,25,co2a0000375,0.97265625
6680,8,P8,250,-13.947,a,S1 obj,25,co2a0000375,0.9765625
6681,8,P8,251,-10.04,a,S1 obj,25,co2a0000375,0.98046875
6682,8,P8,252,-5.157,a,S1 obj,25,co2a0000375,0.984375
6683,8,P8,253,-0.763,a,S1 obj,25,co2a0000375,0.98828125
6684,8,P8,254,2.167,a,S1 obj,25,co2a0000375,0.9921875
6685,8,P8,255,3.143,a,S1 obj,25,co2a0000375,0.99609375
6687,8,P7,0,5.188,a,S1 obj,26,co2a0000375,0.0
6688,8,P7,1,5.188,a,S1 obj,26,co2a0000375,0.00390625
6689,8,P7,2,5.188,a,S1 obj,26,co2a0000375,0.0078125
6690,8,P7,3,5.188,a,S1 obj,26,co2a0000375,0.01171875
6691,8,P7,4,6.653,a,S1 obj,26,co2a0000375,0.015625
6692,8,P7,5,8.606,a,S1 obj,26,co2a0000375,0.01953125
6693,8,P7,6,10.071,a,S1 obj,26,co2a0000375,0.0234375
6694,8,P7,7,10.071,a,S1 obj,26,co2a0000375,0.02734375
6695,8,P7,8,7.141,a,S1 obj,26,co2a0000375,0.03125
6696,8,P7,9,2.747,a,S1 obj,26,co2a0000375,0.03515625
6697,8,P7,10,-2.136,a,S1 obj,26,co2a0000375,0.0390625
6698,8,P7,11,-6.531,a,S1 obj,26,co2a0000375,0.04296875
6699,8,P7,12,-7.019,a,S1 obj,26,co2a0000375,0.046875
6700,8,P7,13,-4.578,a,S1 obj,26,co2a0000375,0.05078125
6701,8,P7,14,0.793,a,S1 obj,26,co2a0000375,0.0546875
6702,8,P7,15,5.676,a,S1 obj,26,co2a0000375,0.05859375
6703,8,P7,16,8.606,a,S1 obj,26,co2a0000375,0.0625
6704,8,P7,17,7.629,a,S1 obj,26,co2a0000375,0.06640625
6705,8,P7,18,5.188,a,S1 obj,26,co2a0000375,0.0703125
6706,8,P7,19,3.235,a,S1 obj,26,co2a0000375,0.07421875
6707,8,P7,20,3.723,a,S1 obj,26,co2a0000375,0.078125
6708,8,P7,21,6.653,a,S1 obj,26,co2a0000375,0.08203125
6709,8,P7,22,10.071,a,S1 obj,26,co2a0000375,0.0859375
6710,8,P7,23,12.024,a,S1 obj,26,co2a0000375,0.08984375
6711,8,P7,24,11.536,a,S1 obj,26,co2a0000375,0.09375
6712,8,P7,25,10.071,a,S1 obj,26,co2a0000375,0.09765625
6713,8,P7,26,9.094,a,S1 obj,26,co2a0000375,0.1015625
6714,8,P7,27,8.118,a,S1 obj,26,co2a0000375,0.10546875
6715,8,P7,28,7.141,a,S1 obj,26,co2a0000375,0.109375
6716,8,P7,29,6.165,a,S1 obj,26,co2a0000375,0.11328125
6717,8,P7,30,4.7,a,S1 obj,26,co2a0000375,0.1171875
6718,8,P7,31,3.723,a,S1 obj,26,co2a0000375,0.12109375
6719,8,P7,32,4.211,a,S1 obj,26,co2a0000375,0.125
6720,8,P7,33,5.676,a,S1 obj,26,co2a0000375,0.12890625
6721,8,P7,34,7.141,a,S1 obj,26,co2a0000375,0.1328125
6722,8,P7,35,7.141,a,S1 obj,26,co2a0000375,0.13671875
6723,8,P7,36,5.188,a,S1 obj,26,co2a0000375,0.140625
6724,8,P7,37,2.258,a,S1 obj,26,co2a0000375,0.14453125
6725,8,P7,38,-0.183,a,S1 obj,26,co2a0000375,0.1484375
6726,8,P7,39,-0.671,a,S1 obj,26,co2a0000375,0.15234375
6727,8,P7,40,1.282,a,S1 obj,26,co2a0000375,0.15625
6728,8,P7,41,3.235,a,S1 obj,26,co2a0000375,0.16015625
6729,8,P7,42,5.188,a,S1 obj,26,co2a0000375,0.1640625
6730,8,P7,43,6.165,a,S1 obj,26,co2a0000375,0.16796875
6731,8,P7,44,6.653,a,S1 obj,26,co2a0000375,0.171875
6732,8,P7,45,6.653,a,S1 obj,26,co2a0000375,0.17578125
6733,8,P7,46,6.165,a,S1 obj,26,co2a0000375,0.1796875
6734,8,P7,47,5.188,a,S1 obj,26,co2a0000375,0.18359375
6735,8,P7,48,2.747,a,S1 obj,26,co2a0000375,0.1875
6736,8,P7,49,0.305,a,S1 obj,26,co2a0000375,0.19140625
6737,8,P7,50,-1.16,a,S1 obj,26,co2a0000375,0.1953125
6738,8,P7,51,-0.671,a,S1 obj,26,co2a0000375,0.19921875
6739,8,P7,52,1.282,a,S1 obj,26,co2a0000375,0.203125
6740,8,P7,53,2.258,a,S1 obj,26,co2a0000375,0.20703125
6741,8,P7,54,1.282,a,S1 obj,26,co2a0000375,0.2109375
6742,8,P7,55,-1.16,a,S1 obj,26,co2a0000375,0.21484375
6743,8,P7,56,-3.113,a,S1 obj,26,co2a0000375,0.21875
6744,8,P7,57,-3.601,a,S1 obj,26,co2a0000375,0.22265625
6745,8,P7,58,-1.16,a,S1 obj,26,co2a0000375,0.2265625
6746,8,P7,59,1.77,a,S1 obj,26,co2a0000375,0.23046875
6747,8,P7,60,5.188,a,S1 obj,26,co2a0000375,0.234375
6748,8,P7,61,6.653,a,S1 obj,26,co2a0000375,0.23828125
6749,8,P7,62,7.629,a,S1 obj,26,co2a0000375,0.2421875
6750,8,P7,63,8.606,a,S1 obj,26,co2a0000375,0.24609375
6751,8,P7,64,10.071,a,S1 obj,26,co2a0000375,0.25
6752,8,P7,65,11.047,a,S1 obj,26,co2a0000375,0.25390625
6753,8,P7,66,11.536,a,S1 obj,26,co2a0000375,0.2578125
6754,8,P7,67,11.047,a,S1 obj,26,co2a0000375,0.26171875
6755,8,P7,68,9.583,a,S1 obj,26,co2a0000375,0.265625
6756,8,P7,69,8.118,a,S1 obj,26,co2a0000375,0.26953125
6757,8,P7,70,8.118,a,S1 obj,26,co2a0000375,0.2734375
6758,8,P7,71,8.118,a,S1 obj,26,co2a0000375,0.27734375
6759,8,P7,72,9.094,a,S1 obj,26,co2a0000375,0.28125
6760,8,P7,73,9.094,a,S1 obj,26,co2a0000375,0.28515625
6761,8,P7,74,8.606,a,S1 obj,26,co2a0000375,0.2890625
6762,8,P7,75,8.118,a,S1 obj,26,co2a0000375,0.29296875
6763,8,P7,76,7.629,a,S1 obj,26,co2a0000375,0.296875
6764,8,P7,77,6.653,a,S1 obj,26,co2a0000375,0.30078125
6765,8,P7,78,6.653,a,S1 obj,26,co2a0000375,0.3046875
6766,8,P7,79,6.653,a,S1 obj,26,co2a0000375,0.30859375
6767,8,P7,80,7.629,a,S1 obj,26,co2a0000375,0.3125
6768,8,P7,81,9.583,a,S1 obj,26,co2a0000375,0.31640625
6769,8,P7,82,11.047,a,S1 obj,26,co2a0000375,0.3203125
6770,8,P7,83,12.512,a,S1 obj,26,co2a0000375,0.32421875
6771,8,P7,84,13.0,a,S1 obj,26,co2a0000375,0.328125
6772,8,P7,85,13.489,a,S1 obj,26,co2a0000375,0.33203125
6773,8,P7,86,13.977,a,S1 obj,26,co2a0000375,0.3359375
6774,8,P7,87,15.442,a,S1 obj,26,co2a0000375,0.33984375
6775,8,P7,88,16.907,a,S1 obj,26,co2a0000375,0.34375
6776,8,P7,89,17.395,a,S1 obj,26,co2a0000375,0.34765625
6777,8,P7,90,16.418,a,S1 obj,26,co2a0000375,0.3515625
6778,8,P7,91,13.977,a,S1 obj,26,co2a0000375,0.35546875
6779,8,P7,92,10.071,a,S1 obj,26,co2a0000375,0.359375
6780,8,P7,93,6.653,a,S1 obj,26,co2a0000375,0.36328125
6781,8,P7,94,4.211,a,S1 obj,26,co2a0000375,0.3671875
6782,8,P7,95,3.723,a,S1 obj,26,co2a0000375,0.37109375
6783,8,P7,96,4.211,a,S1 obj,26,co2a0000375,0.375
6784,8,P7,97,6.165,a,S1 obj,26,co2a0000375,0.37890625
6785,8,P7,98,7.629,a,S1 obj,26,co2a0000375,0.3828125
6786,8,P7,99,8.606,a,S1 obj,26,co2a0000375,0.38671875
6787,8,P7,100,8.606,a,S1 obj,26,co2a0000375,0.390625
6788,8,P7,101,7.141,a,S1 obj,26,co2a0000375,0.39453125
6789,8,P7,102,6.165,a,S1 obj,26,co2a0000375,0.3984375
6790,8,P7,103,5.676,a,S1 obj,26,co2a0000375,0.40234375
6791,8,P7,104,7.629,a,S1 obj,26,co2a0000375,0.40625
6792,8,P7,105,11.536,a,S1 obj,26,co2a0000375,0.41015625
6793,8,P7,106,14.465,a,S1 obj,26,co2a0000375,0.4140625
6794,8,P7,107,15.442,a,S1 obj,26,co2a0000375,0.41796875
6795,8,P7,108,12.512,a,S1 obj,26,co2a0000375,0.421875
6796,8,P7,109,7.141,a,S1 obj,26,co2a0000375,0.42578125
6797,8,P7,110,1.282,a,S1 obj,26,co2a0000375,0.4296875
6798,8,P7,111,-2.625,a,S1 obj,26,co2a0000375,0.43359375
6799,8,P7,112,-4.089,a,S1 obj,26,co2a0000375,0.4375
6800,8,P7,113,-3.113,a,S1 obj,26,co2a0000375,0.44140625
6801,8,P7,114,-2.136,a,S1 obj,26,co2a0000375,0.4453125
6802,8,P7,115,-2.625,a,S1 obj,26,co2a0000375,0.44921875
6803,8,P7,116,-4.089,a,S1 obj,26,co2a0000375,0.453125
6804,8,P7,117,-6.531,a,S1 obj,26,co2a0000375,0.45703125
6805,8,P7,118,-8.484,a,S1 obj,26,co2a0000375,0.4609375
6806,8,P7,119,-9.46,a,S1 obj,26,co2a0000375,0.46484375
6807,8,P7,120,-10.437,a,S1 obj,26,co2a0000375,0.46875
6808,8,P7,121,-11.414,a,S1 obj,26,co2a0000375,0.47265625
6809,8,P7,122,-11.902,a,S1 obj,26,co2a0000375,0.4765625
6810,8,P7,123,-11.902,a,S1 obj,26,co2a0000375,0.48046875
6811,8,P7,124,-10.437,a,S1 obj,26,co2a0000375,0.484375
6812,8,P7,125,-6.531,a,S1 obj,26,co2a0000375,0.48828125
6813,8,P7,126,-1.648,a,S1 obj,26,co2a0000375,0.4921875
6814,8,P7,127,2.747,a,S1 obj,26,co2a0000375,0.49609375
6815,8,P7,128,5.188,a,S1 obj,26,co2a0000375,0.5
6816,8,P7,129,4.211,a,S1 obj,26,co2a0000375,0.50390625
6817,8,P7,130,1.282,a,S1 obj,26,co2a0000375,0.5078125
6818,8,P7,131,-3.113,a,S1 obj,26,co2a0000375,0.51171875
6819,8,P7,132,-6.042,a,S1 obj,26,co2a0000375,0.515625
6820,8,P7,133,-7.019,a,S1 obj,26,co2a0000375,0.51953125
6821,8,P7,134,-7.019,a,S1 obj,26,co2a0000375,0.5234375
6822,8,P7,135,-7.507,a,S1 obj,26,co2a0000375,0.52734375
6823,8,P7,136,-9.46,a,S1 obj,26,co2a0000375,0.53125
6824,8,P7,137,-12.39,a,S1 obj,26,co2a0000375,0.53515625
6825,8,P7,138,-14.343,a,S1 obj,26,co2a0000375,0.5390625
6826,8,P7,139,-14.832,a,S1 obj,26,co2a0000375,0.54296875
6827,8,P7,140,-13.367,a,S1 obj,26,co2a0000375,0.546875
6828,8,P7,141,-12.39,a,S1 obj,26,co2a0000375,0.55078125
6829,8,P7,142,-12.39,a,S1 obj,26,co2a0000375,0.5546875
6830,8,P7,143,-12.878,a,S1 obj,26,co2a0000375,0.55859375
6831,8,P7,144,-12.39,a,S1 obj,26,co2a0000375,0.5625
6832,8,P7,145,-9.46,a,S1 obj,26,co2a0000375,0.56640625
6833,8,P7,146,-5.554,a,S1 obj,26,co2a0000375,0.5703125
6834,8,P7,147,-1.16,a,S1 obj,26,co2a0000375,0.57421875
6835,8,P7,148,1.77,a,S1 obj,26,co2a0000375,0.578125
6836,8,P7,149,2.258,a,S1 obj,26,co2a0000375,0.58203125
6837,8,P7,150,1.282,a,S1 obj,26,co2a0000375,0.5859375
6838,8,P7,151,0.305,a,S1 obj,26,co2a0000375,0.58984375
6839,8,P7,152,-0.671,a,S1 obj,26,co2a0000375,0.59375
6840,8,P7,153,-2.136,a,S1 obj,26,co2a0000375,0.59765625
6841,8,P7,154,-4.578,a,S1 obj,26,co2a0000375,0.6015625
6842,8,P7,155,-7.019,a,S1 obj,26,co2a0000375,0.60546875
6843,8,P7,156,-8.972,a,S1 obj,26,co2a0000375,0.609375
6844,8,P7,157,-9.46,a,S1 obj,26,co2a0000375,0.61328125
6845,8,P7,158,-7.996,a,S1 obj,26,co2a0000375,0.6171875
6846,8,P7,159,-6.531,a,S1 obj,26,co2a0000375,0.62109375
6847,8,P7,160,-6.531,a,S1 obj,26,co2a0000375,0.625
6848,8,P7,161,-7.507,a,S1 obj,26,co2a0000375,0.62890625
6849,8,P7,162,-9.46,a,S1 obj,26,co2a0000375,0.6328125
6850,8,P7,163,-9.949,a,S1 obj,26,co2a0000375,0.63671875
6851,8,P7,164,-9.46,a,S1 obj,26,co2a0000375,0.640625
6852,8,P7,165,-8.484,a,S1 obj,26,co2a0000375,0.64453125
6853,8,P7,166,-8.972,a,S1 obj,26,co2a0000375,0.6484375
6854,8,P7,167,-10.437,a,S1 obj,26,co2a0000375,0.65234375
6855,8,P7,168,-13.367,a,S1 obj,26,co2a0000375,0.65625
6856,8,P7,169,-14.343,a,S1 obj,26,co2a0000375,0.66015625
6857,8,P7,170,-12.878,a,S1 obj,26,co2a0000375,0.6640625
6858,8,P7,171,-9.949,a,S1 obj,26,co2a0000375,0.66796875
6859,8,P7,172,-7.507,a,S1 obj,26,co2a0000375,0.671875
6860,8,P7,173,-8.484,a,S1 obj,26,co2a0000375,0.67578125
6861,8,P7,174,-11.902,a,S1 obj,26,co2a0000375,0.6796875
6862,8,P7,175,-16.296,a,S1 obj,26,co2a0000375,0.68359375
6863,8,P7,176,-17.273,a,S1 obj,26,co2a0000375,0.6875
6864,8,P7,177,-14.343,a,S1 obj,26,co2a0000375,0.69140625
6865,8,P7,178,-9.46,a,S1 obj,26,co2a0000375,0.6953125
6866,8,P7,179,-6.531,a,S1 obj,26,co2a0000375,0.69921875
6867,8,P7,180,-7.507,a,S1 obj,26,co2a0000375,0.703125
6868,8,P7,181,-11.414,a,S1 obj,26,co2a0000375,0.70703125
6869,8,P7,182,-15.32,a,S1 obj,26,co2a0000375,0.7109375
6870,8,P7,183,-16.296,a,S1 obj,26,co2a0000375,0.71484375
6871,8,P7,184,-14.832,a,S1 obj,26,co2a0000375,0.71875
6872,8,P7,185,-11.902,a,S1 obj,26,co2a0000375,0.72265625
6873,8,P7,186,-10.925,a,S1 obj,26,co2a0000375,0.7265625
6874,8,P7,187,-12.39,a,S1 obj,26,co2a0000375,0.73046875
6875,8,P7,188,-14.343,a,S1 obj,26,co2a0000375,0.734375
6876,8,P7,189,-14.343,a,S1 obj,26,co2a0000375,0.73828125
6877,8,P7,190,-10.437,a,S1 obj,26,co2a0000375,0.7421875
6878,8,P7,191,-6.042,a,S1 obj,26,co2a0000375,0.74609375
6879,8,P7,192,-2.625,a,S1 obj,26,co2a0000375,0.75
6880,8,P7,193,-4.089,a,S1 obj,26,co2a0000375,0.75390625
6881,8,P7,194,-8.972,a,S1 obj,26,co2a0000375,0.7578125
6882,8,P7,195,-14.343,a,S1 obj,26,co2a0000375,0.76171875
6883,8,P7,196,-16.785,a,S1 obj,26,co2a0000375,0.765625
6884,8,P7,197,-14.832,a,S1 obj,26,co2a0000375,0.76953125
6885,8,P7,198,-10.437,a,S1 obj,26,co2a0000375,0.7734375
6886,8,P7,199,-5.554,a,S1 obj,26,co2a0000375,0.77734375
6887,8,P7,200,-3.601,a,S1 obj,26,co2a0000375,0.78125
6888,8,P7,201,-4.089,a,S1 obj,26,co2a0000375,0.78515625
6889,8,P7,202,-6.042,a,S1 obj,26,co2a0000375,0.7890625
6890,8,P7,203,-6.531,a,S1 obj,26,co2a0000375,0.79296875
6891,8,P7,204,-6.042,a,S1 obj,26,co2a0000375,0.796875
6892,8,P7,205,-5.066,a,S1 obj,26,co2a0000375,0.80078125
6893,8,P7,206,-6.042,a,S1 obj,26,co2a0000375,0.8046875
6894,8,P7,207,-8.484,a,S1 obj,26,co2a0000375,0.80859375
6895,8,P7,208,-11.414,a,S1 obj,26,co2a0000375,0.8125
6896,8,P7,209,-11.902,a,S1 obj,26,co2a0000375,0.81640625
6897,8,P7,210,-8.972,a,S1 obj,26,co2a0000375,0.8203125
6898,8,P7,211,-3.113,a,S1 obj,26,co2a0000375,0.82421875
6899,8,P7,212,2.258,a,S1 obj,26,co2a0000375,0.828125
6900,8,P7,213,5.188,a,S1 obj,26,co2a0000375,0.83203125
6901,8,P7,214,4.211,a,S1 obj,26,co2a0000375,0.8359375
6902,8,P7,215,2.258,a,S1 obj,26,co2a0000375,0.83984375
6903,8,P7,216,1.282,a,S1 obj,26,co2a0000375,0.84375
6904,8,P7,217,2.747,a,S1 obj,26,co2a0000375,0.84765625
6905,8,P7,218,5.676,a,S1 obj,26,co2a0000375,0.8515625
6906,8,P7,219,7.629,a,S1 obj,26,co2a0000375,0.85546875
6907,8,P7,220,6.653,a,S1 obj,26,co2a0000375,0.859375
6908,8,P7,221,2.747,a,S1 obj,26,co2a0000375,0.86328125
6909,8,P7,222,-2.136,a,S1 obj,26,co2a0000375,0.8671875
6910,8,P7,223,-6.531,a,S1 obj,26,co2a0000375,0.87109375
6911,8,P7,224,-8.484,a,S1 obj,26,co2a0000375,0.875
6912,8,P7,225,-8.484,a,S1 obj,26,co2a0000375,0.87890625
6913,8,P7,226,-8.484,a,S1 obj,26,co2a0000375,0.8828125
6914,8,P7,227,-7.996,a,S1 obj,26,co2a0000375,0.88671875
6915,8,P7,228,-8.484,a,S1 obj,26,co2a0000375,0.890625
6916,8,P7,229,-8.972,a,S1 obj,26,co2a0000375,0.89453125
6917,8,P7,230,-8.972,a,S1 obj,26,co2a0000375,0.8984375
6918,8,P7,231,-7.507,a,S1 obj,26,co2a0000375,0.90234375
6919,8,P7,232,-5.066,a,S1 obj,26,co2a0000375,0.90625
6920,8,P7,233,-3.113,a,S1 obj,26,co2a0000375,0.91015625
6921,8,P7,234,-1.648,a,S1 obj,26,co2a0000375,0.9140625
6922,8,P7,235,-2.136,a,S1 obj,26,co2a0000375,0.91796875
6923,8,P7,236,-4.578,a,S1 obj,26,co2a0000375,0.921875
6924,8,P7,237,-7.507,a,S1 obj,26,co2a0000375,0.92578125
6925,8,P7,238,-10.437,a,S1 obj,26,co2a0000375,0.9296875
6926,8,P7,239,-12.39,a,S1 obj,26,co2a0000375,0.93359375
6927,8,P7,240,-12.39,a,S1 obj,26,co2a0000375,0.9375
6928,8,P7,241,-10.437,a,S1 obj,26,co2a0000375,0.94140625
6929,8,P7,242,-8.484,a,S1 obj,26,co2a0000375,0.9453125
6930,8,P7,243,-6.531,a,S1 obj,26,co2a0000375,0.94921875
6931,8,P7,244,-6.531,a,S1 obj,26,co2a0000375,0.953125
6932,8,P7,245,-7.019,a,S1 obj,26,co2a0000375,0.95703125
6933,8,P7,246,-8.484,a,S1 obj,26,co2a0000375,0.9609375
6934,8,P7,247,-9.46,a,S1 obj,26,co2a0000375,0.96484375
6935,8,P7,248,-9.949,a,S1 obj,26,co2a0000375,0.96875
6936,8,P7,249,-8.972,a,S1 obj,26,co2a0000375,0.97265625
6937,8,P7,250,-6.531,a,S1 obj,26,co2a0000375,0.9765625
6938,8,P7,251,-3.113,a,S1 obj,26,co2a0000375,0.98046875
6939,8,P7,252,0.793,a,S1 obj,26,co2a0000375,0.984375
6940,8,P7,253,3.723,a,S1 obj,26,co2a0000375,0.98828125
6941,8,P7,254,5.188,a,S1 obj,26,co2a0000375,0.9921875
6942,8,P7,255,6.165,a,S1 obj,26,co2a0000375,0.99609375
6944,8,PO2,0,2.136,a,S1 obj,27,co2a0000375,0.0
6945,8,PO2,1,0.183,a,S1 obj,27,co2a0000375,0.00390625
6946,8,PO2,2,-2.258,a,S1 obj,27,co2a0000375,0.0078125
6947,8,PO2,3,-3.723,a,S1 obj,27,co2a0000375,0.01171875
6948,8,PO2,4,-3.235,a,S1 obj,27,co2a0000375,0.015625
6949,8,PO2,5,-0.793,a,S1 obj,27,co2a0000375,0.01953125
6950,8,PO2,6,2.136,a,S1 obj,27,co2a0000375,0.0234375
6951,8,PO2,7,4.578,a,S1 obj,27,co2a0000375,0.02734375
6952,8,PO2,8,4.578,a,S1 obj,27,co2a0000375,0.03125
6953,8,PO2,9,2.625,a,S1 obj,27,co2a0000375,0.03515625
6954,8,PO2,10,0.183,a,S1 obj,27,co2a0000375,0.0390625
6955,8,PO2,11,-2.747,a,S1 obj,27,co2a0000375,0.04296875
6956,8,PO2,12,-4.211,a,S1 obj,27,co2a0000375,0.046875
6957,8,PO2,13,-3.723,a,S1 obj,27,co2a0000375,0.05078125
6958,8,PO2,14,-1.282,a,S1 obj,27,co2a0000375,0.0546875
6959,8,PO2,15,1.648,a,S1 obj,27,co2a0000375,0.05859375
6960,8,PO2,16,4.578,a,S1 obj,27,co2a0000375,0.0625
6961,8,PO2,17,5.554,a,S1 obj,27,co2a0000375,0.06640625
6962,8,PO2,18,5.554,a,S1 obj,27,co2a0000375,0.0703125
6963,8,PO2,19,5.554,a,S1 obj,27,co2a0000375,0.07421875
6964,8,PO2,20,6.042,a,S1 obj,27,co2a0000375,0.078125
6965,8,PO2,21,7.019,a,S1 obj,27,co2a0000375,0.08203125
6966,8,PO2,22,7.996,a,S1 obj,27,co2a0000375,0.0859375
6967,8,PO2,23,8.484,a,S1 obj,27,co2a0000375,0.08984375
6968,8,PO2,24,7.507,a,S1 obj,27,co2a0000375,0.09375
6969,8,PO2,25,6.042,a,S1 obj,27,co2a0000375,0.09765625
6970,8,PO2,26,4.089,a,S1 obj,27,co2a0000375,0.1015625
6971,8,PO2,27,3.113,a,S1 obj,27,co2a0000375,0.10546875
6972,8,PO2,28,2.625,a,S1 obj,27,co2a0000375,0.109375
6973,8,PO2,29,3.113,a,S1 obj,27,co2a0000375,0.11328125
6974,8,PO2,30,3.601,a,S1 obj,27,co2a0000375,0.1171875
6975,8,PO2,31,3.113,a,S1 obj,27,co2a0000375,0.12109375
6976,8,PO2,32,2.136,a,S1 obj,27,co2a0000375,0.125
6977,8,PO2,33,1.16,a,S1 obj,27,co2a0000375,0.12890625
6978,8,PO2,34,0.183,a,S1 obj,27,co2a0000375,0.1328125
6979,8,PO2,35,-0.793,a,S1 obj,27,co2a0000375,0.13671875
6980,8,PO2,36,-0.793,a,S1 obj,27,co2a0000375,0.140625
6981,8,PO2,37,-0.305,a,S1 obj,27,co2a0000375,0.14453125
6982,8,PO2,38,0.671,a,S1 obj,27,co2a0000375,0.1484375
6983,8,PO2,39,1.16,a,S1 obj,27,co2a0000375,0.15234375
6984,8,PO2,40,1.16,a,S1 obj,27,co2a0000375,0.15625
6985,8,PO2,41,0.671,a,S1 obj,27,co2a0000375,0.16015625
6986,8,PO2,42,-0.305,a,S1 obj,27,co2a0000375,0.1640625
6987,8,PO2,43,-1.77,a,S1 obj,27,co2a0000375,0.16796875
6988,8,PO2,44,-3.235,a,S1 obj,27,co2a0000375,0.171875
6989,8,PO2,45,-3.723,a,S1 obj,27,co2a0000375,0.17578125
6990,8,PO2,46,-3.723,a,S1 obj,27,co2a0000375,0.1796875
6991,8,PO2,47,-2.747,a,S1 obj,27,co2a0000375,0.18359375
6992,8,PO2,48,-0.793,a,S1 obj,27,co2a0000375,0.1875
6993,8,PO2,49,-0.305,a,S1 obj,27,co2a0000375,0.19140625
6994,8,PO2,50,0.183,a,S1 obj,27,co2a0000375,0.1953125
6995,8,PO2,51,-0.305,a,S1 obj,27,co2a0000375,0.19921875
6996,8,PO2,52,-0.793,a,S1 obj,27,co2a0000375,0.203125
6997,8,PO2,53,-2.258,a,S1 obj,27,co2a0000375,0.20703125
6998,8,PO2,54,-4.211,a,S1 obj,27,co2a0000375,0.2109375
6999,8,PO2,55,-5.188,a,S1 obj,27,co2a0000375,0.21484375
7000,8,PO2,56,-4.7,a,S1 obj,27,co2a0000375,0.21875
7001,8,PO2,57,-2.258,a,S1 obj,27,co2a0000375,0.22265625
7002,8,PO2,58,0.671,a,S1 obj,27,co2a0000375,0.2265625
7003,8,PO2,59,3.601,a,S1 obj,27,co2a0000375,0.23046875
7004,8,PO2,60,5.066,a,S1 obj,27,co2a0000375,0.234375
7005,8,PO2,61,5.066,a,S1 obj,27,co2a0000375,0.23828125
7006,8,PO2,62,5.066,a,S1 obj,27,co2a0000375,0.2421875
7007,8,PO2,63,6.042,a,S1 obj,27,co2a0000375,0.24609375
7008,8,PO2,64,7.996,a,S1 obj,27,co2a0000375,0.25
7009,8,PO2,65,9.949,a,S1 obj,27,co2a0000375,0.25390625
7010,8,PO2,66,10.925,a,S1 obj,27,co2a0000375,0.2578125
7011,8,PO2,67,10.925,a,S1 obj,27,co2a0000375,0.26171875
7012,8,PO2,68,9.949,a,S1 obj,27,co2a0000375,0.265625
7013,8,PO2,69,8.972,a,S1 obj,27,co2a0000375,0.26953125
7014,8,PO2,70,8.484,a,S1 obj,27,co2a0000375,0.2734375
7015,8,PO2,71,7.996,a,S1 obj,27,co2a0000375,0.27734375
7016,8,PO2,72,6.531,a,S1 obj,27,co2a0000375,0.28125
7017,8,PO2,73,5.066,a,S1 obj,27,co2a0000375,0.28515625
7018,8,PO2,74,3.601,a,S1 obj,27,co2a0000375,0.2890625
7019,8,PO2,75,2.136,a,S1 obj,27,co2a0000375,0.29296875
7020,8,PO2,76,1.16,a,S1 obj,27,co2a0000375,0.296875
7021,8,PO2,77,0.183,a,S1 obj,27,co2a0000375,0.30078125
7022,8,PO2,78,-0.793,a,S1 obj,27,co2a0000375,0.3046875
7023,8,PO2,79,-0.793,a,S1 obj,27,co2a0000375,0.30859375
7024,8,PO2,80,0.183,a,S1 obj,27,co2a0000375,0.3125
7025,8,PO2,81,2.136,a,S1 obj,27,co2a0000375,0.31640625
7026,8,PO2,82,4.578,a,S1 obj,27,co2a0000375,0.3203125
7027,8,PO2,83,6.042,a,S1 obj,27,co2a0000375,0.32421875
7028,8,PO2,84,6.042,a,S1 obj,27,co2a0000375,0.328125
7029,8,PO2,85,6.042,a,S1 obj,27,co2a0000375,0.33203125
7030,8,PO2,86,6.531,a,S1 obj,27,co2a0000375,0.3359375
7031,8,PO2,87,7.019,a,S1 obj,27,co2a0000375,0.33984375
7032,8,PO2,88,8.484,a,S1 obj,27,co2a0000375,0.34375
7033,8,PO2,89,8.484,a,S1 obj,27,co2a0000375,0.34765625
7034,8,PO2,90,7.019,a,S1 obj,27,co2a0000375,0.3515625
7035,8,PO2,91,4.089,a,S1 obj,27,co2a0000375,0.35546875
7036,8,PO2,92,0.671,a,S1 obj,27,co2a0000375,0.359375
7037,8,PO2,93,-1.282,a,S1 obj,27,co2a0000375,0.36328125
7038,8,PO2,94,-2.747,a,S1 obj,27,co2a0000375,0.3671875
7039,8,PO2,95,-2.258,a,S1 obj,27,co2a0000375,0.37109375
7040,8,PO2,96,-1.282,a,S1 obj,27,co2a0000375,0.375
7041,8,PO2,97,-1.282,a,S1 obj,27,co2a0000375,0.37890625
7042,8,PO2,98,-1.282,a,S1 obj,27,co2a0000375,0.3828125
7043,8,PO2,99,-1.77,a,S1 obj,27,co2a0000375,0.38671875
7044,8,PO2,100,-2.747,a,S1 obj,27,co2a0000375,0.390625
7045,8,PO2,101,-4.211,a,S1 obj,27,co2a0000375,0.39453125
7046,8,PO2,102,-5.188,a,S1 obj,27,co2a0000375,0.3984375
7047,8,PO2,103,-5.188,a,S1 obj,27,co2a0000375,0.40234375
7048,8,PO2,104,-3.723,a,S1 obj,27,co2a0000375,0.40625
7049,8,PO2,105,-0.305,a,S1 obj,27,co2a0000375,0.41015625
7050,8,PO2,106,2.625,a,S1 obj,27,co2a0000375,0.4140625
7051,8,PO2,107,4.089,a,S1 obj,27,co2a0000375,0.41796875
7052,8,PO2,108,2.625,a,S1 obj,27,co2a0000375,0.421875
7053,8,PO2,109,0.183,a,S1 obj,27,co2a0000375,0.42578125
7054,8,PO2,110,-2.747,a,S1 obj,27,co2a0000375,0.4296875
7055,8,PO2,111,-5.188,a,S1 obj,27,co2a0000375,0.43359375
7056,8,PO2,112,-6.165,a,S1 obj,27,co2a0000375,0.4375
7057,8,PO2,113,-7.141,a,S1 obj,27,co2a0000375,0.44140625
7058,8,PO2,114,-9.094,a,S1 obj,27,co2a0000375,0.4453125
7059,8,PO2,115,-11.536,a,S1 obj,27,co2a0000375,0.44921875
7060,8,PO2,116,-13.977,a,S1 obj,27,co2a0000375,0.453125
7061,8,PO2,117,-16.418,a,S1 obj,27,co2a0000375,0.45703125
7062,8,PO2,118,-18.372,a,S1 obj,27,co2a0000375,0.4609375
7063,8,PO2,119,-19.836,a,S1 obj,27,co2a0000375,0.46484375
7064,8,PO2,120,-20.813,a,S1 obj,27,co2a0000375,0.46875
7065,8,PO2,121,-20.813,a,S1 obj,27,co2a0000375,0.47265625
7066,8,PO2,122,-19.836,a,S1 obj,27,co2a0000375,0.4765625
7067,8,PO2,123,-17.395,a,S1 obj,27,co2a0000375,0.48046875
7068,8,PO2,124,-13.489,a,S1 obj,27,co2a0000375,0.484375
7069,8,PO2,125,-9.583,a,S1 obj,27,co2a0000375,0.48828125
7070,8,PO2,126,-6.165,a,S1 obj,27,co2a0000375,0.4921875
7071,8,PO2,127,-5.676,a,S1 obj,27,co2a0000375,0.49609375
7072,8,PO2,128,-7.141,a,S1 obj,27,co2a0000375,0.5
7073,8,PO2,129,-10.071,a,S1 obj,27,co2a0000375,0.50390625
7074,8,PO2,130,-13.0,a,S1 obj,27,co2a0000375,0.5078125
7075,8,PO2,131,-14.465,a,S1 obj,27,co2a0000375,0.51171875
7076,8,PO2,132,-14.954,a,S1 obj,27,co2a0000375,0.515625
7077,8,PO2,133,-14.465,a,S1 obj,27,co2a0000375,0.51953125
7078,8,PO2,134,-13.977,a,S1 obj,27,co2a0000375,0.5234375
7079,8,PO2,135,-14.465,a,S1 obj,27,co2a0000375,0.52734375
7080,8,PO2,136,-15.93,a,S1 obj,27,co2a0000375,0.53125
7081,8,PO2,137,-17.883,a,S1 obj,27,co2a0000375,0.53515625
7082,8,PO2,138,-18.86,a,S1 obj,27,co2a0000375,0.5390625
7083,8,PO2,139,-19.348,a,S1 obj,27,co2a0000375,0.54296875
7084,8,PO2,140,-18.86,a,S1 obj,27,co2a0000375,0.546875
7085,8,PO2,141,-17.883,a,S1 obj,27,co2a0000375,0.55078125
7086,8,PO2,142,-16.907,a,S1 obj,27,co2a0000375,0.5546875
7087,8,PO2,143,-16.418,a,S1 obj,27,co2a0000375,0.55859375
7088,8,PO2,144,-16.418,a,S1 obj,27,co2a0000375,0.5625
7089,8,PO2,145,-15.442,a,S1 obj,27,co2a0000375,0.56640625
7090,8,PO2,146,-13.0,a,S1 obj,27,co2a0000375,0.5703125
7091,8,PO2,147,-10.559,a,S1 obj,27,co2a0000375,0.57421875
7092,8,PO2,148,-7.629,a,S1 obj,27,co2a0000375,0.578125
7093,8,PO2,149,-5.676,a,S1 obj,27,co2a0000375,0.58203125
7094,8,PO2,150,-5.188,a,S1 obj,27,co2a0000375,0.5859375
7095,8,PO2,151,-6.653,a,S1 obj,27,co2a0000375,0.58984375
7096,8,PO2,152,-9.094,a,S1 obj,27,co2a0000375,0.59375
7097,8,PO2,153,-10.559,a,S1 obj,27,co2a0000375,0.59765625
7098,8,PO2,154,-11.047,a,S1 obj,27,co2a0000375,0.6015625
7099,8,PO2,155,-10.559,a,S1 obj,27,co2a0000375,0.60546875
7100,8,PO2,156,-10.071,a,S1 obj,27,co2a0000375,0.609375
7101,8,PO2,157,-9.583,a,S1 obj,27,co2a0000375,0.61328125
7102,8,PO2,158,-10.559,a,S1 obj,27,co2a0000375,0.6171875
7103,8,PO2,159,-12.024,a,S1 obj,27,co2a0000375,0.62109375
7104,8,PO2,160,-13.0,a,S1 obj,27,co2a0000375,0.625
7105,8,PO2,161,-13.0,a,S1 obj,27,co2a0000375,0.62890625
7106,8,PO2,162,-12.512,a,S1 obj,27,co2a0000375,0.6328125
7107,8,PO2,163,-11.536,a,S1 obj,27,co2a0000375,0.63671875
7108,8,PO2,164,-11.536,a,S1 obj,27,co2a0000375,0.640625
7109,8,PO2,165,-13.0,a,S1 obj,27,co2a0000375,0.64453125
7110,8,PO2,166,-14.954,a,S1 obj,27,co2a0000375,0.6484375
7111,8,PO2,167,-16.907,a,S1 obj,27,co2a0000375,0.65234375
7112,8,PO2,168,-17.395,a,S1 obj,27,co2a0000375,0.65625
7113,8,PO2,169,-16.418,a,S1 obj,27,co2a0000375,0.66015625
7114,8,PO2,170,-14.954,a,S1 obj,27,co2a0000375,0.6640625
7115,8,PO2,171,-14.465,a,S1 obj,27,co2a0000375,0.66796875
7116,8,PO2,172,-14.954,a,S1 obj,27,co2a0000375,0.671875
7117,8,PO2,173,-17.395,a,S1 obj,27,co2a0000375,0.67578125
7118,8,PO2,174,-19.836,a,S1 obj,27,co2a0000375,0.6796875
7119,8,PO2,175,-21.301,a,S1 obj,27,co2a0000375,0.68359375
7120,8,PO2,176,-19.836,a,S1 obj,27,co2a0000375,0.6875
7121,8,PO2,177,-17.395,a,S1 obj,27,co2a0000375,0.69140625
7122,8,PO2,178,-13.977,a,S1 obj,27,co2a0000375,0.6953125
7123,8,PO2,179,-12.512,a,S1 obj,27,co2a0000375,0.69921875
7124,8,PO2,180,-13.0,a,S1 obj,27,co2a0000375,0.703125
7125,8,PO2,181,-13.977,a,S1 obj,27,co2a0000375,0.70703125
7126,8,PO2,182,-15.93,a,S1 obj,27,co2a0000375,0.7109375
7127,8,PO2,183,-16.907,a,S1 obj,27,co2a0000375,0.71484375
7128,8,PO2,184,-16.418,a,S1 obj,27,co2a0000375,0.71875
7129,8,PO2,185,-15.93,a,S1 obj,27,co2a0000375,0.72265625
7130,8,PO2,186,-14.954,a,S1 obj,27,co2a0000375,0.7265625
7131,8,PO2,187,-14.465,a,S1 obj,27,co2a0000375,0.73046875
7132,8,PO2,188,-14.465,a,S1 obj,27,co2a0000375,0.734375
7133,8,PO2,189,-13.977,a,S1 obj,27,co2a0000375,0.73828125
7134,8,PO2,190,-12.024,a,S1 obj,27,co2a0000375,0.7421875
7135,8,PO2,191,-9.583,a,S1 obj,27,co2a0000375,0.74609375
7136,8,PO2,192,-7.629,a,S1 obj,27,co2a0000375,0.75
7137,8,PO2,193,-7.141,a,S1 obj,27,co2a0000375,0.75390625
7138,8,PO2,194,-9.094,a,S1 obj,27,co2a0000375,0.7578125
7139,8,PO2,195,-13.0,a,S1 obj,27,co2a0000375,0.76171875
7140,8,PO2,196,-16.418,a,S1 obj,27,co2a0000375,0.765625
7141,8,PO2,197,-17.395,a,S1 obj,27,co2a0000375,0.76953125
7142,8,PO2,198,-15.442,a,S1 obj,27,co2a0000375,0.7734375
7143,8,PO2,199,-12.024,a,S1 obj,27,co2a0000375,0.77734375
7144,8,PO2,200,-10.071,a,S1 obj,27,co2a0000375,0.78125
7145,8,PO2,201,-9.583,a,S1 obj,27,co2a0000375,0.78515625
7146,8,PO2,202,-11.536,a,S1 obj,27,co2a0000375,0.7890625
7147,8,PO2,203,-13.0,a,S1 obj,27,co2a0000375,0.79296875
7148,8,PO2,204,-13.977,a,S1 obj,27,co2a0000375,0.796875
7149,8,PO2,205,-13.977,a,S1 obj,27,co2a0000375,0.80078125
7150,8,PO2,206,-13.977,a,S1 obj,27,co2a0000375,0.8046875
7151,8,PO2,207,-15.93,a,S1 obj,27,co2a0000375,0.80859375
7152,8,PO2,208,-18.372,a,S1 obj,27,co2a0000375,0.8125
7153,8,PO2,209,-19.836,a,S1 obj,27,co2a0000375,0.81640625
7154,8,PO2,210,-18.372,a,S1 obj,27,co2a0000375,0.8203125
7155,8,PO2,211,-13.977,a,S1 obj,27,co2a0000375,0.82421875
7156,8,PO2,212,-9.094,a,S1 obj,27,co2a0000375,0.828125
7157,8,PO2,213,-5.188,a,S1 obj,27,co2a0000375,0.83203125
7158,8,PO2,214,-3.723,a,S1 obj,27,co2a0000375,0.8359375
7159,8,PO2,215,-4.7,a,S1 obj,27,co2a0000375,0.83984375
7160,8,PO2,216,-5.676,a,S1 obj,27,co2a0000375,0.84375
7161,8,PO2,217,-5.188,a,S1 obj,27,co2a0000375,0.84765625
7162,8,PO2,218,-4.211,a,S1 obj,27,co2a0000375,0.8515625
7163,8,PO2,219,-4.211,a,S1 obj,27,co2a0000375,0.85546875
7164,8,PO2,220,-5.676,a,S1 obj,27,co2a0000375,0.859375
7165,8,PO2,221,-8.118,a,S1 obj,27,co2a0000375,0.86328125
7166,8,PO2,222,-10.559,a,S1 obj,27,co2a0000375,0.8671875
7167,8,PO2,223,-12.024,a,S1 obj,27,co2a0000375,0.87109375
7168,8,PO2,224,-12.024,a,S1 obj,27,co2a0000375,0.875
7169,8,PO2,225,-12.024,a,S1 obj,27,co2a0000375,0.87890625
7170,8,PO2,226,-12.512,a,S1 obj,27,co2a0000375,0.8828125
7171,8,PO2,227,-13.977,a,S1 obj,27,co2a0000375,0.88671875
7172,8,PO2,228,-14.954,a,S1 obj,27,co2a0000375,0.890625
7173,8,PO2,229,-14.954,a,S1 obj,27,co2a0000375,0.89453125
7174,8,PO2,230,-13.977,a,S1 obj,27,co2a0000375,0.8984375
7175,8,PO2,231,-12.024,a,S1 obj,27,co2a0000375,0.90234375
7176,8,PO2,232,-10.559,a,S1 obj,27,co2a0000375,0.90625
7177,8,PO2,233,-10.559,a,S1 obj,27,co2a0000375,0.91015625
7178,8,PO2,234,-11.536,a,S1 obj,27,co2a0000375,0.9140625
7179,8,PO2,235,-13.489,a,S1 obj,27,co2a0000375,0.91796875
7180,8,PO2,236,-15.93,a,S1 obj,27,co2a0000375,0.921875
7181,8,PO2,237,-17.883,a,S1 obj,27,co2a0000375,0.92578125
7182,8,PO2,238,-18.86,a,S1 obj,27,co2a0000375,0.9296875
7183,8,PO2,239,-18.86,a,S1 obj,27,co2a0000375,0.93359375
7184,8,PO2,240,-16.907,a,S1 obj,27,co2a0000375,0.9375
7185,8,PO2,241,-14.465,a,S1 obj,27,co2a0000375,0.94140625
7186,8,PO2,242,-12.024,a,S1 obj,27,co2a0000375,0.9453125
7187,8,PO2,243,-10.071,a,S1 obj,27,co2a0000375,0.94921875
7188,8,PO2,244,-10.559,a,S1 obj,27,co2a0000375,0.953125
7189,8,PO2,245,-12.024,a,S1 obj,27,co2a0000375,0.95703125
7190,8,PO2,246,-14.465,a,S1 obj,27,co2a0000375,0.9609375
7191,8,PO2,247,-16.907,a,S1 obj,27,co2a0000375,0.96484375
7192,8,PO2,248,-18.372,a,S1 obj,27,co2a0000375,0.96875
7193,8,PO2,249,-18.86,a,S1 obj,27,co2a0000375,0.97265625
7194,8,PO2,250,-16.907,a,S1 obj,27,co2a0000375,0.9765625
7195,8,PO2,251,-13.489,a,S1 obj,27,co2a0000375,0.98046875
7196,8,PO2,252,-8.606,a,S1 obj,27,co2a0000375,0.984375
7197,8,PO2,253,-3.723,a,S1 obj,27,co2a0000375,0.98828125
7198,8,PO2,254,-0.305,a,S1 obj,27,co2a0000375,0.9921875
7199,8,PO2,255,1.648,a,S1 obj,27,co2a0000375,0.99609375
7201,8,PO1,0,1.719,a,S1 obj,28,co2a0000375,0.0
7202,8,PO1,1,1.231,a,S1 obj,28,co2a0000375,0.00390625
7203,8,PO1,2,0.743,a,S1 obj,28,co2a0000375,0.0078125
7204,8,PO1,3,1.231,a,S1 obj,28,co2a0000375,0.01171875
7205,8,PO1,4,2.696,a,S1 obj,28,co2a0000375,0.015625
7206,8,PO1,5,4.649,a,S1 obj,28,co2a0000375,0.01953125
7207,8,PO1,6,6.602,a,S1 obj,28,co2a0000375,0.0234375
7208,8,PO1,7,7.09,a,S1 obj,28,co2a0000375,0.02734375
7209,8,PO1,8,6.602,a,S1 obj,28,co2a0000375,0.03125
7210,8,PO1,9,4.161,a,S1 obj,28,co2a0000375,0.03515625
7211,8,PO1,10,0.254,a,S1 obj,28,co2a0000375,0.0390625
7212,8,PO1,11,-3.164,a,S1 obj,28,co2a0000375,0.04296875
7213,8,PO1,12,-4.628,a,S1 obj,28,co2a0000375,0.046875
7214,8,PO1,13,-2.187,a,S1 obj,28,co2a0000375,0.05078125
7215,8,PO1,14,2.207,a,S1 obj,28,co2a0000375,0.0546875
7216,8,PO1,15,7.09,a,S1 obj,28,co2a0000375,0.05859375
7217,8,PO1,16,9.532,a,S1 obj,28,co2a0000375,0.0625
7218,8,PO1,17,9.043,a,S1 obj,28,co2a0000375,0.06640625
7219,8,PO1,18,7.579,a,S1 obj,28,co2a0000375,0.0703125
7220,8,PO1,19,6.114,a,S1 obj,28,co2a0000375,0.07421875
7221,8,PO1,20,6.602,a,S1 obj,28,co2a0000375,0.078125
7222,8,PO1,21,9.043,a,S1 obj,28,co2a0000375,0.08203125
7223,8,PO1,22,10.508,a,S1 obj,28,co2a0000375,0.0859375
7224,8,PO1,23,10.508,a,S1 obj,28,co2a0000375,0.08984375
7225,8,PO1,24,8.555,a,S1 obj,28,co2a0000375,0.09375
7226,8,PO1,25,6.114,a,S1 obj,28,co2a0000375,0.09765625
7227,8,PO1,26,4.161,a,S1 obj,28,co2a0000375,0.1015625
7228,8,PO1,27,2.696,a,S1 obj,28,co2a0000375,0.10546875
7229,8,PO1,28,2.696,a,S1 obj,28,co2a0000375,0.109375
7230,8,PO1,29,2.696,a,S1 obj,28,co2a0000375,0.11328125
7231,8,PO1,30,3.184,a,S1 obj,28,co2a0000375,0.1171875
7232,8,PO1,31,4.161,a,S1 obj,28,co2a0000375,0.12109375
7233,8,PO1,32,4.161,a,S1 obj,28,co2a0000375,0.125
7234,8,PO1,33,4.161,a,S1 obj,28,co2a0000375,0.12890625
7235,8,PO1,34,3.672,a,S1 obj,28,co2a0000375,0.1328125
7236,8,PO1,35,2.696,a,S1 obj,28,co2a0000375,0.13671875
7237,8,PO1,36,1.719,a,S1 obj,28,co2a0000375,0.140625
7238,8,PO1,37,0.743,a,S1 obj,28,co2a0000375,0.14453125
7239,8,PO1,38,1.231,a,S1 obj,28,co2a0000375,0.1484375
7240,8,PO1,39,1.719,a,S1 obj,28,co2a0000375,0.15234375
7241,8,PO1,40,2.696,a,S1 obj,28,co2a0000375,0.15625
7242,8,PO1,41,3.672,a,S1 obj,28,co2a0000375,0.16015625
7243,8,PO1,42,3.672,a,S1 obj,28,co2a0000375,0.1640625
7244,8,PO1,43,3.184,a,S1 obj,28,co2a0000375,0.16796875
7245,8,PO1,44,2.696,a,S1 obj,28,co2a0000375,0.171875
7246,8,PO1,45,2.696,a,S1 obj,28,co2a0000375,0.17578125
7247,8,PO1,46,2.207,a,S1 obj,28,co2a0000375,0.1796875
7248,8,PO1,47,2.207,a,S1 obj,28,co2a0000375,0.18359375
7249,8,PO1,48,1.719,a,S1 obj,28,co2a0000375,0.1875
7250,8,PO1,49,1.231,a,S1 obj,28,co2a0000375,0.19140625
7251,8,PO1,50,1.231,a,S1 obj,28,co2a0000375,0.1953125
7252,8,PO1,51,0.743,a,S1 obj,28,co2a0000375,0.19921875
7253,8,PO1,52,0.254,a,S1 obj,28,co2a0000375,0.203125
7254,8,PO1,53,-1.699,a,S1 obj,28,co2a0000375,0.20703125
7255,8,PO1,54,-4.628,a,S1 obj,28,co2a0000375,0.2109375
7256,8,PO1,55,-6.582,a,S1 obj,28,co2a0000375,0.21484375
7257,8,PO1,56,-6.093,a,S1 obj,28,co2a0000375,0.21875
7258,8,PO1,57,-4.14,a,S1 obj,28,co2a0000375,0.22265625
7259,8,PO1,58,-0.722,a,S1 obj,28,co2a0000375,0.2265625
7260,8,PO1,59,1.719,a,S1 obj,28,co2a0000375,0.23046875
7261,8,PO1,60,2.696,a,S1 obj,28,co2a0000375,0.234375
7262,8,PO1,61,3.184,a,S1 obj,28,co2a0000375,0.23828125
7263,8,PO1,62,3.672,a,S1 obj,28,co2a0000375,0.2421875
7264,8,PO1,63,6.114,a,S1 obj,28,co2a0000375,0.24609375
7265,8,PO1,64,9.043,a,S1 obj,28,co2a0000375,0.25
7266,8,PO1,65,10.997,a,S1 obj,28,co2a0000375,0.25390625
7267,8,PO1,66,10.508,a,S1 obj,28,co2a0000375,0.2578125
7268,8,PO1,67,8.555,a,S1 obj,28,co2a0000375,0.26171875
7269,8,PO1,68,6.602,a,S1 obj,28,co2a0000375,0.265625
7270,8,PO1,69,6.114,a,S1 obj,28,co2a0000375,0.26953125
7271,8,PO1,70,6.602,a,S1 obj,28,co2a0000375,0.2734375
7272,8,PO1,71,7.579,a,S1 obj,28,co2a0000375,0.27734375
7273,8,PO1,72,7.09,a,S1 obj,28,co2a0000375,0.28125
7274,8,PO1,73,6.114,a,S1 obj,28,co2a0000375,0.28515625
7275,8,PO1,74,5.137,a,S1 obj,28,co2a0000375,0.2890625
7276,8,PO1,75,4.649,a,S1 obj,28,co2a0000375,0.29296875
7277,8,PO1,76,4.649,a,S1 obj,28,co2a0000375,0.296875
7278,8,PO1,77,4.649,a,S1 obj,28,co2a0000375,0.30078125
7279,8,PO1,78,4.649,a,S1 obj,28,co2a0000375,0.3046875
7280,8,PO1,79,4.161,a,S1 obj,28,co2a0000375,0.30859375
7281,8,PO1,80,4.161,a,S1 obj,28,co2a0000375,0.3125
7282,8,PO1,81,5.625,a,S1 obj,28,co2a0000375,0.31640625
7283,8,PO1,82,7.579,a,S1 obj,28,co2a0000375,0.3203125
7284,8,PO1,83,9.043,a,S1 obj,28,co2a0000375,0.32421875
7285,8,PO1,84,10.02,a,S1 obj,28,co2a0000375,0.328125
7286,8,PO1,85,10.508,a,S1 obj,28,co2a0000375,0.33203125
7287,8,PO1,86,10.997,a,S1 obj,28,co2a0000375,0.3359375
7288,8,PO1,87,11.973,a,S1 obj,28,co2a0000375,0.33984375
7289,8,PO1,88,12.95,a,S1 obj,28,co2a0000375,0.34375
7290,8,PO1,89,13.438,a,S1 obj,28,co2a0000375,0.34765625
7291,8,PO1,90,11.973,a,S1 obj,28,co2a0000375,0.3515625
7292,8,PO1,91,10.508,a,S1 obj,28,co2a0000375,0.35546875
7293,8,PO1,92,8.067,a,S1 obj,28,co2a0000375,0.359375
7294,8,PO1,93,6.114,a,S1 obj,28,co2a0000375,0.36328125
7295,8,PO1,94,4.649,a,S1 obj,28,co2a0000375,0.3671875
7296,8,PO1,95,3.184,a,S1 obj,28,co2a0000375,0.37109375
7297,8,PO1,96,2.207,a,S1 obj,28,co2a0000375,0.375
7298,8,PO1,97,1.719,a,S1 obj,28,co2a0000375,0.37890625
7299,8,PO1,98,1.719,a,S1 obj,28,co2a0000375,0.3828125
7300,8,PO1,99,2.696,a,S1 obj,28,co2a0000375,0.38671875
7301,8,PO1,100,3.184,a,S1 obj,28,co2a0000375,0.390625
7302,8,PO1,101,2.696,a,S1 obj,28,co2a0000375,0.39453125
7303,8,PO1,102,1.231,a,S1 obj,28,co2a0000375,0.3984375
7304,8,PO1,103,0.743,a,S1 obj,28,co2a0000375,0.40234375
7305,8,PO1,104,1.719,a,S1 obj,28,co2a0000375,0.40625
7306,8,PO1,105,4.649,a,S1 obj,28,co2a0000375,0.41015625
7307,8,PO1,106,8.067,a,S1 obj,28,co2a0000375,0.4140625
7308,8,PO1,107,9.532,a,S1 obj,28,co2a0000375,0.41796875
7309,8,PO1,108,8.067,a,S1 obj,28,co2a0000375,0.421875
7310,8,PO1,109,4.161,a,S1 obj,28,co2a0000375,0.42578125
7311,8,PO1,110,-0.234,a,S1 obj,28,co2a0000375,0.4296875
7312,8,PO1,111,-2.675,a,S1 obj,28,co2a0000375,0.43359375
7313,8,PO1,112,-4.14,a,S1 obj,28,co2a0000375,0.4375
7314,8,PO1,113,-4.14,a,S1 obj,28,co2a0000375,0.44140625
7315,8,PO1,114,-5.605,a,S1 obj,28,co2a0000375,0.4453125
7316,8,PO1,115,-8.046,a,S1 obj,28,co2a0000375,0.44921875
7317,8,PO1,116,-11.464,a,S1 obj,28,co2a0000375,0.453125
7318,8,PO1,117,-13.418,a,S1 obj,28,co2a0000375,0.45703125
7319,8,PO1,118,-13.906,a,S1 obj,28,co2a0000375,0.4609375
7320,8,PO1,119,-13.906,a,S1 obj,28,co2a0000375,0.46484375
7321,8,PO1,120,-13.906,a,S1 obj,28,co2a0000375,0.46875
7322,8,PO1,121,-14.882,a,S1 obj,28,co2a0000375,0.47265625
7323,8,PO1,122,-15.371,a,S1 obj,28,co2a0000375,0.4765625
7324,8,PO1,123,-14.882,a,S1 obj,28,co2a0000375,0.48046875
7325,8,PO1,124,-11.953,a,S1 obj,28,co2a0000375,0.484375
7326,8,PO1,125,-7.07,a,S1 obj,28,co2a0000375,0.48828125
7327,8,PO1,126,-2.187,a,S1 obj,28,co2a0000375,0.4921875
7328,8,PO1,127,0.743,a,S1 obj,28,co2a0000375,0.49609375
7329,8,PO1,128,0.254,a,S1 obj,28,co2a0000375,0.5
7330,8,PO1,129,-3.164,a,S1 obj,28,co2a0000375,0.50390625
7331,8,PO1,130,-7.07,a,S1 obj,28,co2a0000375,0.5078125
7332,8,PO1,131,-10.488,a,S1 obj,28,co2a0000375,0.51171875
7333,8,PO1,132,-11.464,a,S1 obj,28,co2a0000375,0.515625
7334,8,PO1,133,-10.0,a,S1 obj,28,co2a0000375,0.51953125
7335,8,PO1,134,-9.023,a,S1 obj,28,co2a0000375,0.5234375
7336,8,PO1,135,-9.511,a,S1 obj,28,co2a0000375,0.52734375
7337,8,PO1,136,-11.953,a,S1 obj,28,co2a0000375,0.53125
7338,8,PO1,137,-14.394,a,S1 obj,28,co2a0000375,0.53515625
7339,8,PO1,138,-16.347,a,S1 obj,28,co2a0000375,0.5390625
7340,8,PO1,139,-15.859,a,S1 obj,28,co2a0000375,0.54296875
7341,8,PO1,140,-15.371,a,S1 obj,28,co2a0000375,0.546875
7342,8,PO1,141,-14.394,a,S1 obj,28,co2a0000375,0.55078125
7343,8,PO1,142,-14.394,a,S1 obj,28,co2a0000375,0.5546875
7344,8,PO1,143,-14.882,a,S1 obj,28,co2a0000375,0.55859375
7345,8,PO1,144,-14.882,a,S1 obj,28,co2a0000375,0.5625
7346,8,PO1,145,-12.929,a,S1 obj,28,co2a0000375,0.56640625
7347,8,PO1,146,-10.0,a,S1 obj,28,co2a0000375,0.5703125
7348,8,PO1,147,-6.582,a,S1 obj,28,co2a0000375,0.57421875
7349,8,PO1,148,-3.652,a,S1 obj,28,co2a0000375,0.578125
7350,8,PO1,149,-1.699,a,S1 obj,28,co2a0000375,0.58203125
7351,8,PO1,150,-1.211,a,S1 obj,28,co2a0000375,0.5859375
7352,8,PO1,151,-1.699,a,S1 obj,28,co2a0000375,0.58984375
7353,8,PO1,152,-2.675,a,S1 obj,28,co2a0000375,0.59375
7354,8,PO1,153,-4.14,a,S1 obj,28,co2a0000375,0.59765625
7355,8,PO1,154,-5.605,a,S1 obj,28,co2a0000375,0.6015625
7356,8,PO1,155,-6.582,a,S1 obj,28,co2a0000375,0.60546875
7357,8,PO1,156,-7.07,a,S1 obj,28,co2a0000375,0.609375
7358,8,PO1,157,-7.558,a,S1 obj,28,co2a0000375,0.61328125
7359,8,PO1,158,-7.07,a,S1 obj,28,co2a0000375,0.6171875
7360,8,PO1,159,-6.582,a,S1 obj,28,co2a0000375,0.62109375
7361,8,PO1,160,-6.093,a,S1 obj,28,co2a0000375,0.625
7362,8,PO1,161,-6.582,a,S1 obj,28,co2a0000375,0.62890625
7363,8,PO1,162,-7.07,a,S1 obj,28,co2a0000375,0.6328125
7364,8,PO1,163,-8.046,a,S1 obj,28,co2a0000375,0.63671875
7365,8,PO1,164,-8.535,a,S1 obj,28,co2a0000375,0.640625
7366,8,PO1,165,-9.511,a,S1 obj,28,co2a0000375,0.64453125
7367,8,PO1,166,-10.488,a,S1 obj,28,co2a0000375,0.6484375
7368,8,PO1,167,-11.464,a,S1 obj,28,co2a0000375,0.65234375
7369,8,PO1,168,-12.441,a,S1 obj,28,co2a0000375,0.65625
7370,8,PO1,169,-12.929,a,S1 obj,28,co2a0000375,0.66015625
7371,8,PO1,170,-12.441,a,S1 obj,28,co2a0000375,0.6640625
7372,8,PO1,171,-11.464,a,S1 obj,28,co2a0000375,0.66796875
7373,8,PO1,172,-10.976,a,S1 obj,28,co2a0000375,0.671875
7374,8,PO1,173,-11.953,a,S1 obj,28,co2a0000375,0.67578125
7375,8,PO1,174,-13.418,a,S1 obj,28,co2a0000375,0.6796875
7376,8,PO1,175,-14.882,a,S1 obj,28,co2a0000375,0.68359375
7377,8,PO1,176,-14.882,a,S1 obj,28,co2a0000375,0.6875
7378,8,PO1,177,-11.953,a,S1 obj,28,co2a0000375,0.69140625
7379,8,PO1,178,-8.535,a,S1 obj,28,co2a0000375,0.6953125
7380,8,PO1,179,-5.605,a,S1 obj,28,co2a0000375,0.69921875
7381,8,PO1,180,-6.582,a,S1 obj,28,co2a0000375,0.703125
7382,8,PO1,181,-10.488,a,S1 obj,28,co2a0000375,0.70703125
7383,8,PO1,182,-15.371,a,S1 obj,28,co2a0000375,0.7109375
7384,8,PO1,183,-18.789,a,S1 obj,28,co2a0000375,0.71484375
7385,8,PO1,184,-18.789,a,S1 obj,28,co2a0000375,0.71875
7386,8,PO1,185,-15.859,a,S1 obj,28,co2a0000375,0.72265625
7387,8,PO1,186,-12.929,a,S1 obj,28,co2a0000375,0.7265625
7388,8,PO1,187,-10.976,a,S1 obj,28,co2a0000375,0.73046875
7389,8,PO1,188,-10.488,a,S1 obj,28,co2a0000375,0.734375
7390,8,PO1,189,-10.976,a,S1 obj,28,co2a0000375,0.73828125
7391,8,PO1,190,-10.0,a,S1 obj,28,co2a0000375,0.7421875
7392,8,PO1,191,-8.535,a,S1 obj,28,co2a0000375,0.74609375
7393,8,PO1,192,-6.582,a,S1 obj,28,co2a0000375,0.75
7394,8,PO1,193,-6.093,a,S1 obj,28,co2a0000375,0.75390625
7395,8,PO1,194,-9.023,a,S1 obj,28,co2a0000375,0.7578125
7396,8,PO1,195,-12.441,a,S1 obj,28,co2a0000375,0.76171875
7397,8,PO1,196,-14.882,a,S1 obj,28,co2a0000375,0.765625
7398,8,PO1,197,-13.906,a,S1 obj,28,co2a0000375,0.76953125
7399,8,PO1,198,-10.0,a,S1 obj,28,co2a0000375,0.7734375
7400,8,PO1,199,-5.117,a,S1 obj,28,co2a0000375,0.77734375
7401,8,PO1,200,-2.675,a,S1 obj,28,co2a0000375,0.78125
7402,8,PO1,201,-4.14,a,S1 obj,28,co2a0000375,0.78515625
7403,8,PO1,202,-7.558,a,S1 obj,28,co2a0000375,0.7890625
7404,8,PO1,203,-11.464,a,S1 obj,28,co2a0000375,0.79296875
7405,8,PO1,204,-12.929,a,S1 obj,28,co2a0000375,0.796875
7406,8,PO1,205,-12.441,a,S1 obj,28,co2a0000375,0.80078125
7407,8,PO1,206,-11.464,a,S1 obj,28,co2a0000375,0.8046875
7408,8,PO1,207,-12.441,a,S1 obj,28,co2a0000375,0.80859375
7409,8,PO1,208,-14.882,a,S1 obj,28,co2a0000375,0.8125
7410,8,PO1,209,-16.836,a,S1 obj,28,co2a0000375,0.81640625
7411,8,PO1,210,-15.371,a,S1 obj,28,co2a0000375,0.8203125
7412,8,PO1,211,-10.976,a,S1 obj,28,co2a0000375,0.82421875
7413,8,PO1,212,-3.652,a,S1 obj,28,co2a0000375,0.828125
7414,8,PO1,213,1.231,a,S1 obj,28,co2a0000375,0.83203125
7415,8,PO1,214,1.719,a,S1 obj,28,co2a0000375,0.8359375
7416,8,PO1,215,-0.722,a,S1 obj,28,co2a0000375,0.83984375
7417,8,PO1,216,-4.14,a,S1 obj,28,co2a0000375,0.84375
7418,8,PO1,217,-4.628,a,S1 obj,28,co2a0000375,0.84765625
7419,8,PO1,218,-2.675,a,S1 obj,28,co2a0000375,0.8515625
7420,8,PO1,219,-0.234,a,S1 obj,28,co2a0000375,0.85546875
7421,8,PO1,220,-0.234,a,S1 obj,28,co2a0000375,0.859375
7422,8,PO1,221,-3.652,a,S1 obj,28,co2a0000375,0.86328125
7423,8,PO1,222,-9.023,a,S1 obj,28,co2a0000375,0.8671875
7424,8,PO1,223,-12.441,a,S1 obj,28,co2a0000375,0.87109375
7425,8,PO1,224,-12.929,a,S1 obj,28,co2a0000375,0.875
7426,8,PO1,225,-10.488,a,S1 obj,28,co2a0000375,0.87890625
7427,8,PO1,226,-8.535,a,S1 obj,28,co2a0000375,0.8828125
7428,8,PO1,227,-9.023,a,S1 obj,28,co2a0000375,0.88671875
7429,8,PO1,228,-10.0,a,S1 obj,28,co2a0000375,0.890625
7430,8,PO1,229,-10.976,a,S1 obj,28,co2a0000375,0.89453125
7431,8,PO1,230,-10.488,a,S1 obj,28,co2a0000375,0.8984375
7432,8,PO1,231,-7.558,a,S1 obj,28,co2a0000375,0.90234375
7433,8,PO1,232,-4.628,a,S1 obj,28,co2a0000375,0.90625
7434,8,PO1,233,-4.14,a,S1 obj,28,co2a0000375,0.91015625
7435,8,PO1,234,-5.117,a,S1 obj,28,co2a0000375,0.9140625
7436,8,PO1,235,-7.07,a,S1 obj,28,co2a0000375,0.91796875
7437,8,PO1,236,-9.511,a,S1 obj,28,co2a0000375,0.921875
7438,8,PO1,237,-10.976,a,S1 obj,28,co2a0000375,0.92578125
7439,8,PO1,238,-11.953,a,S1 obj,28,co2a0000375,0.9296875
7440,8,PO1,239,-12.441,a,S1 obj,28,co2a0000375,0.93359375
7441,8,PO1,240,-12.441,a,S1 obj,28,co2a0000375,0.9375
7442,8,PO1,241,-11.953,a,S1 obj,28,co2a0000375,0.94140625
7443,8,PO1,242,-10.488,a,S1 obj,28,co2a0000375,0.9453125
7444,8,PO1,243,-8.046,a,S1 obj,28,co2a0000375,0.94921875
7445,8,PO1,244,-6.093,a,S1 obj,28,co2a0000375,0.953125
7446,8,PO1,245,-6.093,a,S1 obj,28,co2a0000375,0.95703125
7447,8,PO1,246,-7.558,a,S1 obj,28,co2a0000375,0.9609375
7448,8,PO1,247,-10.488,a,S1 obj,28,co2a0000375,0.96484375
7449,8,PO1,248,-12.441,a,S1 obj,28,co2a0000375,0.96875
7450,8,PO1,249,-12.441,a,S1 obj,28,co2a0000375,0.97265625
7451,8,PO1,250,-10.0,a,S1 obj,28,co2a0000375,0.9765625
7452,8,PO1,251,-5.605,a,S1 obj,28,co2a0000375,0.98046875
7453,8,PO1,252,-1.211,a,S1 obj,28,co2a0000375,0.984375
7454,8,PO1,253,2.207,a,S1 obj,28,co2a0000375,0.98828125
7455,8,PO1,254,4.161,a,S1 obj,28,co2a0000375,0.9921875
7456,8,PO1,255,5.137,a,S1 obj,28,co2a0000375,0.99609375
7458,8,O2,0,2.513,a,S1 obj,29,co2a0000375,0.0
7459,8,O2,1,1.048,a,S1 obj,29,co2a0000375,0.00390625
7460,8,O2,2,-0.417,a,S1 obj,29,co2a0000375,0.0078125
7461,8,O2,3,-0.905,a,S1 obj,29,co2a0000375,0.01171875
7462,8,O2,4,1.048,a,S1 obj,29,co2a0000375,0.015625
7463,8,O2,5,4.466,a,S1 obj,29,co2a0000375,0.01953125
7464,8,O2,6,6.907,a,S1 obj,29,co2a0000375,0.0234375
7465,8,O2,7,7.395,a,S1 obj,29,co2a0000375,0.02734375
7466,8,O2,8,6.419,a,S1 obj,29,co2a0000375,0.03125
7467,8,O2,9,3.977,a,S1 obj,29,co2a0000375,0.03515625
7468,8,O2,10,0.071,a,S1 obj,29,co2a0000375,0.0390625
7469,8,O2,11,-3.347,a,S1 obj,29,co2a0000375,0.04296875
7470,8,O2,12,-5.788,a,S1 obj,29,co2a0000375,0.046875
7471,8,O2,13,-5.3,a,S1 obj,29,co2a0000375,0.05078125
7472,8,O2,14,-2.858,a,S1 obj,29,co2a0000375,0.0546875
7473,8,O2,15,1.048,a,S1 obj,29,co2a0000375,0.05859375
7474,8,O2,16,3.977,a,S1 obj,29,co2a0000375,0.0625
7475,8,O2,17,5.442,a,S1 obj,29,co2a0000375,0.06640625
7476,8,O2,18,5.442,a,S1 obj,29,co2a0000375,0.0703125
7477,8,O2,19,4.954,a,S1 obj,29,co2a0000375,0.07421875
7478,8,O2,20,5.442,a,S1 obj,29,co2a0000375,0.078125
7479,8,O2,21,6.907,a,S1 obj,29,co2a0000375,0.08203125
7480,8,O2,22,8.372,a,S1 obj,29,co2a0000375,0.0859375
7481,8,O2,23,9.349,a,S1 obj,29,co2a0000375,0.08984375
7482,8,O2,24,9.349,a,S1 obj,29,co2a0000375,0.09375
7483,8,O2,25,7.395,a,S1 obj,29,co2a0000375,0.09765625
7484,8,O2,26,4.954,a,S1 obj,29,co2a0000375,0.1015625
7485,8,O2,27,3.001,a,S1 obj,29,co2a0000375,0.10546875
7486,8,O2,28,3.001,a,S1 obj,29,co2a0000375,0.109375
7487,8,O2,29,3.489,a,S1 obj,29,co2a0000375,0.11328125
7488,8,O2,30,3.977,a,S1 obj,29,co2a0000375,0.1171875
7489,8,O2,31,3.489,a,S1 obj,29,co2a0000375,0.12109375
7490,8,O2,32,1.536,a,S1 obj,29,co2a0000375,0.125
7491,8,O2,33,-0.417,a,S1 obj,29,co2a0000375,0.12890625
7492,8,O2,34,-1.882,a,S1 obj,29,co2a0000375,0.1328125
7493,8,O2,35,-1.394,a,S1 obj,29,co2a0000375,0.13671875
7494,8,O2,36,-0.417,a,S1 obj,29,co2a0000375,0.140625
7495,8,O2,37,0.559,a,S1 obj,29,co2a0000375,0.14453125
7496,8,O2,38,0.559,a,S1 obj,29,co2a0000375,0.1484375
7497,8,O2,39,0.559,a,S1 obj,29,co2a0000375,0.15234375
7498,8,O2,40,0.559,a,S1 obj,29,co2a0000375,0.15625
7499,8,O2,41,1.048,a,S1 obj,29,co2a0000375,0.16015625
7500,8,O2,42,1.536,a,S1 obj,29,co2a0000375,0.1640625
7501,8,O2,43,1.048,a,S1 obj,29,co2a0000375,0.16796875
7502,8,O2,44,0.559,a,S1 obj,29,co2a0000375,0.171875
7503,8,O2,45,-0.417,a,S1 obj,29,co2a0000375,0.17578125
7504,8,O2,46,-1.394,a,S1 obj,29,co2a0000375,0.1796875
7505,8,O2,47,-1.882,a,S1 obj,29,co2a0000375,0.18359375
7506,8,O2,48,-2.37,a,S1 obj,29,co2a0000375,0.1875
7507,8,O2,49,-2.858,a,S1 obj,29,co2a0000375,0.19140625
7508,8,O2,50,-2.858,a,S1 obj,29,co2a0000375,0.1953125
7509,8,O2,51,-2.37,a,S1 obj,29,co2a0000375,0.19921875
7510,8,O2,52,-1.882,a,S1 obj,29,co2a0000375,0.203125
7511,8,O2,53,-2.858,a,S1 obj,29,co2a0000375,0.20703125
7512,8,O2,54,-3.835,a,S1 obj,29,co2a0000375,0.2109375
7513,8,O2,55,-5.3,a,S1 obj,29,co2a0000375,0.21484375
7514,8,O2,56,-4.812,a,S1 obj,29,co2a0000375,0.21875
7515,8,O2,57,-2.37,a,S1 obj,29,co2a0000375,0.22265625
7516,8,O2,58,1.048,a,S1 obj,29,co2a0000375,0.2265625
7517,8,O2,59,4.466,a,S1 obj,29,co2a0000375,0.23046875
7518,8,O2,60,5.931,a,S1 obj,29,co2a0000375,0.234375
7519,8,O2,61,6.419,a,S1 obj,29,co2a0000375,0.23828125
7520,8,O2,62,6.907,a,S1 obj,29,co2a0000375,0.2421875
7521,8,O2,63,8.372,a,S1 obj,29,co2a0000375,0.24609375
7522,8,O2,64,11.79,a,S1 obj,29,co2a0000375,0.25
7523,8,O2,65,14.72,a,S1 obj,29,co2a0000375,0.25390625
7524,8,O2,66,16.184,a,S1 obj,29,co2a0000375,0.2578125
7525,8,O2,67,15.696,a,S1 obj,29,co2a0000375,0.26171875
7526,8,O2,68,13.743,a,S1 obj,29,co2a0000375,0.265625
7527,8,O2,69,12.278,a,S1 obj,29,co2a0000375,0.26953125
7528,8,O2,70,11.302,a,S1 obj,29,co2a0000375,0.2734375
7529,8,O2,71,10.325,a,S1 obj,29,co2a0000375,0.27734375
7530,8,O2,72,8.86,a,S1 obj,29,co2a0000375,0.28125
7531,8,O2,73,6.907,a,S1 obj,29,co2a0000375,0.28515625
7532,8,O2,74,4.954,a,S1 obj,29,co2a0000375,0.2890625
7533,8,O2,75,3.489,a,S1 obj,29,co2a0000375,0.29296875
7534,8,O2,76,2.024,a,S1 obj,29,co2a0000375,0.296875
7535,8,O2,77,1.048,a,S1 obj,29,co2a0000375,0.30078125
7536,8,O2,78,0.071,a,S1 obj,29,co2a0000375,0.3046875
7537,8,O2,79,0.559,a,S1 obj,29,co2a0000375,0.30859375
7538,8,O2,80,2.024,a,S1 obj,29,co2a0000375,0.3125
7539,8,O2,81,4.466,a,S1 obj,29,co2a0000375,0.31640625
7540,8,O2,82,7.395,a,S1 obj,29,co2a0000375,0.3203125
7541,8,O2,83,8.86,a,S1 obj,29,co2a0000375,0.32421875
7542,8,O2,84,8.86,a,S1 obj,29,co2a0000375,0.328125
7543,8,O2,85,8.372,a,S1 obj,29,co2a0000375,0.33203125
7544,8,O2,86,8.372,a,S1 obj,29,co2a0000375,0.3359375
7545,8,O2,87,9.349,a,S1 obj,29,co2a0000375,0.33984375
7546,8,O2,88,9.837,a,S1 obj,29,co2a0000375,0.34375
7547,8,O2,89,9.349,a,S1 obj,29,co2a0000375,0.34765625
7548,8,O2,90,6.907,a,S1 obj,29,co2a0000375,0.3515625
7549,8,O2,91,3.489,a,S1 obj,29,co2a0000375,0.35546875
7550,8,O2,92,0.559,a,S1 obj,29,co2a0000375,0.359375
7551,8,O2,93,-1.394,a,S1 obj,29,co2a0000375,0.36328125
7552,8,O2,94,-1.882,a,S1 obj,29,co2a0000375,0.3671875
7553,8,O2,95,-1.882,a,S1 obj,29,co2a0000375,0.37109375
7554,8,O2,96,-1.394,a,S1 obj,29,co2a0000375,0.375
7555,8,O2,97,-0.905,a,S1 obj,29,co2a0000375,0.37890625
7556,8,O2,98,-0.417,a,S1 obj,29,co2a0000375,0.3828125
7557,8,O2,99,-0.417,a,S1 obj,29,co2a0000375,0.38671875
7558,8,O2,100,-0.905,a,S1 obj,29,co2a0000375,0.390625
7559,8,O2,101,-2.858,a,S1 obj,29,co2a0000375,0.39453125
7560,8,O2,102,-4.323,a,S1 obj,29,co2a0000375,0.3984375
7561,8,O2,103,-5.3,a,S1 obj,29,co2a0000375,0.40234375
7562,8,O2,104,-3.347,a,S1 obj,29,co2a0000375,0.40625
7563,8,O2,105,0.559,a,S1 obj,29,co2a0000375,0.41015625
7564,8,O2,106,4.954,a,S1 obj,29,co2a0000375,0.4140625
7565,8,O2,107,6.907,a,S1 obj,29,co2a0000375,0.41796875
7566,8,O2,108,5.442,a,S1 obj,29,co2a0000375,0.421875
7567,8,O2,109,2.024,a,S1 obj,29,co2a0000375,0.42578125
7568,8,O2,110,-1.882,a,S1 obj,29,co2a0000375,0.4296875
7569,8,O2,111,-4.323,a,S1 obj,29,co2a0000375,0.43359375
7570,8,O2,112,-6.276,a,S1 obj,29,co2a0000375,0.4375
7571,8,O2,113,-7.741,a,S1 obj,29,co2a0000375,0.44140625
7572,8,O2,114,-9.694,a,S1 obj,29,co2a0000375,0.4453125
7573,8,O2,115,-12.136,a,S1 obj,29,co2a0000375,0.44921875
7574,8,O2,116,-14.577,a,S1 obj,29,co2a0000375,0.453125
7575,8,O2,117,-16.53,a,S1 obj,29,co2a0000375,0.45703125
7576,8,O2,118,-18.972,a,S1 obj,29,co2a0000375,0.4609375
7577,8,O2,119,-21.901,a,S1 obj,29,co2a0000375,0.46484375
7578,8,O2,120,-23.855,a,S1 obj,29,co2a0000375,0.46875
7579,8,O2,121,-24.831,a,S1 obj,29,co2a0000375,0.47265625
7580,8,O2,122,-22.878,a,S1 obj,29,co2a0000375,0.4765625
7581,8,O2,123,-18.483,a,S1 obj,29,co2a0000375,0.48046875
7582,8,O2,124,-12.624,a,S1 obj,29,co2a0000375,0.484375
7583,8,O2,125,-7.741,a,S1 obj,29,co2a0000375,0.48828125
7584,8,O2,126,-5.3,a,S1 obj,29,co2a0000375,0.4921875
7585,8,O2,127,-5.788,a,S1 obj,29,co2a0000375,0.49609375
7586,8,O2,128,-7.741,a,S1 obj,29,co2a0000375,0.5
7587,8,O2,129,-9.694,a,S1 obj,29,co2a0000375,0.50390625
7588,8,O2,130,-11.648,a,S1 obj,29,co2a0000375,0.5078125
7589,8,O2,131,-12.624,a,S1 obj,29,co2a0000375,0.51171875
7590,8,O2,132,-13.601,a,S1 obj,29,co2a0000375,0.515625
7591,8,O2,133,-14.577,a,S1 obj,29,co2a0000375,0.51953125
7592,8,O2,134,-15.554,a,S1 obj,29,co2a0000375,0.5234375
7593,8,O2,135,-16.53,a,S1 obj,29,co2a0000375,0.52734375
7594,8,O2,136,-17.019,a,S1 obj,29,co2a0000375,0.53125
7595,8,O2,137,-17.507,a,S1 obj,29,co2a0000375,0.53515625
7596,8,O2,138,-17.995,a,S1 obj,29,co2a0000375,0.5390625
7597,8,O2,139,-18.483,a,S1 obj,29,co2a0000375,0.54296875
7598,8,O2,140,-18.972,a,S1 obj,29,co2a0000375,0.546875
7599,8,O2,141,-18.972,a,S1 obj,29,co2a0000375,0.55078125
7600,8,O2,142,-18.483,a,S1 obj,29,co2a0000375,0.5546875
7601,8,O2,143,-17.995,a,S1 obj,29,co2a0000375,0.55859375
7602,8,O2,144,-16.53,a,S1 obj,29,co2a0000375,0.5625
7603,8,O2,145,-14.577,a,S1 obj,29,co2a0000375,0.56640625
7604,8,O2,146,-12.136,a,S1 obj,29,co2a0000375,0.5703125
7605,8,O2,147,-8.718,a,S1 obj,29,co2a0000375,0.57421875
7606,8,O2,148,-5.788,a,S1 obj,29,co2a0000375,0.578125
7607,8,O2,149,-4.812,a,S1 obj,29,co2a0000375,0.58203125
7608,8,O2,150,-4.812,a,S1 obj,29,co2a0000375,0.5859375
7609,8,O2,151,-6.765,a,S1 obj,29,co2a0000375,0.58984375
7610,8,O2,152,-9.206,a,S1 obj,29,co2a0000375,0.59375
7611,8,O2,153,-10.671,a,S1 obj,29,co2a0000375,0.59765625
7612,8,O2,154,-11.159,a,S1 obj,29,co2a0000375,0.6015625
7613,8,O2,155,-10.183,a,S1 obj,29,co2a0000375,0.60546875
7614,8,O2,156,-9.694,a,S1 obj,29,co2a0000375,0.609375
7615,8,O2,157,-9.694,a,S1 obj,29,co2a0000375,0.61328125
7616,8,O2,158,-10.671,a,S1 obj,29,co2a0000375,0.6171875
7617,8,O2,159,-12.136,a,S1 obj,29,co2a0000375,0.62109375
7618,8,O2,160,-14.089,a,S1 obj,29,co2a0000375,0.625
7619,8,O2,161,-15.066,a,S1 obj,29,co2a0000375,0.62890625
7620,8,O2,162,-15.066,a,S1 obj,29,co2a0000375,0.6328125
7621,8,O2,163,-14.089,a,S1 obj,29,co2a0000375,0.63671875
7622,8,O2,164,-14.089,a,S1 obj,29,co2a0000375,0.640625
7623,8,O2,165,-15.554,a,S1 obj,29,co2a0000375,0.64453125
7624,8,O2,166,-17.507,a,S1 obj,29,co2a0000375,0.6484375
7625,8,O2,167,-18.972,a,S1 obj,29,co2a0000375,0.65234375
7626,8,O2,168,-18.972,a,S1 obj,29,co2a0000375,0.65625
7627,8,O2,169,-17.507,a,S1 obj,29,co2a0000375,0.66015625
7628,8,O2,170,-15.066,a,S1 obj,29,co2a0000375,0.6640625
7629,8,O2,171,-14.089,a,S1 obj,29,co2a0000375,0.66796875
7630,8,O2,172,-15.066,a,S1 obj,29,co2a0000375,0.671875
7631,8,O2,173,-17.995,a,S1 obj,29,co2a0000375,0.67578125
7632,8,O2,174,-20.925,a,S1 obj,29,co2a0000375,0.6796875
7633,8,O2,175,-22.39,a,S1 obj,29,co2a0000375,0.68359375
7634,8,O2,176,-20.437,a,S1 obj,29,co2a0000375,0.6875
7635,8,O2,177,-17.019,a,S1 obj,29,co2a0000375,0.69140625
7636,8,O2,178,-14.577,a,S1 obj,29,co2a0000375,0.6953125
7637,8,O2,179,-13.112,a,S1 obj,29,co2a0000375,0.69921875
7638,8,O2,180,-13.601,a,S1 obj,29,co2a0000375,0.703125
7639,8,O2,181,-15.554,a,S1 obj,29,co2a0000375,0.70703125
7640,8,O2,182,-17.019,a,S1 obj,29,co2a0000375,0.7109375
7641,8,O2,183,-17.507,a,S1 obj,29,co2a0000375,0.71484375
7642,8,O2,184,-17.507,a,S1 obj,29,co2a0000375,0.71875
7643,8,O2,185,-17.019,a,S1 obj,29,co2a0000375,0.72265625
7644,8,O2,186,-17.019,a,S1 obj,29,co2a0000375,0.7265625
7645,8,O2,187,-16.53,a,S1 obj,29,co2a0000375,0.73046875
7646,8,O2,188,-15.554,a,S1 obj,29,co2a0000375,0.734375
7647,8,O2,189,-13.112,a,S1 obj,29,co2a0000375,0.73828125
7648,8,O2,190,-9.694,a,S1 obj,29,co2a0000375,0.7421875
7649,8,O2,191,-6.276,a,S1 obj,29,co2a0000375,0.74609375
7650,8,O2,192,-3.835,a,S1 obj,29,co2a0000375,0.75
7651,8,O2,193,-3.835,a,S1 obj,29,co2a0000375,0.75390625
7652,8,O2,194,-7.253,a,S1 obj,29,co2a0000375,0.7578125
7653,8,O2,195,-11.648,a,S1 obj,29,co2a0000375,0.76171875
7654,8,O2,196,-15.066,a,S1 obj,29,co2a0000375,0.765625
7655,8,O2,197,-15.554,a,S1 obj,29,co2a0000375,0.76953125
7656,8,O2,198,-13.601,a,S1 obj,29,co2a0000375,0.7734375
7657,8,O2,199,-10.183,a,S1 obj,29,co2a0000375,0.77734375
7658,8,O2,200,-8.23,a,S1 obj,29,co2a0000375,0.78125
7659,8,O2,201,-8.23,a,S1 obj,29,co2a0000375,0.78515625
7660,8,O2,202,-9.694,a,S1 obj,29,co2a0000375,0.7890625
7661,8,O2,203,-10.671,a,S1 obj,29,co2a0000375,0.79296875
7662,8,O2,204,-10.183,a,S1 obj,29,co2a0000375,0.796875
7663,8,O2,205,-9.694,a,S1 obj,29,co2a0000375,0.80078125
7664,8,O2,206,-11.159,a,S1 obj,29,co2a0000375,0.8046875
7665,8,O2,207,-14.089,a,S1 obj,29,co2a0000375,0.80859375
7666,8,O2,208,-17.507,a,S1 obj,29,co2a0000375,0.8125
7667,8,O2,209,-17.995,a,S1 obj,29,co2a0000375,0.81640625
7668,8,O2,210,-15.066,a,S1 obj,29,co2a0000375,0.8203125
7669,8,O2,211,-8.718,a,S1 obj,29,co2a0000375,0.82421875
7670,8,O2,212,-1.394,a,S1 obj,29,co2a0000375,0.828125
7671,8,O2,213,3.001,a,S1 obj,29,co2a0000375,0.83203125
7672,8,O2,214,3.977,a,S1 obj,29,co2a0000375,0.8359375
7673,8,O2,215,2.513,a,S1 obj,29,co2a0000375,0.83984375
7674,8,O2,216,1.048,a,S1 obj,29,co2a0000375,0.84375
7675,8,O2,217,1.048,a,S1 obj,29,co2a0000375,0.84765625
7676,8,O2,218,2.513,a,S1 obj,29,co2a0000375,0.8515625
7677,8,O2,219,3.977,a,S1 obj,29,co2a0000375,0.85546875
7678,8,O2,220,2.513,a,S1 obj,29,co2a0000375,0.859375
7679,8,O2,221,-0.417,a,S1 obj,29,co2a0000375,0.86328125
7680,8,O2,222,-4.323,a,S1 obj,29,co2a0000375,0.8671875
7681,8,O2,223,-6.765,a,S1 obj,29,co2a0000375,0.87109375
7682,8,O2,224,-7.741,a,S1 obj,29,co2a0000375,0.875
7683,8,O2,225,-8.23,a,S1 obj,29,co2a0000375,0.87890625
7684,8,O2,226,-8.718,a,S1 obj,29,co2a0000375,0.8828125
7685,8,O2,227,-9.694,a,S1 obj,29,co2a0000375,0.88671875
7686,8,O2,228,-10.671,a,S1 obj,29,co2a0000375,0.890625
7687,8,O2,229,-10.671,a,S1 obj,29,co2a0000375,0.89453125
7688,8,O2,230,-9.206,a,S1 obj,29,co2a0000375,0.8984375
7689,8,O2,231,-7.253,a,S1 obj,29,co2a0000375,0.90234375
7690,8,O2,232,-5.788,a,S1 obj,29,co2a0000375,0.90625
7691,8,O2,233,-5.3,a,S1 obj,29,co2a0000375,0.91015625
7692,8,O2,234,-6.276,a,S1 obj,29,co2a0000375,0.9140625
7693,8,O2,235,-8.23,a,S1 obj,29,co2a0000375,0.91796875
7694,8,O2,236,-11.159,a,S1 obj,29,co2a0000375,0.921875
7695,8,O2,237,-13.112,a,S1 obj,29,co2a0000375,0.92578125
7696,8,O2,238,-14.577,a,S1 obj,29,co2a0000375,0.9296875
7697,8,O2,239,-13.601,a,S1 obj,29,co2a0000375,0.93359375
7698,8,O2,240,-11.159,a,S1 obj,29,co2a0000375,0.9375
7699,8,O2,241,-8.23,a,S1 obj,29,co2a0000375,0.94140625
7700,8,O2,242,-6.276,a,S1 obj,29,co2a0000375,0.9453125
7701,8,O2,243,-5.788,a,S1 obj,29,co2a0000375,0.94921875
7702,8,O2,244,-6.765,a,S1 obj,29,co2a0000375,0.953125
7703,8,O2,245,-8.23,a,S1 obj,29,co2a0000375,0.95703125
7704,8,O2,246,-10.183,a,S1 obj,29,co2a0000375,0.9609375
7705,8,O2,247,-12.136,a,S1 obj,29,co2a0000375,0.96484375
7706,8,O2,248,-13.601,a,S1 obj,29,co2a0000375,0.96875
7707,8,O2,249,-13.601,a,S1 obj,29,co2a0000375,0.97265625
7708,8,O2,250,-11.648,a,S1 obj,29,co2a0000375,0.9765625
7709,8,O2,251,-6.765,a,S1 obj,29,co2a0000375,0.98046875
7710,8,O2,252,-1.394,a,S1 obj,29,co2a0000375,0.984375
7711,8,O2,253,4.466,a,S1 obj,29,co2a0000375,0.98828125
7712,8,O2,254,7.884,a,S1 obj,29,co2a0000375,0.9921875
7713,8,O2,255,9.349,a,S1 obj,29,co2a0000375,0.99609375
7715,8,O1,0,2.218,a,S1 obj,30,co2a0000375,0.0
7716,8,O1,1,0.753,a,S1 obj,30,co2a0000375,0.00390625
7717,8,O1,2,-0.224,a,S1 obj,30,co2a0000375,0.0078125
7718,8,O1,3,1.241,a,S1 obj,30,co2a0000375,0.01171875
7719,8,O1,4,3.682,a,S1 obj,30,co2a0000375,0.015625
7720,8,O1,5,7.1,a,S1 obj,30,co2a0000375,0.01953125
7721,8,O1,6,8.565,a,S1 obj,30,co2a0000375,0.0234375
7722,8,O1,7,7.589,a,S1 obj,30,co2a0000375,0.02734375
7723,8,O1,8,5.147,a,S1 obj,30,co2a0000375,0.03125
7724,8,O1,9,1.241,a,S1 obj,30,co2a0000375,0.03515625
7725,8,O1,10,-1.689,a,S1 obj,30,co2a0000375,0.0390625
7726,8,O1,11,-2.177,a,S1 obj,30,co2a0000375,0.04296875
7727,8,O1,12,-1.2,a,S1 obj,30,co2a0000375,0.046875
7728,8,O1,13,1.241,a,S1 obj,30,co2a0000375,0.05078125
7729,8,O1,14,3.682,a,S1 obj,30,co2a0000375,0.0546875
7730,8,O1,15,5.147,a,S1 obj,30,co2a0000375,0.05859375
7731,8,O1,16,5.636,a,S1 obj,30,co2a0000375,0.0625
7732,8,O1,17,5.636,a,S1 obj,30,co2a0000375,0.06640625
7733,8,O1,18,6.124,a,S1 obj,30,co2a0000375,0.0703125
7734,8,O1,19,7.1,a,S1 obj,30,co2a0000375,0.07421875
7735,8,O1,20,8.565,a,S1 obj,30,co2a0000375,0.078125
7736,8,O1,21,9.054,a,S1 obj,30,co2a0000375,0.08203125
7737,8,O1,22,9.054,a,S1 obj,30,co2a0000375,0.0859375
7738,8,O1,23,8.077,a,S1 obj,30,co2a0000375,0.08984375
7739,8,O1,24,7.589,a,S1 obj,30,co2a0000375,0.09375
7740,8,O1,25,7.1,a,S1 obj,30,co2a0000375,0.09765625
7741,8,O1,26,6.124,a,S1 obj,30,co2a0000375,0.1015625
7742,8,O1,27,4.659,a,S1 obj,30,co2a0000375,0.10546875
7743,8,O1,28,3.194,a,S1 obj,30,co2a0000375,0.109375
7744,8,O1,29,1.729,a,S1 obj,30,co2a0000375,0.11328125
7745,8,O1,30,2.218,a,S1 obj,30,co2a0000375,0.1171875
7746,8,O1,31,3.682,a,S1 obj,30,co2a0000375,0.12109375
7747,8,O1,32,5.147,a,S1 obj,30,co2a0000375,0.125
7748,8,O1,33,6.124,a,S1 obj,30,co2a0000375,0.12890625
7749,8,O1,34,4.659,a,S1 obj,30,co2a0000375,0.1328125
7750,8,O1,35,0.753,a,S1 obj,30,co2a0000375,0.13671875
7751,8,O1,36,-2.665,a,S1 obj,30,co2a0000375,0.140625
7752,8,O1,37,-5.107,a,S1 obj,30,co2a0000375,0.14453125
7753,8,O1,38,-4.618,a,S1 obj,30,co2a0000375,0.1484375
7754,8,O1,39,-2.177,a,S1 obj,30,co2a0000375,0.15234375
7755,8,O1,40,0.753,a,S1 obj,30,co2a0000375,0.15625
7756,8,O1,41,2.706,a,S1 obj,30,co2a0000375,0.16015625
7757,8,O1,42,3.682,a,S1 obj,30,co2a0000375,0.1640625
7758,8,O1,43,4.171,a,S1 obj,30,co2a0000375,0.16796875
7759,8,O1,44,4.659,a,S1 obj,30,co2a0000375,0.171875
7760,8,O1,45,5.147,a,S1 obj,30,co2a0000375,0.17578125
7761,8,O1,46,5.147,a,S1 obj,30,co2a0000375,0.1796875
7762,8,O1,47,3.194,a,S1 obj,30,co2a0000375,0.18359375
7763,8,O1,48,0.264,a,S1 obj,30,co2a0000375,0.1875
7764,8,O1,49,-3.153,a,S1 obj,30,co2a0000375,0.19140625
7765,8,O1,50,-3.642,a,S1 obj,30,co2a0000375,0.1953125
7766,8,O1,51,-2.177,a,S1 obj,30,co2a0000375,0.19921875
7767,8,O1,52,0.264,a,S1 obj,30,co2a0000375,0.203125
7768,8,O1,53,1.241,a,S1 obj,30,co2a0000375,0.20703125
7769,8,O1,54,-1.2,a,S1 obj,30,co2a0000375,0.2109375
7770,8,O1,55,-5.595,a,S1 obj,30,co2a0000375,0.21484375
7771,8,O1,56,-7.06,a,S1 obj,30,co2a0000375,0.21875
7772,8,O1,57,-5.107,a,S1 obj,30,co2a0000375,0.22265625
7773,8,O1,58,-0.224,a,S1 obj,30,co2a0000375,0.2265625
7774,8,O1,59,4.659,a,S1 obj,30,co2a0000375,0.23046875
7775,8,O1,60,7.589,a,S1 obj,30,co2a0000375,0.234375
7776,8,O1,61,7.589,a,S1 obj,30,co2a0000375,0.23828125
7777,8,O1,62,7.589,a,S1 obj,30,co2a0000375,0.2421875
7778,8,O1,63,9.054,a,S1 obj,30,co2a0000375,0.24609375
7779,8,O1,64,11.983,a,S1 obj,30,co2a0000375,0.25
7780,8,O1,65,13.936,a,S1 obj,30,co2a0000375,0.25390625
7781,8,O1,66,13.448,a,S1 obj,30,co2a0000375,0.2578125
7782,8,O1,67,10.518,a,S1 obj,30,co2a0000375,0.26171875
7783,8,O1,68,7.589,a,S1 obj,30,co2a0000375,0.265625
7784,8,O1,69,6.612,a,S1 obj,30,co2a0000375,0.26953125
7785,8,O1,70,8.077,a,S1 obj,30,co2a0000375,0.2734375
7786,8,O1,71,10.03,a,S1 obj,30,co2a0000375,0.27734375
7787,8,O1,72,10.518,a,S1 obj,30,co2a0000375,0.28125
7788,8,O1,73,8.565,a,S1 obj,30,co2a0000375,0.28515625
7789,8,O1,74,6.124,a,S1 obj,30,co2a0000375,0.2890625
7790,8,O1,75,4.659,a,S1 obj,30,co2a0000375,0.29296875
7791,8,O1,76,4.171,a,S1 obj,30,co2a0000375,0.296875
7792,8,O1,77,4.659,a,S1 obj,30,co2a0000375,0.30078125
7793,8,O1,78,5.147,a,S1 obj,30,co2a0000375,0.3046875
7794,8,O1,79,4.659,a,S1 obj,30,co2a0000375,0.30859375
7795,8,O1,80,5.147,a,S1 obj,30,co2a0000375,0.3125
7796,8,O1,81,5.636,a,S1 obj,30,co2a0000375,0.31640625
7797,8,O1,82,6.612,a,S1 obj,30,co2a0000375,0.3203125
7798,8,O1,83,8.565,a,S1 obj,30,co2a0000375,0.32421875
7799,8,O1,84,9.542,a,S1 obj,30,co2a0000375,0.328125
7800,8,O1,85,10.03,a,S1 obj,30,co2a0000375,0.33203125
7801,8,O1,86,11.007,a,S1 obj,30,co2a0000375,0.3359375
7802,8,O1,87,11.495,a,S1 obj,30,co2a0000375,0.33984375
7803,8,O1,88,11.983,a,S1 obj,30,co2a0000375,0.34375
7804,8,O1,89,11.495,a,S1 obj,30,co2a0000375,0.34765625
7805,8,O1,90,10.03,a,S1 obj,30,co2a0000375,0.3515625
7806,8,O1,91,8.077,a,S1 obj,30,co2a0000375,0.35546875
7807,8,O1,92,5.147,a,S1 obj,30,co2a0000375,0.359375
7808,8,O1,93,1.729,a,S1 obj,30,co2a0000375,0.36328125
7809,8,O1,94,-0.712,a,S1 obj,30,co2a0000375,0.3671875
7810,8,O1,95,-1.2,a,S1 obj,30,co2a0000375,0.37109375
7811,8,O1,96,-0.224,a,S1 obj,30,co2a0000375,0.375
7812,8,O1,97,2.218,a,S1 obj,30,co2a0000375,0.37890625
7813,8,O1,98,5.147,a,S1 obj,30,co2a0000375,0.3828125
7814,8,O1,99,6.124,a,S1 obj,30,co2a0000375,0.38671875
7815,8,O1,100,4.659,a,S1 obj,30,co2a0000375,0.390625
7816,8,O1,101,1.241,a,S1 obj,30,co2a0000375,0.39453125
7817,8,O1,102,-2.177,a,S1 obj,30,co2a0000375,0.3984375
7818,8,O1,103,-3.642,a,S1 obj,30,co2a0000375,0.40234375
7819,8,O1,104,-1.2,a,S1 obj,30,co2a0000375,0.40625
7820,8,O1,105,3.682,a,S1 obj,30,co2a0000375,0.41015625
7821,8,O1,106,8.565,a,S1 obj,30,co2a0000375,0.4140625
7822,8,O1,107,11.007,a,S1 obj,30,co2a0000375,0.41796875
7823,8,O1,108,9.542,a,S1 obj,30,co2a0000375,0.421875
7824,8,O1,109,5.636,a,S1 obj,30,co2a0000375,0.42578125
7825,8,O1,110,0.753,a,S1 obj,30,co2a0000375,0.4296875
7826,8,O1,111,-3.153,a,S1 obj,30,co2a0000375,0.43359375
7827,8,O1,112,-5.595,a,S1 obj,30,co2a0000375,0.4375
7828,8,O1,113,-7.548,a,S1 obj,30,co2a0000375,0.44140625
7829,8,O1,114,-9.501,a,S1 obj,30,co2a0000375,0.4453125
7830,8,O1,115,-11.943,a,S1 obj,30,co2a0000375,0.44921875
7831,8,O1,116,-14.384,a,S1 obj,30,co2a0000375,0.453125
7832,8,O1,117,-16.825,a,S1 obj,30,co2a0000375,0.45703125
7833,8,O1,118,-19.267,a,S1 obj,30,co2a0000375,0.4609375
7834,8,O1,119,-21.708,a,S1 obj,30,co2a0000375,0.46484375
7835,8,O1,120,-23.661,a,S1 obj,30,co2a0000375,0.46875
7836,8,O1,121,-23.661,a,S1 obj,30,co2a0000375,0.47265625
7837,8,O1,122,-20.243,a,S1 obj,30,co2a0000375,0.4765625
7838,8,O1,123,-14.872,a,S1 obj,30,co2a0000375,0.48046875
7839,8,O1,124,-9.013,a,S1 obj,30,co2a0000375,0.484375
7840,8,O1,125,-4.13,a,S1 obj,30,co2a0000375,0.48828125
7841,8,O1,126,-1.689,a,S1 obj,30,co2a0000375,0.4921875
7842,8,O1,127,-1.689,a,S1 obj,30,co2a0000375,0.49609375
7843,8,O1,128,-3.642,a,S1 obj,30,co2a0000375,0.5
7844,8,O1,129,-7.06,a,S1 obj,30,co2a0000375,0.50390625
7845,8,O1,130,-9.501,a,S1 obj,30,co2a0000375,0.5078125
7846,8,O1,131,-10.966,a,S1 obj,30,co2a0000375,0.51171875
7847,8,O1,132,-11.454,a,S1 obj,30,co2a0000375,0.515625
7848,8,O1,133,-11.454,a,S1 obj,30,co2a0000375,0.51953125
7849,8,O1,134,-11.454,a,S1 obj,30,co2a0000375,0.5234375
7850,8,O1,135,-12.431,a,S1 obj,30,co2a0000375,0.52734375
7851,8,O1,136,-15.361,a,S1 obj,30,co2a0000375,0.53125
7852,8,O1,137,-17.802,a,S1 obj,30,co2a0000375,0.53515625
7853,8,O1,138,-19.755,a,S1 obj,30,co2a0000375,0.5390625
7854,8,O1,139,-19.755,a,S1 obj,30,co2a0000375,0.54296875
7855,8,O1,140,-18.778,a,S1 obj,30,co2a0000375,0.546875
7856,8,O1,141,-18.29,a,S1 obj,30,co2a0000375,0.55078125
7857,8,O1,142,-18.778,a,S1 obj,30,co2a0000375,0.5546875
7858,8,O1,143,-19.755,a,S1 obj,30,co2a0000375,0.55859375
7859,8,O1,144,-19.755,a,S1 obj,30,co2a0000375,0.5625
7860,8,O1,145,-17.802,a,S1 obj,30,co2a0000375,0.56640625
7861,8,O1,146,-12.919,a,S1 obj,30,co2a0000375,0.5703125
7862,8,O1,147,-8.036,a,S1 obj,30,co2a0000375,0.57421875
7863,8,O1,148,-3.642,a,S1 obj,30,co2a0000375,0.578125
7864,8,O1,149,-2.177,a,S1 obj,30,co2a0000375,0.58203125
7865,8,O1,150,-3.153,a,S1 obj,30,co2a0000375,0.5859375
7866,8,O1,151,-5.595,a,S1 obj,30,co2a0000375,0.58984375
7867,8,O1,152,-8.036,a,S1 obj,30,co2a0000375,0.59375
7868,8,O1,153,-9.989,a,S1 obj,30,co2a0000375,0.59765625
7869,8,O1,154,-10.966,a,S1 obj,30,co2a0000375,0.6015625
7870,8,O1,155,-10.478,a,S1 obj,30,co2a0000375,0.60546875
7871,8,O1,156,-9.989,a,S1 obj,30,co2a0000375,0.609375
7872,8,O1,157,-9.013,a,S1 obj,30,co2a0000375,0.61328125
7873,8,O1,158,-8.525,a,S1 obj,30,co2a0000375,0.6171875
7874,8,O1,159,-9.013,a,S1 obj,30,co2a0000375,0.62109375
7875,8,O1,160,-10.478,a,S1 obj,30,co2a0000375,0.625
7876,8,O1,161,-12.431,a,S1 obj,30,co2a0000375,0.62890625
7877,8,O1,162,-13.407,a,S1 obj,30,co2a0000375,0.6328125
7878,8,O1,163,-13.896,a,S1 obj,30,co2a0000375,0.63671875
7879,8,O1,164,-14.384,a,S1 obj,30,co2a0000375,0.640625
7880,8,O1,165,-15.361,a,S1 obj,30,co2a0000375,0.64453125
7881,8,O1,166,-16.337,a,S1 obj,30,co2a0000375,0.6484375
7882,8,O1,167,-17.802,a,S1 obj,30,co2a0000375,0.65234375
7883,8,O1,168,-18.29,a,S1 obj,30,co2a0000375,0.65625
7884,8,O1,169,-17.314,a,S1 obj,30,co2a0000375,0.66015625
7885,8,O1,170,-16.337,a,S1 obj,30,co2a0000375,0.6640625
7886,8,O1,171,-14.872,a,S1 obj,30,co2a0000375,0.66796875
7887,8,O1,172,-14.872,a,S1 obj,30,co2a0000375,0.671875
7888,8,O1,173,-15.849,a,S1 obj,30,co2a0000375,0.67578125
7889,8,O1,174,-18.29,a,S1 obj,30,co2a0000375,0.6796875
7890,8,O1,175,-20.243,a,S1 obj,30,co2a0000375,0.68359375
7891,8,O1,176,-19.755,a,S1 obj,30,co2a0000375,0.6875
7892,8,O1,177,-17.802,a,S1 obj,30,co2a0000375,0.69140625
7893,8,O1,178,-14.384,a,S1 obj,30,co2a0000375,0.6953125
7894,8,O1,179,-12.431,a,S1 obj,30,co2a0000375,0.69921875
7895,8,O1,180,-12.431,a,S1 obj,30,co2a0000375,0.703125
7896,8,O1,181,-14.872,a,S1 obj,30,co2a0000375,0.70703125
7897,8,O1,182,-17.802,a,S1 obj,30,co2a0000375,0.7109375
7898,8,O1,183,-19.267,a,S1 obj,30,co2a0000375,0.71484375
7899,8,O1,184,-19.267,a,S1 obj,30,co2a0000375,0.71875
7900,8,O1,185,-18.29,a,S1 obj,30,co2a0000375,0.72265625
7901,8,O1,186,-17.314,a,S1 obj,30,co2a0000375,0.7265625
7902,8,O1,187,-16.825,a,S1 obj,30,co2a0000375,0.73046875
7903,8,O1,188,-15.849,a,S1 obj,30,co2a0000375,0.734375
7904,8,O1,189,-14.872,a,S1 obj,30,co2a0000375,0.73828125
7905,8,O1,190,-11.943,a,S1 obj,30,co2a0000375,0.7421875
7906,8,O1,191,-9.013,a,S1 obj,30,co2a0000375,0.74609375
7907,8,O1,192,-7.06,a,S1 obj,30,co2a0000375,0.75
7908,8,O1,193,-7.06,a,S1 obj,30,co2a0000375,0.75390625
7909,8,O1,194,-10.478,a,S1 obj,30,co2a0000375,0.7578125
7910,8,O1,195,-13.896,a,S1 obj,30,co2a0000375,0.76171875
7911,8,O1,196,-16.825,a,S1 obj,30,co2a0000375,0.765625
7912,8,O1,197,-16.825,a,S1 obj,30,co2a0000375,0.76953125
7913,8,O1,198,-14.872,a,S1 obj,30,co2a0000375,0.7734375
7914,8,O1,199,-11.943,a,S1 obj,30,co2a0000375,0.77734375
7915,8,O1,200,-9.989,a,S1 obj,30,co2a0000375,0.78125
7916,8,O1,201,-10.478,a,S1 obj,30,co2a0000375,0.78515625
7917,8,O1,202,-11.454,a,S1 obj,30,co2a0000375,0.7890625
7918,8,O1,203,-11.454,a,S1 obj,30,co2a0000375,0.79296875
7919,8,O1,204,-10.478,a,S1 obj,30,co2a0000375,0.796875
7920,8,O1,205,-9.501,a,S1 obj,30,co2a0000375,0.80078125
7921,8,O1,206,-9.989,a,S1 obj,30,co2a0000375,0.8046875
7922,8,O1,207,-13.407,a,S1 obj,30,co2a0000375,0.80859375
7923,8,O1,208,-18.29,a,S1 obj,30,co2a0000375,0.8125
7924,8,O1,209,-20.243,a,S1 obj,30,co2a0000375,0.81640625
7925,8,O1,210,-17.802,a,S1 obj,30,co2a0000375,0.8203125
7926,8,O1,211,-9.989,a,S1 obj,30,co2a0000375,0.82421875
7927,8,O1,212,-1.2,a,S1 obj,30,co2a0000375,0.828125
7928,8,O1,213,5.147,a,S1 obj,30,co2a0000375,0.83203125
7929,8,O1,214,5.147,a,S1 obj,30,co2a0000375,0.8359375
7930,8,O1,215,0.753,a,S1 obj,30,co2a0000375,0.83984375
7931,8,O1,216,-3.642,a,S1 obj,30,co2a0000375,0.84375
7932,8,O1,217,-5.595,a,S1 obj,30,co2a0000375,0.84765625
7933,8,O1,218,-3.153,a,S1 obj,30,co2a0000375,0.8515625
7934,8,O1,219,1.241,a,S1 obj,30,co2a0000375,0.85546875
7935,8,O1,220,3.194,a,S1 obj,30,co2a0000375,0.859375
7936,8,O1,221,1.241,a,S1 obj,30,co2a0000375,0.86328125
7937,8,O1,222,-3.642,a,S1 obj,30,co2a0000375,0.8671875
7938,8,O1,223,-9.013,a,S1 obj,30,co2a0000375,0.87109375
7939,8,O1,224,-11.943,a,S1 obj,30,co2a0000375,0.875
7940,8,O1,225,-12.431,a,S1 obj,30,co2a0000375,0.87890625
7941,8,O1,226,-11.454,a,S1 obj,30,co2a0000375,0.8828125
7942,8,O1,227,-10.478,a,S1 obj,30,co2a0000375,0.88671875
7943,8,O1,228,-10.966,a,S1 obj,30,co2a0000375,0.890625
7944,8,O1,229,-11.454,a,S1 obj,30,co2a0000375,0.89453125
7945,8,O1,230,-11.943,a,S1 obj,30,co2a0000375,0.8984375
7946,8,O1,231,-10.966,a,S1 obj,30,co2a0000375,0.90234375
7947,8,O1,232,-9.501,a,S1 obj,30,co2a0000375,0.90625
7948,8,O1,233,-8.525,a,S1 obj,30,co2a0000375,0.91015625
7949,8,O1,234,-9.013,a,S1 obj,30,co2a0000375,0.9140625
7950,8,O1,235,-11.454,a,S1 obj,30,co2a0000375,0.91796875
7951,8,O1,236,-14.872,a,S1 obj,30,co2a0000375,0.921875
7952,8,O1,237,-17.802,a,S1 obj,30,co2a0000375,0.92578125
7953,8,O1,238,-19.267,a,S1 obj,30,co2a0000375,0.9296875
7954,8,O1,239,-17.802,a,S1 obj,30,co2a0000375,0.93359375
7955,8,O1,240,-14.384,a,S1 obj,30,co2a0000375,0.9375
7956,8,O1,241,-10.478,a,S1 obj,30,co2a0000375,0.94140625
7957,8,O1,242,-7.548,a,S1 obj,30,co2a0000375,0.9453125
7958,8,O1,243,-7.06,a,S1 obj,30,co2a0000375,0.94921875
7959,8,O1,244,-8.036,a,S1 obj,30,co2a0000375,0.953125
7960,8,O1,245,-10.478,a,S1 obj,30,co2a0000375,0.95703125
7961,8,O1,246,-12.431,a,S1 obj,30,co2a0000375,0.9609375
7962,8,O1,247,-14.384,a,S1 obj,30,co2a0000375,0.96484375
7963,8,O1,248,-14.872,a,S1 obj,30,co2a0000375,0.96875
7964,8,O1,249,-14.384,a,S1 obj,30,co2a0000375,0.97265625
7965,8,O1,250,-12.919,a,S1 obj,30,co2a0000375,0.9765625
7966,8,O1,251,-9.013,a,S1 obj,30,co2a0000375,0.98046875
7967,8,O1,252,-4.13,a,S1 obj,30,co2a0000375,0.984375
7968,8,O1,253,0.264,a,S1 obj,30,co2a0000375,0.98828125
7969,8,O1,254,3.194,a,S1 obj,30,co2a0000375,0.9921875
7970,8,O1,255,4.659,a,S1 obj,30,co2a0000375,0.99609375
7972,8,X,0,-1.79,a,S1 obj,31,co2a0000375,0.0
7973,8,X,1,-2.279,a,S1 obj,31,co2a0000375,0.00390625
7974,8,X,2,0.651,a,S1 obj,31,co2a0000375,0.0078125
7975,8,X,3,6.022,a,S1 obj,31,co2a0000375,0.01171875
7976,8,X,4,11.393,a,S1 obj,31,co2a0000375,0.015625
7977,8,X,5,14.811,a,S1 obj,31,co2a0000375,0.01953125
7978,8,X,6,14.323,a,S1 obj,31,co2a0000375,0.0234375
7979,8,X,7,11.393,a,S1 obj,31,co2a0000375,0.02734375
7980,8,X,8,7.487,a,S1 obj,31,co2a0000375,0.03125
7981,8,X,9,3.581,a,S1 obj,31,co2a0000375,0.03515625
7982,8,X,10,-0.326,a,S1 obj,31,co2a0000375,0.0390625
7983,8,X,11,-3.255,a,S1 obj,31,co2a0000375,0.04296875
7984,8,X,12,-5.697,a,S1 obj,31,co2a0000375,0.046875
7985,8,X,13,-5.697,a,S1 obj,31,co2a0000375,0.05078125
7986,8,X,14,-2.279,a,S1 obj,31,co2a0000375,0.0546875
7987,8,X,15,2.604,a,S1 obj,31,co2a0000375,0.05859375
7988,8,X,16,6.51,a,S1 obj,31,co2a0000375,0.0625
7989,8,X,17,7.975,a,S1 obj,31,co2a0000375,0.06640625
7990,8,X,18,6.51,a,S1 obj,31,co2a0000375,0.0703125
7991,8,X,19,5.046,a,S1 obj,31,co2a0000375,0.07421875
7992,8,X,20,5.534,a,S1 obj,31,co2a0000375,0.078125
7993,8,X,21,8.952,a,S1 obj,31,co2a0000375,0.08203125
7994,8,X,22,13.835,a,S1 obj,31,co2a0000375,0.0859375
7995,8,X,23,17.253,a,S1 obj,31,co2a0000375,0.08984375
7996,8,X,24,17.741,a,S1 obj,31,co2a0000375,0.09375
7997,8,X,25,15.788,a,S1 obj,31,co2a0000375,0.09765625
7998,8,X,26,13.346,a,S1 obj,31,co2a0000375,0.1015625
7999,8,X,27,11.882,a,S1 obj,31,co2a0000375,0.10546875
8000,8,X,28,11.882,a,S1 obj,31,co2a0000375,0.109375
8001,8,X,29,11.882,a,S1 obj,31,co2a0000375,0.11328125
8002,8,X,30,9.928,a,S1 obj,31,co2a0000375,0.1171875
8003,8,X,31,6.51,a,S1 obj,31,co2a0000375,0.12109375
8004,8,X,32,1.628,a,S1 obj,31,co2a0000375,0.125
8005,8,X,33,-1.79,a,S1 obj,31,co2a0000375,0.12890625
8006,8,X,34,-2.767,a,S1 obj,31,co2a0000375,0.1328125
8007,8,X,35,0.163,a,S1 obj,31,co2a0000375,0.13671875
8008,8,X,36,4.557,a,S1 obj,31,co2a0000375,0.140625
8009,8,X,37,7.975,a,S1 obj,31,co2a0000375,0.14453125
8010,8,X,38,8.952,a,S1 obj,31,co2a0000375,0.1484375
8011,8,X,39,6.999,a,S1 obj,31,co2a0000375,0.15234375
8012,8,X,40,2.604,a,S1 obj,31,co2a0000375,0.15625
8013,8,X,41,-0.814,a,S1 obj,31,co2a0000375,0.16015625
8014,8,X,42,-1.79,a,S1 obj,31,co2a0000375,0.1640625
8015,8,X,43,-0.326,a,S1 obj,31,co2a0000375,0.16796875
8016,8,X,44,2.116,a,S1 obj,31,co2a0000375,0.171875
8017,8,X,45,3.092,a,S1 obj,31,co2a0000375,0.17578125
8018,8,X,46,2.116,a,S1 obj,31,co2a0000375,0.1796875
8019,8,X,47,-1.302,a,S1 obj,31,co2a0000375,0.18359375
8020,8,X,48,-5.208,a,S1 obj,31,co2a0000375,0.1875
8021,8,X,49,-7.161,a,S1 obj,31,co2a0000375,0.19140625
8022,8,X,50,-7.161,a,S1 obj,31,co2a0000375,0.1953125
8023,8,X,51,-4.72,a,S1 obj,31,co2a0000375,0.19921875
8024,8,X,52,-1.79,a,S1 obj,31,co2a0000375,0.203125
8025,8,X,53,1.139,a,S1 obj,31,co2a0000375,0.20703125
8026,8,X,54,3.092,a,S1 obj,31,co2a0000375,0.2109375
8027,8,X,55,3.581,a,S1 obj,31,co2a0000375,0.21484375
8028,8,X,56,4.069,a,S1 obj,31,co2a0000375,0.21875
8029,8,X,57,5.534,a,S1 obj,31,co2a0000375,0.22265625
8030,8,X,58,8.464,a,S1 obj,31,co2a0000375,0.2265625
8031,8,X,59,12.37,a,S1 obj,31,co2a0000375,0.23046875
8032,8,X,60,15.788,a,S1 obj,31,co2a0000375,0.234375
8033,8,X,61,17.253,a,S1 obj,31,co2a0000375,0.23828125
8034,8,X,62,16.764,a,S1 obj,31,co2a0000375,0.2421875
8035,8,X,63,15.299,a,S1 obj,31,co2a0000375,0.24609375
8036,8,X,64,14.811,a,S1 obj,31,co2a0000375,0.25
8037,8,X,65,16.276,a,S1 obj,31,co2a0000375,0.25390625
8038,8,X,66,19.694,a,S1 obj,31,co2a0000375,0.2578125
8039,8,X,67,23.112,a,S1 obj,31,co2a0000375,0.26171875
8040,8,X,68,24.577,a,S1 obj,31,co2a0000375,0.265625
8041,8,X,69,22.624,a,S1 obj,31,co2a0000375,0.26953125
8042,8,X,70,18.717,a,S1 obj,31,co2a0000375,0.2734375
8043,8,X,71,15.299,a,S1 obj,31,co2a0000375,0.27734375
8044,8,X,72,13.835,a,S1 obj,31,co2a0000375,0.28125
8045,8,X,73,14.323,a,S1 obj,31,co2a0000375,0.28515625
8046,8,X,74,14.811,a,S1 obj,31,co2a0000375,0.2890625
8047,8,X,75,12.858,a,S1 obj,31,co2a0000375,0.29296875
8048,8,X,76,7.975,a,S1 obj,31,co2a0000375,0.296875
8049,8,X,77,4.069,a,S1 obj,31,co2a0000375,0.30078125
8050,8,X,78,3.092,a,S1 obj,31,co2a0000375,0.3046875
8051,8,X,79,6.51,a,S1 obj,31,co2a0000375,0.30859375
8052,8,X,80,13.346,a,S1 obj,31,co2a0000375,0.3125
8053,8,X,81,20.182,a,S1 obj,31,co2a0000375,0.31640625
8054,8,X,82,23.112,a,S1 obj,31,co2a0000375,0.3203125
8055,8,X,83,21.159,a,S1 obj,31,co2a0000375,0.32421875
8056,8,X,84,16.764,a,S1 obj,31,co2a0000375,0.328125
8057,8,X,85,12.858,a,S1 obj,31,co2a0000375,0.33203125
8058,8,X,86,11.393,a,S1 obj,31,co2a0000375,0.3359375
8059,8,X,87,12.37,a,S1 obj,31,co2a0000375,0.33984375
8060,8,X,88,13.346,a,S1 obj,31,co2a0000375,0.34375
8061,8,X,89,12.858,a,S1 obj,31,co2a0000375,0.34765625
8062,8,X,90,10.417,a,S1 obj,31,co2a0000375,0.3515625
8063,8,X,91,7.487,a,S1 obj,31,co2a0000375,0.35546875
8064,8,X,92,6.022,a,S1 obj,31,co2a0000375,0.359375
8065,8,X,93,5.534,a,S1 obj,31,co2a0000375,0.36328125
8066,8,X,94,5.046,a,S1 obj,31,co2a0000375,0.3671875
8067,8,X,95,4.069,a,S1 obj,31,co2a0000375,0.37109375
8068,8,X,96,1.628,a,S1 obj,31,co2a0000375,0.375
8069,8,X,97,0.163,a,S1 obj,31,co2a0000375,0.37890625
8070,8,X,98,1.139,a,S1 obj,31,co2a0000375,0.3828125
8071,8,X,99,4.557,a,S1 obj,31,co2a0000375,0.38671875
8072,8,X,100,7.975,a,S1 obj,31,co2a0000375,0.390625
8073,8,X,101,8.464,a,S1 obj,31,co2a0000375,0.39453125
8074,8,X,102,5.534,a,S1 obj,31,co2a0000375,0.3984375
8075,8,X,103,2.604,a,S1 obj,31,co2a0000375,0.40234375
8076,8,X,104,3.092,a,S1 obj,31,co2a0000375,0.40625
8077,8,X,105,6.999,a,S1 obj,31,co2a0000375,0.41015625
8078,8,X,106,13.346,a,S1 obj,31,co2a0000375,0.4140625
8079,8,X,107,17.253,a,S1 obj,31,co2a0000375,0.41796875
8080,8,X,108,15.788,a,S1 obj,31,co2a0000375,0.421875
8081,8,X,109,10.417,a,S1 obj,31,co2a0000375,0.42578125
8082,8,X,110,4.557,a,S1 obj,31,co2a0000375,0.4296875
8083,8,X,111,0.163,a,S1 obj,31,co2a0000375,0.43359375
8084,8,X,112,-1.302,a,S1 obj,31,co2a0000375,0.4375
8085,8,X,113,-1.302,a,S1 obj,31,co2a0000375,0.44140625
8086,8,X,114,-1.302,a,S1 obj,31,co2a0000375,0.4453125
8087,8,X,115,-1.79,a,S1 obj,31,co2a0000375,0.44921875
8088,8,X,116,-1.79,a,S1 obj,31,co2a0000375,0.453125
8089,8,X,117,-0.814,a,S1 obj,31,co2a0000375,0.45703125
8090,8,X,118,0.651,a,S1 obj,31,co2a0000375,0.4609375
8091,8,X,119,0.651,a,S1 obj,31,co2a0000375,0.46484375
8092,8,X,120,-2.279,a,S1 obj,31,co2a0000375,0.46875
8093,8,X,121,-7.65,a,S1 obj,31,co2a0000375,0.47265625
8094,8,X,122,-12.533,a,S1 obj,31,co2a0000375,0.4765625
8095,8,X,123,-13.997,a,S1 obj,31,co2a0000375,0.48046875
8096,8,X,124,-10.091,a,S1 obj,31,co2a0000375,0.484375
8097,8,X,125,-2.767,a,S1 obj,31,co2a0000375,0.48828125
8098,8,X,126,4.069,a,S1 obj,31,co2a0000375,0.4921875
8099,8,X,127,6.022,a,S1 obj,31,co2a0000375,0.49609375
8100,8,X,128,4.069,a,S1 obj,31,co2a0000375,0.5
8101,8,X,129,-0.326,a,S1 obj,31,co2a0000375,0.50390625
8102,8,X,130,-2.767,a,S1 obj,31,co2a0000375,0.5078125
8103,8,X,131,-2.767,a,S1 obj,31,co2a0000375,0.51171875
8104,8,X,132,-0.814,a,S1 obj,31,co2a0000375,0.515625
8105,8,X,133,-0.326,a,S1 obj,31,co2a0000375,0.51953125
8106,8,X,134,-2.767,a,S1 obj,31,co2a0000375,0.5234375
8107,8,X,135,-6.673,a,S1 obj,31,co2a0000375,0.52734375
8108,8,X,136,-9.603,a,S1 obj,31,co2a0000375,0.53125
8109,8,X,137,-10.091,a,S1 obj,31,co2a0000375,0.53515625
8110,8,X,138,-8.138,a,S1 obj,31,co2a0000375,0.5390625
8111,8,X,139,-4.72,a,S1 obj,31,co2a0000375,0.54296875
8112,8,X,140,-1.79,a,S1 obj,31,co2a0000375,0.546875
8113,8,X,141,-1.302,a,S1 obj,31,co2a0000375,0.55078125
8114,8,X,142,-2.279,a,S1 obj,31,co2a0000375,0.5546875
8115,8,X,143,-2.279,a,S1 obj,31,co2a0000375,0.55859375
8116,8,X,144,0.163,a,S1 obj,31,co2a0000375,0.5625
8117,8,X,145,6.999,a,S1 obj,31,co2a0000375,0.56640625
8118,8,X,146,15.788,a,S1 obj,31,co2a0000375,0.5703125
8119,8,X,147,24.577,a,S1 obj,31,co2a0000375,0.57421875
8120,8,X,148,30.924,a,S1 obj,31,co2a0000375,0.578125
8121,8,X,149,32.389,a,S1 obj,31,co2a0000375,0.58203125
8122,8,X,150,28.971,a,S1 obj,31,co2a0000375,0.5859375
8123,8,X,151,23.6,a,S1 obj,31,co2a0000375,0.58984375
8124,8,X,152,19.206,a,S1 obj,31,co2a0000375,0.59375
8125,8,X,153,17.741,a,S1 obj,31,co2a0000375,0.59765625
8126,8,X,154,18.717,a,S1 obj,31,co2a0000375,0.6015625
8127,8,X,155,20.182,a,S1 obj,31,co2a0000375,0.60546875
8128,8,X,156,20.671,a,S1 obj,31,co2a0000375,0.609375
8129,8,X,157,20.671,a,S1 obj,31,co2a0000375,0.61328125
8130,8,X,158,20.182,a,S1 obj,31,co2a0000375,0.6171875
8131,8,X,159,19.694,a,S1 obj,31,co2a0000375,0.62109375
8132,8,X,160,19.206,a,S1 obj,31,co2a0000375,0.625
8133,8,X,161,18.717,a,S1 obj,31,co2a0000375,0.62890625
8134,8,X,162,19.694,a,S1 obj,31,co2a0000375,0.6328125
8135,8,X,163,22.135,a,S1 obj,31,co2a0000375,0.63671875
8136,8,X,164,25.553,a,S1 obj,31,co2a0000375,0.640625
8137,8,X,165,30.436,a,S1 obj,31,co2a0000375,0.64453125
8138,8,X,166,34.342,a,S1 obj,31,co2a0000375,0.6484375
8139,8,X,167,36.784,a,S1 obj,31,co2a0000375,0.65234375
8140,8,X,168,38.737,a,S1 obj,31,co2a0000375,0.65625
8141,8,X,169,41.178,a,S1 obj,31,co2a0000375,0.66015625
8142,8,X,170,44.596,a,S1 obj,31,co2a0000375,0.6640625
8143,8,X,171,47.038,a,S1 obj,31,co2a0000375,0.66796875
8144,8,X,172,47.038,a,S1 obj,31,co2a0000375,0.671875
8145,8,X,173,44.596,a,S1 obj,31,co2a0000375,0.67578125
8146,8,X,174,41.667,a,S1 obj,31,co2a0000375,0.6796875
8147,8,X,175,40.202,a,S1 obj,31,co2a0000375,0.68359375
8148,8,X,176,41.667,a,S1 obj,31,co2a0000375,0.6875
8149,8,X,177,45.573,a,S1 obj,31,co2a0000375,0.69140625
8150,8,X,178,49.479,a,S1 obj,31,co2a0000375,0.6953125
8151,8,X,179,50.944,a,S1 obj,31,co2a0000375,0.69921875
8152,8,X,180,50.944,a,S1 obj,31,co2a0000375,0.703125
8153,8,X,181,50.944,a,S1 obj,31,co2a0000375,0.70703125
8154,8,X,182,51.921,a,S1 obj,31,co2a0000375,0.7109375
8155,8,X,183,54.362,a,S1 obj,31,co2a0000375,0.71484375
8156,8,X,184,57.292,a,S1 obj,31,co2a0000375,0.71875
8157,8,X,185,59.245,a,S1 obj,31,co2a0000375,0.72265625
8158,8,X,186,59.733,a,S1 obj,31,co2a0000375,0.7265625
8159,8,X,187,59.245,a,S1 obj,31,co2a0000375,0.73046875
8160,8,X,188,59.245,a,S1 obj,31,co2a0000375,0.734375
8161,8,X,189,60.71,a,S1 obj,31,co2a0000375,0.73828125
8162,8,X,190,64.128,a,S1 obj,31,co2a0000375,0.7421875
8163,8,X,191,68.522,a,S1 obj,31,co2a0000375,0.74609375
8164,8,X,192,71.452,a,S1 obj,31,co2a0000375,0.75
8165,8,X,193,72.428,a,S1 obj,31,co2a0000375,0.75390625
8166,8,X,194,70.475,a,S1 obj,31,co2a0000375,0.7578125
8167,8,X,195,67.057,a,S1 obj,31,co2a0000375,0.76171875
8168,8,X,196,64.616,a,S1 obj,31,co2a0000375,0.765625
8169,8,X,197,64.616,a,S1 obj,31,co2a0000375,0.76953125
8170,8,X,198,67.546,a,S1 obj,31,co2a0000375,0.7734375
8171,8,X,199,70.964,a,S1 obj,31,co2a0000375,0.77734375
8172,8,X,200,73.893,a,S1 obj,31,co2a0000375,0.78125
8173,8,X,201,74.87,a,S1 obj,31,co2a0000375,0.78515625
8174,8,X,202,73.893,a,S1 obj,31,co2a0000375,0.7890625
8175,8,X,203,72.917,a,S1 obj,31,co2a0000375,0.79296875
8176,8,X,204,74.382,a,S1 obj,31,co2a0000375,0.796875
8177,8,X,205,77.799,a,S1 obj,31,co2a0000375,0.80078125
8178,8,X,206,81.217,a,S1 obj,31,co2a0000375,0.8046875
8179,8,X,207,83.659,a,S1 obj,31,co2a0000375,0.80859375
8180,8,X,208,82.682,a,S1 obj,31,co2a0000375,0.8125
8181,8,X,209,80.241,a,S1 obj,31,co2a0000375,0.81640625
8182,8,X,210,78.288,a,S1 obj,31,co2a0000375,0.8203125
8183,8,X,211,78.776,a,S1 obj,31,co2a0000375,0.82421875
8184,8,X,212,81.217,a,S1 obj,31,co2a0000375,0.828125
8185,8,X,213,84.147,a,S1 obj,31,co2a0000375,0.83203125
8186,8,X,214,85.612,a,S1 obj,31,co2a0000375,0.8359375
8187,8,X,215,83.659,a,S1 obj,31,co2a0000375,0.83984375
8188,8,X,216,80.241,a,S1 obj,31,co2a0000375,0.84375
8189,8,X,217,76.335,a,S1 obj,31,co2a0000375,0.84765625
8190,8,X,218,72.428,a,S1 obj,31,co2a0000375,0.8515625
8191,8,X,219,69.499,a,S1 obj,31,co2a0000375,0.85546875
8192,8,X,220,68.034,a,S1 obj,31,co2a0000375,0.859375
8193,8,X,221,67.057,a,S1 obj,31,co2a0000375,0.86328125
8194,8,X,222,67.546,a,S1 obj,31,co2a0000375,0.8671875
8195,8,X,223,67.546,a,S1 obj,31,co2a0000375,0.87109375
8196,8,X,224,65.592,a,S1 obj,31,co2a0000375,0.875
8197,8,X,225,61.686,a,S1 obj,31,co2a0000375,0.87890625
8198,8,X,226,57.292,a,S1 obj,31,co2a0000375,0.8828125
8199,8,X,227,54.85,a,S1 obj,31,co2a0000375,0.88671875
8200,8,X,228,55.827,a,S1 obj,31,co2a0000375,0.890625
8201,8,X,229,60.221,a,S1 obj,31,co2a0000375,0.89453125
8202,8,X,230,65.104,a,S1 obj,31,co2a0000375,0.8984375
8203,8,X,231,67.546,a,S1 obj,31,co2a0000375,0.90234375
8204,8,X,232,66.569,a,S1 obj,31,co2a0000375,0.90625
8205,8,X,233,63.639,a,S1 obj,31,co2a0000375,0.91015625
8206,8,X,234,59.733,a,S1 obj,31,co2a0000375,0.9140625
8207,8,X,235,56.803,a,S1 obj,31,co2a0000375,0.91796875
8208,8,X,236,54.85,a,S1 obj,31,co2a0000375,0.921875
8209,8,X,237,53.385,a,S1 obj,31,co2a0000375,0.92578125
8210,8,X,238,52.409,a,S1 obj,31,co2a0000375,0.9296875
8211,8,X,239,52.409,a,S1 obj,31,co2a0000375,0.93359375
8212,8,X,240,51.921,a,S1 obj,31,co2a0000375,0.9375
8213,8,X,241,50.456,a,S1 obj,31,co2a0000375,0.94140625
8214,8,X,242,47.038,a,S1 obj,31,co2a0000375,0.9453125
8215,8,X,243,42.155,a,S1 obj,31,co2a0000375,0.94921875
8216,8,X,244,38.737,a,S1 obj,31,co2a0000375,0.953125
8217,8,X,245,37.272,a,S1 obj,31,co2a0000375,0.95703125
8218,8,X,246,38.249,a,S1 obj,31,co2a0000375,0.9609375
8219,8,X,247,40.202,a,S1 obj,31,co2a0000375,0.96484375
8220,8,X,248,41.178,a,S1 obj,31,co2a0000375,0.96875
8221,8,X,249,41.178,a,S1 obj,31,co2a0000375,0.97265625
8222,8,X,250,41.667,a,S1 obj,31,co2a0000375,0.9765625
8223,8,X,251,43.62,a,S1 obj,31,co2a0000375,0.98046875
8224,8,X,252,46.061,a,S1 obj,31,co2a0000375,0.984375
8225,8,X,253,47.038,a,S1 obj,31,co2a0000375,0.98828125
8226,8,X,254,46.061,a,S1 obj,31,co2a0000375,0.9921875
8227,8,X,255,42.155,a,S1 obj,31,co2a0000375,0.99609375
8229,8,AF7,0,4.517,a,S1 obj,32,co2a0000375,0.0
8230,8,AF7,1,3.052,a,S1 obj,32,co2a0000375,0.00390625
8231,8,AF7,2,5.493,a,S1 obj,32,co2a0000375,0.0078125
8232,8,AF7,3,9.888,a,S1 obj,32,co2a0000375,0.01171875
8233,8,AF7,4,15.747,a,S1 obj,32,co2a0000375,0.015625
8234,8,AF7,5,20.142,a,S1 obj,32,co2a0000375,0.01953125
8235,8,AF7,6,22.095,a,S1 obj,32,co2a0000375,0.0234375
8236,8,AF7,7,21.118,a,S1 obj,32,co2a0000375,0.02734375
8237,8,AF7,8,18.188,a,S1 obj,32,co2a0000375,0.03125
8238,8,AF7,9,13.306,a,S1 obj,32,co2a0000375,0.03515625
8239,8,AF7,10,7.446,a,S1 obj,32,co2a0000375,0.0390625
8240,8,AF7,11,2.563,a,S1 obj,32,co2a0000375,0.04296875
8241,8,AF7,12,0.122,a,S1 obj,32,co2a0000375,0.046875
8242,8,AF7,13,0.61,a,S1 obj,32,co2a0000375,0.05078125
8243,8,AF7,14,4.028,a,S1 obj,32,co2a0000375,0.0546875
8244,8,AF7,15,7.446,a,S1 obj,32,co2a0000375,0.05859375
8245,8,AF7,16,9.888,a,S1 obj,32,co2a0000375,0.0625
8246,8,AF7,17,10.376,a,S1 obj,32,co2a0000375,0.06640625
8247,8,AF7,18,10.376,a,S1 obj,32,co2a0000375,0.0703125
8248,8,AF7,19,12.329,a,S1 obj,32,co2a0000375,0.07421875
8249,8,AF7,20,15.747,a,S1 obj,32,co2a0000375,0.078125
8250,8,AF7,21,20.142,a,S1 obj,32,co2a0000375,0.08203125
8251,8,AF7,22,22.583,a,S1 obj,32,co2a0000375,0.0859375
8252,8,AF7,23,22.583,a,S1 obj,32,co2a0000375,0.08984375
8253,8,AF7,24,20.142,a,S1 obj,32,co2a0000375,0.09375
8254,8,AF7,25,17.212,a,S1 obj,32,co2a0000375,0.09765625
8255,8,AF7,26,16.724,a,S1 obj,32,co2a0000375,0.1015625
8256,8,AF7,27,18.677,a,S1 obj,32,co2a0000375,0.10546875
8257,8,AF7,28,21.606,a,S1 obj,32,co2a0000375,0.109375
8258,8,AF7,29,22.583,a,S1 obj,32,co2a0000375,0.11328125
8259,8,AF7,30,19.165,a,S1 obj,32,co2a0000375,0.1171875
8260,8,AF7,31,12.329,a,S1 obj,32,co2a0000375,0.12109375
8261,8,AF7,32,5.493,a,S1 obj,32,co2a0000375,0.125
8262,8,AF7,33,1.587,a,S1 obj,32,co2a0000375,0.12890625
8263,8,AF7,34,1.587,a,S1 obj,32,co2a0000375,0.1328125
8264,8,AF7,35,5.981,a,S1 obj,32,co2a0000375,0.13671875
8265,8,AF7,36,10.864,a,S1 obj,32,co2a0000375,0.140625
8266,8,AF7,37,13.306,a,S1 obj,32,co2a0000375,0.14453125
8267,8,AF7,38,12.817,a,S1 obj,32,co2a0000375,0.1484375
8268,8,AF7,39,10.376,a,S1 obj,32,co2a0000375,0.15234375
8269,8,AF7,40,9.399,a,S1 obj,32,co2a0000375,0.15625
8270,8,AF7,41,10.864,a,S1 obj,32,co2a0000375,0.16015625
8271,8,AF7,42,13.794,a,S1 obj,32,co2a0000375,0.1640625
8272,8,AF7,43,16.724,a,S1 obj,32,co2a0000375,0.16796875
8273,8,AF7,44,17.212,a,S1 obj,32,co2a0000375,0.171875
8274,8,AF7,45,15.259,a,S1 obj,32,co2a0000375,0.17578125
8275,8,AF7,46,11.841,a,S1 obj,32,co2a0000375,0.1796875
8276,8,AF7,47,7.935,a,S1 obj,32,co2a0000375,0.18359375
8277,8,AF7,48,5.981,a,S1 obj,32,co2a0000375,0.1875
8278,8,AF7,49,5.981,a,S1 obj,32,co2a0000375,0.19140625
8279,8,AF7,50,7.446,a,S1 obj,32,co2a0000375,0.1953125
8280,8,AF7,51,9.399,a,S1 obj,32,co2a0000375,0.19921875
8281,8,AF7,52,10.376,a,S1 obj,32,co2a0000375,0.203125
8282,8,AF7,53,10.376,a,S1 obj,32,co2a0000375,0.20703125
8283,8,AF7,54,10.376,a,S1 obj,32,co2a0000375,0.2109375
8284,8,AF7,55,10.376,a,S1 obj,32,co2a0000375,0.21484375
8285,8,AF7,56,10.376,a,S1 obj,32,co2a0000375,0.21875
8286,8,AF7,57,11.353,a,S1 obj,32,co2a0000375,0.22265625
8287,8,AF7,58,12.817,a,S1 obj,32,co2a0000375,0.2265625
8288,8,AF7,59,14.771,a,S1 obj,32,co2a0000375,0.23046875
8289,8,AF7,60,16.724,a,S1 obj,32,co2a0000375,0.234375
8290,8,AF7,61,18.677,a,S1 obj,32,co2a0000375,0.23828125
8291,8,AF7,62,20.142,a,S1 obj,32,co2a0000375,0.2421875
8292,8,AF7,63,20.63,a,S1 obj,32,co2a0000375,0.24609375
8293,8,AF7,64,20.63,a,S1 obj,32,co2a0000375,0.25
8294,8,AF7,65,20.63,a,S1 obj,32,co2a0000375,0.25390625
8295,8,AF7,66,20.63,a,S1 obj,32,co2a0000375,0.2578125
8296,8,AF7,67,19.653,a,S1 obj,32,co2a0000375,0.26171875
8297,8,AF7,68,18.188,a,S1 obj,32,co2a0000375,0.265625
8298,8,AF7,69,16.235,a,S1 obj,32,co2a0000375,0.26953125
8299,8,AF7,70,15.259,a,S1 obj,32,co2a0000375,0.2734375
8300,8,AF7,71,14.771,a,S1 obj,32,co2a0000375,0.27734375
8301,8,AF7,72,16.235,a,S1 obj,32,co2a0000375,0.28125
8302,8,AF7,73,17.7,a,S1 obj,32,co2a0000375,0.28515625
8303,8,AF7,74,17.7,a,S1 obj,32,co2a0000375,0.2890625
8304,8,AF7,75,16.724,a,S1 obj,32,co2a0000375,0.29296875
8305,8,AF7,76,14.282,a,S1 obj,32,co2a0000375,0.296875
8306,8,AF7,77,12.329,a,S1 obj,32,co2a0000375,0.30078125
8307,8,AF7,78,11.353,a,S1 obj,32,co2a0000375,0.3046875
8308,8,AF7,79,12.329,a,S1 obj,32,co2a0000375,0.30859375
8309,8,AF7,80,14.282,a,S1 obj,32,co2a0000375,0.3125
8310,8,AF7,81,16.724,a,S1 obj,32,co2a0000375,0.31640625
8311,8,AF7,82,18.677,a,S1 obj,32,co2a0000375,0.3203125
8312,8,AF7,83,19.653,a,S1 obj,32,co2a0000375,0.32421875
8313,8,AF7,84,19.653,a,S1 obj,32,co2a0000375,0.328125
8314,8,AF7,85,19.165,a,S1 obj,32,co2a0000375,0.33203125
8315,8,AF7,86,17.7,a,S1 obj,32,co2a0000375,0.3359375
8316,8,AF7,87,15.259,a,S1 obj,32,co2a0000375,0.33984375
8317,8,AF7,88,12.817,a,S1 obj,32,co2a0000375,0.34375
8318,8,AF7,89,10.864,a,S1 obj,32,co2a0000375,0.34765625
8319,8,AF7,90,10.376,a,S1 obj,32,co2a0000375,0.3515625
8320,8,AF7,91,10.376,a,S1 obj,32,co2a0000375,0.35546875
8321,8,AF7,92,10.376,a,S1 obj,32,co2a0000375,0.359375
8322,8,AF7,93,10.376,a,S1 obj,32,co2a0000375,0.36328125
8323,8,AF7,94,8.911,a,S1 obj,32,co2a0000375,0.3671875
8324,8,AF7,95,7.446,a,S1 obj,32,co2a0000375,0.37109375
8325,8,AF7,96,6.47,a,S1 obj,32,co2a0000375,0.375
8326,8,AF7,97,5.493,a,S1 obj,32,co2a0000375,0.37890625
8327,8,AF7,98,5.493,a,S1 obj,32,co2a0000375,0.3828125
8328,8,AF7,99,5.493,a,S1 obj,32,co2a0000375,0.38671875
8329,8,AF7,100,5.493,a,S1 obj,32,co2a0000375,0.390625
8330,8,AF7,101,5.493,a,S1 obj,32,co2a0000375,0.39453125
8331,8,AF7,102,6.47,a,S1 obj,32,co2a0000375,0.3984375
8332,8,AF7,103,9.888,a,S1 obj,32,co2a0000375,0.40234375
8333,8,AF7,104,12.817,a,S1 obj,32,co2a0000375,0.40625
8334,8,AF7,105,14.771,a,S1 obj,32,co2a0000375,0.41015625
8335,8,AF7,106,14.282,a,S1 obj,32,co2a0000375,0.4140625
8336,8,AF7,107,11.841,a,S1 obj,32,co2a0000375,0.41796875
8337,8,AF7,108,7.935,a,S1 obj,32,co2a0000375,0.421875
8338,8,AF7,109,5.005,a,S1 obj,32,co2a0000375,0.42578125
8339,8,AF7,110,3.54,a,S1 obj,32,co2a0000375,0.4296875
8340,8,AF7,111,3.052,a,S1 obj,32,co2a0000375,0.43359375
8341,8,AF7,112,3.052,a,S1 obj,32,co2a0000375,0.4375
8342,8,AF7,113,2.563,a,S1 obj,32,co2a0000375,0.44140625
8343,8,AF7,114,3.052,a,S1 obj,32,co2a0000375,0.4453125
8344,8,AF7,115,3.54,a,S1 obj,32,co2a0000375,0.44921875
8345,8,AF7,116,3.54,a,S1 obj,32,co2a0000375,0.453125
8346,8,AF7,117,2.563,a,S1 obj,32,co2a0000375,0.45703125
8347,8,AF7,118,0.122,a,S1 obj,32,co2a0000375,0.4609375
8348,8,AF7,119,-2.808,a,S1 obj,32,co2a0000375,0.46484375
8349,8,AF7,120,-4.272,a,S1 obj,32,co2a0000375,0.46875
8350,8,AF7,121,-4.761,a,S1 obj,32,co2a0000375,0.47265625
8351,8,AF7,122,-4.272,a,S1 obj,32,co2a0000375,0.4765625
8352,8,AF7,123,-2.808,a,S1 obj,32,co2a0000375,0.48046875
8353,8,AF7,124,-0.366,a,S1 obj,32,co2a0000375,0.484375
8354,8,AF7,125,2.075,a,S1 obj,32,co2a0000375,0.48828125
8355,8,AF7,126,5.005,a,S1 obj,32,co2a0000375,0.4921875
8356,8,AF7,127,6.958,a,S1 obj,32,co2a0000375,0.49609375
8357,8,AF7,128,7.935,a,S1 obj,32,co2a0000375,0.5
8358,8,AF7,129,5.981,a,S1 obj,32,co2a0000375,0.50390625
8359,8,AF7,130,3.052,a,S1 obj,32,co2a0000375,0.5078125
8360,8,AF7,131,1.099,a,S1 obj,32,co2a0000375,0.51171875
8361,8,AF7,132,1.099,a,S1 obj,32,co2a0000375,0.515625
8362,8,AF7,133,2.075,a,S1 obj,32,co2a0000375,0.51953125
8363,8,AF7,134,3.052,a,S1 obj,32,co2a0000375,0.5234375
8364,8,AF7,135,1.099,a,S1 obj,32,co2a0000375,0.52734375
8365,8,AF7,136,-1.343,a,S1 obj,32,co2a0000375,0.53125
8366,8,AF7,137,-3.784,a,S1 obj,32,co2a0000375,0.53515625
8367,8,AF7,138,-3.296,a,S1 obj,32,co2a0000375,0.5390625
8368,8,AF7,139,1.099,a,S1 obj,32,co2a0000375,0.54296875
8369,8,AF7,140,5.005,a,S1 obj,32,co2a0000375,0.546875
8370,8,AF7,141,6.47,a,S1 obj,32,co2a0000375,0.55078125
8371,8,AF7,142,5.005,a,S1 obj,32,co2a0000375,0.5546875
8372,8,AF7,143,3.052,a,S1 obj,32,co2a0000375,0.55859375
8373,8,AF7,144,4.517,a,S1 obj,32,co2a0000375,0.5625
8374,8,AF7,145,10.864,a,S1 obj,32,co2a0000375,0.56640625
8375,8,AF7,146,19.653,a,S1 obj,32,co2a0000375,0.5703125
8376,8,AF7,147,26.978,a,S1 obj,32,co2a0000375,0.57421875
8377,8,AF7,148,29.419,a,S1 obj,32,co2a0000375,0.578125
8378,8,AF7,149,27.466,a,S1 obj,32,co2a0000375,0.58203125
8379,8,AF7,150,24.048,a,S1 obj,32,co2a0000375,0.5859375
8380,8,AF7,151,21.606,a,S1 obj,32,co2a0000375,0.58984375
8381,8,AF7,152,21.118,a,S1 obj,32,co2a0000375,0.59375
8382,8,AF7,153,21.118,a,S1 obj,32,co2a0000375,0.59765625
8383,8,AF7,154,21.118,a,S1 obj,32,co2a0000375,0.6015625
8384,8,AF7,155,20.142,a,S1 obj,32,co2a0000375,0.60546875
8385,8,AF7,156,19.165,a,S1 obj,32,co2a0000375,0.609375
8386,8,AF7,157,19.653,a,S1 obj,32,co2a0000375,0.61328125
8387,8,AF7,158,21.118,a,S1 obj,32,co2a0000375,0.6171875
8388,8,AF7,159,22.095,a,S1 obj,32,co2a0000375,0.62109375
8389,8,AF7,160,22.095,a,S1 obj,32,co2a0000375,0.625
8390,8,AF7,161,21.118,a,S1 obj,32,co2a0000375,0.62890625
8391,8,AF7,162,21.118,a,S1 obj,32,co2a0000375,0.6328125
8392,8,AF7,163,23.071,a,S1 obj,32,co2a0000375,0.63671875
8393,8,AF7,164,26.001,a,S1 obj,32,co2a0000375,0.640625
8394,8,AF7,165,29.907,a,S1 obj,32,co2a0000375,0.64453125
8395,8,AF7,166,32.837,a,S1 obj,32,co2a0000375,0.6484375
8396,8,AF7,167,34.79,a,S1 obj,32,co2a0000375,0.65234375
8397,8,AF7,168,37.72,a,S1 obj,32,co2a0000375,0.65625
8398,8,AF7,169,40.649,a,S1 obj,32,co2a0000375,0.66015625
8399,8,AF7,170,43.579,a,S1 obj,32,co2a0000375,0.6640625
8400,8,AF7,171,44.067,a,S1 obj,32,co2a0000375,0.66796875
8401,8,AF7,172,42.603,a,S1 obj,32,co2a0000375,0.671875
8402,8,AF7,173,39.673,a,S1 obj,32,co2a0000375,0.67578125
8403,8,AF7,174,38.208,a,S1 obj,32,co2a0000375,0.6796875
8404,8,AF7,175,39.185,a,S1 obj,32,co2a0000375,0.68359375
8405,8,AF7,176,41.626,a,S1 obj,32,co2a0000375,0.6875
8406,8,AF7,177,45.044,a,S1 obj,32,co2a0000375,0.69140625
8407,8,AF7,178,46.509,a,S1 obj,32,co2a0000375,0.6953125
8408,8,AF7,179,46.509,a,S1 obj,32,co2a0000375,0.69921875
8409,8,AF7,180,46.021,a,S1 obj,32,co2a0000375,0.703125
8410,8,AF7,181,46.021,a,S1 obj,32,co2a0000375,0.70703125
8411,8,AF7,182,46.997,a,S1 obj,32,co2a0000375,0.7109375
8412,8,AF7,183,48.95,a,S1 obj,32,co2a0000375,0.71484375
8413,8,AF7,184,50.415,a,S1 obj,32,co2a0000375,0.71875
8414,8,AF7,185,50.415,a,S1 obj,32,co2a0000375,0.72265625
8415,8,AF7,186,49.438,a,S1 obj,32,co2a0000375,0.7265625
8416,8,AF7,187,48.95,a,S1 obj,32,co2a0000375,0.73046875
8417,8,AF7,188,49.438,a,S1 obj,32,co2a0000375,0.734375
8418,8,AF7,189,52.368,a,S1 obj,32,co2a0000375,0.73828125
8419,8,AF7,190,56.274,a,S1 obj,32,co2a0000375,0.7421875
8420,8,AF7,191,61.157,a,S1 obj,32,co2a0000375,0.74609375
8421,8,AF7,192,63.599,a,S1 obj,32,co2a0000375,0.75
8422,8,AF7,193,62.134,a,S1 obj,32,co2a0000375,0.75390625
8423,8,AF7,194,58.716,a,S1 obj,32,co2a0000375,0.7578125
8424,8,AF7,195,54.321,a,S1 obj,32,co2a0000375,0.76171875
8425,8,AF7,196,52.368,a,S1 obj,32,co2a0000375,0.765625
8426,8,AF7,197,53.345,a,S1 obj,32,co2a0000375,0.76953125
8427,8,AF7,198,57.251,a,S1 obj,32,co2a0000375,0.7734375
8428,8,AF7,199,61.157,a,S1 obj,32,co2a0000375,0.77734375
8429,8,AF7,200,63.11,a,S1 obj,32,co2a0000375,0.78125
8430,8,AF7,201,63.11,a,S1 obj,32,co2a0000375,0.78515625
8431,8,AF7,202,63.11,a,S1 obj,32,co2a0000375,0.7890625
8432,8,AF7,203,64.575,a,S1 obj,32,co2a0000375,0.79296875
8433,8,AF7,204,67.017,a,S1 obj,32,co2a0000375,0.796875
8434,8,AF7,205,68.97,a,S1 obj,32,co2a0000375,0.80078125
8435,8,AF7,206,67.993,a,S1 obj,32,co2a0000375,0.8046875
8436,8,AF7,207,65.552,a,S1 obj,32,co2a0000375,0.80859375
8437,8,AF7,208,62.622,a,S1 obj,32,co2a0000375,0.8125
8438,8,AF7,209,62.134,a,S1 obj,32,co2a0000375,0.81640625
8439,8,AF7,210,64.575,a,S1 obj,32,co2a0000375,0.8203125
8440,8,AF7,211,68.481,a,S1 obj,32,co2a0000375,0.82421875
8441,8,AF7,212,71.411,a,S1 obj,32,co2a0000375,0.828125
8442,8,AF7,213,72.388,a,S1 obj,32,co2a0000375,0.83203125
8443,8,AF7,214,70.923,a,S1 obj,32,co2a0000375,0.8359375
8444,8,AF7,215,68.97,a,S1 obj,32,co2a0000375,0.83984375
8445,8,AF7,216,67.017,a,S1 obj,32,co2a0000375,0.84375
8446,8,AF7,217,66.04,a,S1 obj,32,co2a0000375,0.84765625
8447,8,AF7,218,64.575,a,S1 obj,32,co2a0000375,0.8515625
8448,8,AF7,219,62.622,a,S1 obj,32,co2a0000375,0.85546875
8449,8,AF7,220,60.669,a,S1 obj,32,co2a0000375,0.859375
8450,8,AF7,221,58.716,a,S1 obj,32,co2a0000375,0.86328125
8451,8,AF7,222,57.251,a,S1 obj,32,co2a0000375,0.8671875
8452,8,AF7,223,55.786,a,S1 obj,32,co2a0000375,0.87109375
8453,8,AF7,224,52.856,a,S1 obj,32,co2a0000375,0.875
8454,8,AF7,225,49.927,a,S1 obj,32,co2a0000375,0.87890625
8455,8,AF7,226,47.485,a,S1 obj,32,co2a0000375,0.8828125
8456,8,AF7,227,47.485,a,S1 obj,32,co2a0000375,0.88671875
8457,8,AF7,228,50.903,a,S1 obj,32,co2a0000375,0.890625
8458,8,AF7,229,55.786,a,S1 obj,32,co2a0000375,0.89453125
8459,8,AF7,230,59.204,a,S1 obj,32,co2a0000375,0.8984375
8460,8,AF7,231,59.204,a,S1 obj,32,co2a0000375,0.90234375
8461,8,AF7,232,55.786,a,S1 obj,32,co2a0000375,0.90625
8462,8,AF7,233,50.903,a,S1 obj,32,co2a0000375,0.91015625
8463,8,AF7,234,47.485,a,S1 obj,32,co2a0000375,0.9140625
8464,8,AF7,235,46.509,a,S1 obj,32,co2a0000375,0.91796875
8465,8,AF7,236,48.462,a,S1 obj,32,co2a0000375,0.921875
8466,8,AF7,237,51.392,a,S1 obj,32,co2a0000375,0.92578125
8467,8,AF7,238,52.368,a,S1 obj,32,co2a0000375,0.9296875
8468,8,AF7,239,51.88,a,S1 obj,32,co2a0000375,0.93359375
8469,8,AF7,240,49.438,a,S1 obj,32,co2a0000375,0.9375
8470,8,AF7,241,45.532,a,S1 obj,32,co2a0000375,0.94140625
8471,8,AF7,242,41.138,a,S1 obj,32,co2a0000375,0.9453125
8472,8,AF7,243,37.231,a,S1 obj,32,co2a0000375,0.94921875
8473,8,AF7,244,34.79,a,S1 obj,32,co2a0000375,0.953125
8474,8,AF7,245,35.278,a,S1 obj,32,co2a0000375,0.95703125
8475,8,AF7,246,37.72,a,S1 obj,32,co2a0000375,0.9609375
8476,8,AF7,247,43.091,a,S1 obj,32,co2a0000375,0.96484375
8477,8,AF7,248,47.485,a,S1 obj,32,co2a0000375,0.96875
8478,8,AF7,249,49.438,a,S1 obj,32,co2a0000375,0.97265625
8479,8,AF7,250,46.997,a,S1 obj,32,co2a0000375,0.9765625
8480,8,AF7,251,42.603,a,S1 obj,32,co2a0000375,0.98046875
8481,8,AF7,252,38.208,a,S1 obj,32,co2a0000375,0.984375
8482,8,AF7,253,36.743,a,S1 obj,32,co2a0000375,0.98828125
8483,8,AF7,254,37.72,a,S1 obj,32,co2a0000375,0.9921875
8484,8,AF7,255,39.673,a,S1 obj,32,co2a0000375,0.99609375
8486,8,AF8,0,-3.174,a,S1 obj,33,co2a0000375,0.0
8487,8,AF8,1,-4.639,a,S1 obj,33,co2a0000375,0.00390625
8488,8,AF8,2,-3.174,a,S1 obj,33,co2a0000375,0.0078125
8489,8,AF8,3,0.732,a,S1 obj,33,co2a0000375,0.01171875
8490,8,AF8,4,6.104,a,S1 obj,33,co2a0000375,0.015625
8491,8,AF8,5,10.01,a,S1 obj,33,co2a0000375,0.01953125
8492,8,AF8,6,10.498,a,S1 obj,33,co2a0000375,0.0234375
8493,8,AF8,7,8.545,a,S1 obj,33,co2a0000375,0.02734375
8494,8,AF8,8,3.662,a,S1 obj,33,co2a0000375,0.03125
8495,8,AF8,9,-0.732,a,S1 obj,33,co2a0000375,0.03515625
8496,8,AF8,10,-4.639,a,S1 obj,33,co2a0000375,0.0390625
8497,8,AF8,11,-5.615,a,S1 obj,33,co2a0000375,0.04296875
8498,8,AF8,12,-4.639,a,S1 obj,33,co2a0000375,0.046875
8499,8,AF8,13,-1.221,a,S1 obj,33,co2a0000375,0.05078125
8500,8,AF8,14,2.686,a,S1 obj,33,co2a0000375,0.0546875
8501,8,AF8,15,5.127,a,S1 obj,33,co2a0000375,0.05859375
8502,8,AF8,16,5.615,a,S1 obj,33,co2a0000375,0.0625
8503,8,AF8,17,3.174,a,S1 obj,33,co2a0000375,0.06640625
8504,8,AF8,18,0.732,a,S1 obj,33,co2a0000375,0.0703125
8505,8,AF8,19,0.244,a,S1 obj,33,co2a0000375,0.07421875
8506,8,AF8,20,2.686,a,S1 obj,33,co2a0000375,0.078125
8507,8,AF8,21,7.568,a,S1 obj,33,co2a0000375,0.08203125
8508,8,AF8,22,12.939,a,S1 obj,33,co2a0000375,0.0859375
8509,8,AF8,23,15.381,a,S1 obj,33,co2a0000375,0.08984375
8510,8,AF8,24,15.381,a,S1 obj,33,co2a0000375,0.09375
8511,8,AF8,25,13.916,a,S1 obj,33,co2a0000375,0.09765625
8512,8,AF8,26,13.428,a,S1 obj,33,co2a0000375,0.1015625
8513,8,AF8,27,13.916,a,S1 obj,33,co2a0000375,0.10546875
8514,8,AF8,28,14.404,a,S1 obj,33,co2a0000375,0.109375
8515,8,AF8,29,12.939,a,S1 obj,33,co2a0000375,0.11328125
8516,8,AF8,30,8.545,a,S1 obj,33,co2a0000375,0.1171875
8517,8,AF8,31,3.174,a,S1 obj,33,co2a0000375,0.12109375
8518,8,AF8,32,-0.732,a,S1 obj,33,co2a0000375,0.125
8519,8,AF8,33,-0.244,a,S1 obj,33,co2a0000375,0.12890625
8520,8,AF8,34,3.662,a,S1 obj,33,co2a0000375,0.1328125
8521,8,AF8,35,8.545,a,S1 obj,33,co2a0000375,0.13671875
8522,8,AF8,36,11.963,a,S1 obj,33,co2a0000375,0.140625
8523,8,AF8,37,11.475,a,S1 obj,33,co2a0000375,0.14453125
8524,8,AF8,38,9.033,a,S1 obj,33,co2a0000375,0.1484375
8525,8,AF8,39,6.104,a,S1 obj,33,co2a0000375,0.15234375
8526,8,AF8,40,4.639,a,S1 obj,33,co2a0000375,0.15625
8527,8,AF8,41,5.127,a,S1 obj,33,co2a0000375,0.16015625
8528,8,AF8,42,7.08,a,S1 obj,33,co2a0000375,0.1640625
8529,8,AF8,43,8.545,a,S1 obj,33,co2a0000375,0.16796875
8530,8,AF8,44,8.545,a,S1 obj,33,co2a0000375,0.171875
8531,8,AF8,45,7.568,a,S1 obj,33,co2a0000375,0.17578125
8532,8,AF8,46,5.127,a,S1 obj,33,co2a0000375,0.1796875
8533,8,AF8,47,1.709,a,S1 obj,33,co2a0000375,0.18359375
8534,8,AF8,48,-1.709,a,S1 obj,33,co2a0000375,0.1875
8535,8,AF8,49,-3.662,a,S1 obj,33,co2a0000375,0.19140625
8536,8,AF8,50,-3.662,a,S1 obj,33,co2a0000375,0.1953125
8537,8,AF8,51,-1.221,a,S1 obj,33,co2a0000375,0.19921875
8538,8,AF8,52,3.174,a,S1 obj,33,co2a0000375,0.203125
8539,8,AF8,53,6.592,a,S1 obj,33,co2a0000375,0.20703125
8540,8,AF8,54,7.568,a,S1 obj,33,co2a0000375,0.2109375
8541,8,AF8,55,7.568,a,S1 obj,33,co2a0000375,0.21484375
8542,8,AF8,56,7.568,a,S1 obj,33,co2a0000375,0.21875
8543,8,AF8,57,8.545,a,S1 obj,33,co2a0000375,0.22265625
8544,8,AF8,58,12.451,a,S1 obj,33,co2a0000375,0.2265625
8545,8,AF8,59,16.357,a,S1 obj,33,co2a0000375,0.23046875
8546,8,AF8,60,18.799,a,S1 obj,33,co2a0000375,0.234375
8547,8,AF8,61,18.799,a,S1 obj,33,co2a0000375,0.23828125
8548,8,AF8,62,17.334,a,S1 obj,33,co2a0000375,0.2421875
8549,8,AF8,63,16.846,a,S1 obj,33,co2a0000375,0.24609375
8550,8,AF8,64,18.311,a,S1 obj,33,co2a0000375,0.25
8551,8,AF8,65,21.24,a,S1 obj,33,co2a0000375,0.25390625
8552,8,AF8,66,23.682,a,S1 obj,33,co2a0000375,0.2578125
8553,8,AF8,67,24.658,a,S1 obj,33,co2a0000375,0.26171875
8554,8,AF8,68,23.193,a,S1 obj,33,co2a0000375,0.265625
8555,8,AF8,69,21.24,a,S1 obj,33,co2a0000375,0.26953125
8556,8,AF8,70,20.264,a,S1 obj,33,co2a0000375,0.2734375
8557,8,AF8,71,19.775,a,S1 obj,33,co2a0000375,0.27734375
8558,8,AF8,72,18.311,a,S1 obj,33,co2a0000375,0.28125
8559,8,AF8,73,15.381,a,S1 obj,33,co2a0000375,0.28515625
8560,8,AF8,74,11.963,a,S1 obj,33,co2a0000375,0.2890625
8561,8,AF8,75,9.521,a,S1 obj,33,co2a0000375,0.29296875
8562,8,AF8,76,9.521,a,S1 obj,33,co2a0000375,0.296875
8563,8,AF8,77,10.498,a,S1 obj,33,co2a0000375,0.30078125
8564,8,AF8,78,12.939,a,S1 obj,33,co2a0000375,0.3046875
8565,8,AF8,79,15.381,a,S1 obj,33,co2a0000375,0.30859375
8566,8,AF8,80,17.334,a,S1 obj,33,co2a0000375,0.3125
8567,8,AF8,81,18.799,a,S1 obj,33,co2a0000375,0.31640625
8568,8,AF8,82,20.264,a,S1 obj,33,co2a0000375,0.3203125
8569,8,AF8,83,20.264,a,S1 obj,33,co2a0000375,0.32421875
8570,8,AF8,84,18.799,a,S1 obj,33,co2a0000375,0.328125
8571,8,AF8,85,15.381,a,S1 obj,33,co2a0000375,0.33203125
8572,8,AF8,86,11.963,a,S1 obj,33,co2a0000375,0.3359375
8573,8,AF8,87,10.498,a,S1 obj,33,co2a0000375,0.33984375
8574,8,AF8,88,10.986,a,S1 obj,33,co2a0000375,0.34375
8575,8,AF8,89,11.475,a,S1 obj,33,co2a0000375,0.34765625
8576,8,AF8,90,10.986,a,S1 obj,33,co2a0000375,0.3515625
8577,8,AF8,91,9.033,a,S1 obj,33,co2a0000375,0.35546875
8578,8,AF8,92,7.08,a,S1 obj,33,co2a0000375,0.359375
8579,8,AF8,93,6.592,a,S1 obj,33,co2a0000375,0.36328125
8580,8,AF8,94,7.568,a,S1 obj,33,co2a0000375,0.3671875
8581,8,AF8,95,8.057,a,S1 obj,33,co2a0000375,0.37109375
8582,8,AF8,96,7.08,a,S1 obj,33,co2a0000375,0.375
8583,8,AF8,97,4.15,a,S1 obj,33,co2a0000375,0.37890625
8584,8,AF8,98,0.732,a,S1 obj,33,co2a0000375,0.3828125
8585,8,AF8,99,-0.244,a,S1 obj,33,co2a0000375,0.38671875
8586,8,AF8,100,1.221,a,S1 obj,33,co2a0000375,0.390625
8587,8,AF8,101,5.127,a,S1 obj,33,co2a0000375,0.39453125
8588,8,AF8,102,9.521,a,S1 obj,33,co2a0000375,0.3984375
8589,8,AF8,103,11.475,a,S1 obj,33,co2a0000375,0.40234375
8590,8,AF8,104,10.498,a,S1 obj,33,co2a0000375,0.40625
8591,8,AF8,105,8.545,a,S1 obj,33,co2a0000375,0.41015625
8592,8,AF8,106,7.568,a,S1 obj,33,co2a0000375,0.4140625
8593,8,AF8,107,8.057,a,S1 obj,33,co2a0000375,0.41796875
8594,8,AF8,108,9.521,a,S1 obj,33,co2a0000375,0.421875
8595,8,AF8,109,10.01,a,S1 obj,33,co2a0000375,0.42578125
8596,8,AF8,110,8.545,a,S1 obj,33,co2a0000375,0.4296875
8597,8,AF8,111,5.127,a,S1 obj,33,co2a0000375,0.43359375
8598,8,AF8,112,2.686,a,S1 obj,33,co2a0000375,0.4375
8599,8,AF8,113,1.709,a,S1 obj,33,co2a0000375,0.44140625
8600,8,AF8,114,3.174,a,S1 obj,33,co2a0000375,0.4453125
8601,8,AF8,115,4.639,a,S1 obj,33,co2a0000375,0.44921875
8602,8,AF8,116,4.15,a,S1 obj,33,co2a0000375,0.453125
8603,8,AF8,117,2.197,a,S1 obj,33,co2a0000375,0.45703125
8604,8,AF8,118,-0.732,a,S1 obj,33,co2a0000375,0.4609375
8605,8,AF8,119,-3.174,a,S1 obj,33,co2a0000375,0.46484375
8606,8,AF8,120,-4.15,a,S1 obj,33,co2a0000375,0.46875
8607,8,AF8,121,-4.15,a,S1 obj,33,co2a0000375,0.47265625
8608,8,AF8,122,-3.174,a,S1 obj,33,co2a0000375,0.4765625
8609,8,AF8,123,-1.709,a,S1 obj,33,co2a0000375,0.48046875
8610,8,AF8,124,0.732,a,S1 obj,33,co2a0000375,0.484375
8611,8,AF8,125,3.662,a,S1 obj,33,co2a0000375,0.48828125
8612,8,AF8,126,6.104,a,S1 obj,33,co2a0000375,0.4921875
8613,8,AF8,127,7.08,a,S1 obj,33,co2a0000375,0.49609375
8614,8,AF8,128,7.08,a,S1 obj,33,co2a0000375,0.5
8615,8,AF8,129,7.08,a,S1 obj,33,co2a0000375,0.50390625
8616,8,AF8,130,7.08,a,S1 obj,33,co2a0000375,0.5078125
8617,8,AF8,131,7.568,a,S1 obj,33,co2a0000375,0.51171875
8618,8,AF8,132,8.545,a,S1 obj,33,co2a0000375,0.515625
8619,8,AF8,133,8.057,a,S1 obj,33,co2a0000375,0.51953125
8620,8,AF8,134,6.104,a,S1 obj,33,co2a0000375,0.5234375
8621,8,AF8,135,3.174,a,S1 obj,33,co2a0000375,0.52734375
8622,8,AF8,136,1.221,a,S1 obj,33,co2a0000375,0.53125
8623,8,AF8,137,0.732,a,S1 obj,33,co2a0000375,0.53515625
8624,8,AF8,138,1.709,a,S1 obj,33,co2a0000375,0.5390625
8625,8,AF8,139,3.662,a,S1 obj,33,co2a0000375,0.54296875
8626,8,AF8,140,4.639,a,S1 obj,33,co2a0000375,0.546875
8627,8,AF8,141,3.662,a,S1 obj,33,co2a0000375,0.55078125
8628,8,AF8,142,2.197,a,S1 obj,33,co2a0000375,0.5546875
8629,8,AF8,143,2.686,a,S1 obj,33,co2a0000375,0.55859375
8630,8,AF8,144,5.615,a,S1 obj,33,co2a0000375,0.5625
8631,8,AF8,145,10.986,a,S1 obj,33,co2a0000375,0.56640625
8632,8,AF8,146,16.357,a,S1 obj,33,co2a0000375,0.5703125
8633,8,AF8,147,19.775,a,S1 obj,33,co2a0000375,0.57421875
8634,8,AF8,148,20.752,a,S1 obj,33,co2a0000375,0.578125
8635,8,AF8,149,19.775,a,S1 obj,33,co2a0000375,0.58203125
8636,8,AF8,150,18.311,a,S1 obj,33,co2a0000375,0.5859375
8637,8,AF8,151,15.869,a,S1 obj,33,co2a0000375,0.58984375
8638,8,AF8,152,14.404,a,S1 obj,33,co2a0000375,0.59375
8639,8,AF8,153,12.939,a,S1 obj,33,co2a0000375,0.59765625
8640,8,AF8,154,12.939,a,S1 obj,33,co2a0000375,0.6015625
8641,8,AF8,155,13.916,a,S1 obj,33,co2a0000375,0.60546875
8642,8,AF8,156,15.381,a,S1 obj,33,co2a0000375,0.609375
8643,8,AF8,157,16.846,a,S1 obj,33,co2a0000375,0.61328125
8644,8,AF8,158,17.334,a,S1 obj,33,co2a0000375,0.6171875
8645,8,AF8,159,15.869,a,S1 obj,33,co2a0000375,0.62109375
8646,8,AF8,160,13.428,a,S1 obj,33,co2a0000375,0.625
8647,8,AF8,161,11.963,a,S1 obj,33,co2a0000375,0.62890625
8648,8,AF8,162,11.475,a,S1 obj,33,co2a0000375,0.6328125
8649,8,AF8,163,10.986,a,S1 obj,33,co2a0000375,0.63671875
8650,8,AF8,164,11.475,a,S1 obj,33,co2a0000375,0.640625
8651,8,AF8,165,12.451,a,S1 obj,33,co2a0000375,0.64453125
8652,8,AF8,166,14.404,a,S1 obj,33,co2a0000375,0.6484375
8653,8,AF8,167,18.799,a,S1 obj,33,co2a0000375,0.65234375
8654,8,AF8,168,24.658,a,S1 obj,33,co2a0000375,0.65625
8655,8,AF8,169,29.541,a,S1 obj,33,co2a0000375,0.66015625
8656,8,AF8,170,31.494,a,S1 obj,33,co2a0000375,0.6640625
8657,8,AF8,171,29.053,a,S1 obj,33,co2a0000375,0.66796875
8658,8,AF8,172,23.682,a,S1 obj,33,co2a0000375,0.671875
8659,8,AF8,173,19.287,a,S1 obj,33,co2a0000375,0.67578125
8660,8,AF8,174,18.799,a,S1 obj,33,co2a0000375,0.6796875
8661,8,AF8,175,21.729,a,S1 obj,33,co2a0000375,0.68359375
8662,8,AF8,176,24.658,a,S1 obj,33,co2a0000375,0.6875
8663,8,AF8,177,25.635,a,S1 obj,33,co2a0000375,0.69140625
8664,8,AF8,178,23.193,a,S1 obj,33,co2a0000375,0.6953125
8665,8,AF8,179,19.775,a,S1 obj,33,co2a0000375,0.69921875
8666,8,AF8,180,18.311,a,S1 obj,33,co2a0000375,0.703125
8667,8,AF8,181,20.752,a,S1 obj,33,co2a0000375,0.70703125
8668,8,AF8,182,26.123,a,S1 obj,33,co2a0000375,0.7109375
8669,8,AF8,183,31.494,a,S1 obj,33,co2a0000375,0.71484375
8670,8,AF8,184,32.959,a,S1 obj,33,co2a0000375,0.71875
8671,8,AF8,185,31.494,a,S1 obj,33,co2a0000375,0.72265625
8672,8,AF8,186,28.564,a,S1 obj,33,co2a0000375,0.7265625
8673,8,AF8,187,26.611,a,S1 obj,33,co2a0000375,0.73046875
8674,8,AF8,188,27.1,a,S1 obj,33,co2a0000375,0.734375
8675,8,AF8,189,30.029,a,S1 obj,33,co2a0000375,0.73828125
8676,8,AF8,190,33.936,a,S1 obj,33,co2a0000375,0.7421875
8677,8,AF8,191,36.865,a,S1 obj,33,co2a0000375,0.74609375
8678,8,AF8,192,37.842,a,S1 obj,33,co2a0000375,0.75
8679,8,AF8,193,37.354,a,S1 obj,33,co2a0000375,0.75390625
8680,8,AF8,194,34.424,a,S1 obj,33,co2a0000375,0.7578125
8681,8,AF8,195,31.982,a,S1 obj,33,co2a0000375,0.76171875
8682,8,AF8,196,31.006,a,S1 obj,33,co2a0000375,0.765625
8683,8,AF8,197,31.982,a,S1 obj,33,co2a0000375,0.76953125
8684,8,AF8,198,34.424,a,S1 obj,33,co2a0000375,0.7734375
8685,8,AF8,199,36.377,a,S1 obj,33,co2a0000375,0.77734375
8686,8,AF8,200,37.842,a,S1 obj,33,co2a0000375,0.78125
8687,8,AF8,201,38.818,a,S1 obj,33,co2a0000375,0.78515625
8688,8,AF8,202,39.307,a,S1 obj,33,co2a0000375,0.7890625
8689,8,AF8,203,40.283,a,S1 obj,33,co2a0000375,0.79296875
8690,8,AF8,204,41.748,a,S1 obj,33,co2a0000375,0.796875
8691,8,AF8,205,41.748,a,S1 obj,33,co2a0000375,0.80078125
8692,8,AF8,206,40.771,a,S1 obj,33,co2a0000375,0.8046875
8693,8,AF8,207,38.33,a,S1 obj,33,co2a0000375,0.80859375
8694,8,AF8,208,36.377,a,S1 obj,33,co2a0000375,0.8125
8695,8,AF8,209,35.889,a,S1 obj,33,co2a0000375,0.81640625
8696,8,AF8,210,36.865,a,S1 obj,33,co2a0000375,0.8203125
8697,8,AF8,211,38.818,a,S1 obj,33,co2a0000375,0.82421875
8698,8,AF8,212,41.26,a,S1 obj,33,co2a0000375,0.828125
8699,8,AF8,213,42.725,a,S1 obj,33,co2a0000375,0.83203125
8700,8,AF8,214,43.701,a,S1 obj,33,co2a0000375,0.8359375
8701,8,AF8,215,42.725,a,S1 obj,33,co2a0000375,0.83984375
8702,8,AF8,216,39.795,a,S1 obj,33,co2a0000375,0.84375
8703,8,AF8,217,35.889,a,S1 obj,33,co2a0000375,0.84765625
8704,8,AF8,218,31.982,a,S1 obj,33,co2a0000375,0.8515625
8705,8,AF8,219,29.541,a,S1 obj,33,co2a0000375,0.85546875
8706,8,AF8,220,30.029,a,S1 obj,33,co2a0000375,0.859375
8707,8,AF8,221,32.471,a,S1 obj,33,co2a0000375,0.86328125
8708,8,AF8,222,34.424,a,S1 obj,33,co2a0000375,0.8671875
8709,8,AF8,223,34.912,a,S1 obj,33,co2a0000375,0.87109375
8710,8,AF8,224,32.959,a,S1 obj,33,co2a0000375,0.875
8711,8,AF8,225,30.518,a,S1 obj,33,co2a0000375,0.87890625
8712,8,AF8,226,28.564,a,S1 obj,33,co2a0000375,0.8828125
8713,8,AF8,227,28.564,a,S1 obj,33,co2a0000375,0.88671875
8714,8,AF8,228,30.029,a,S1 obj,33,co2a0000375,0.890625
8715,8,AF8,229,32.959,a,S1 obj,33,co2a0000375,0.89453125
8716,8,AF8,230,36.377,a,S1 obj,33,co2a0000375,0.8984375
8717,8,AF8,231,37.842,a,S1 obj,33,co2a0000375,0.90234375
8718,8,AF8,232,37.842,a,S1 obj,33,co2a0000375,0.90625
8719,8,AF8,233,34.912,a,S1 obj,33,co2a0000375,0.91015625
8720,8,AF8,234,31.006,a,S1 obj,33,co2a0000375,0.9140625
8721,8,AF8,235,28.564,a,S1 obj,33,co2a0000375,0.91796875
8722,8,AF8,236,28.564,a,S1 obj,33,co2a0000375,0.921875
8723,8,AF8,237,31.494,a,S1 obj,33,co2a0000375,0.92578125
8724,8,AF8,238,34.912,a,S1 obj,33,co2a0000375,0.9296875
8725,8,AF8,239,35.4,a,S1 obj,33,co2a0000375,0.93359375
8726,8,AF8,240,32.959,a,S1 obj,33,co2a0000375,0.9375
8727,8,AF8,241,28.076,a,S1 obj,33,co2a0000375,0.94140625
8728,8,AF8,242,24.17,a,S1 obj,33,co2a0000375,0.9453125
8729,8,AF8,243,21.729,a,S1 obj,33,co2a0000375,0.94921875
8730,8,AF8,244,21.24,a,S1 obj,33,co2a0000375,0.953125
8731,8,AF8,245,22.705,a,S1 obj,33,co2a0000375,0.95703125
8732,8,AF8,246,23.682,a,S1 obj,33,co2a0000375,0.9609375
8733,8,AF8,247,25.146,a,S1 obj,33,co2a0000375,0.96484375
8734,8,AF8,248,25.635,a,S1 obj,33,co2a0000375,0.96875
8735,8,AF8,249,26.611,a,S1 obj,33,co2a0000375,0.97265625
8736,8,AF8,250,26.123,a,S1 obj,33,co2a0000375,0.9765625
8737,8,AF8,251,23.682,a,S1 obj,33,co2a0000375,0.98046875
8738,8,AF8,252,19.775,a,S1 obj,33,co2a0000375,0.984375
8739,8,AF8,253,16.846,a,S1 obj,33,co2a0000375,0.98828125
8740,8,AF8,254,16.357,a,S1 obj,33,co2a0000375,0.9921875
8741,8,AF8,255,19.287,a,S1 obj,33,co2a0000375,0.99609375
8743,8,F5,0,2.391,a,S1 obj,34,co2a0000375,0.0
8744,8,F5,1,2.391,a,S1 obj,34,co2a0000375,0.00390625
8745,8,F5,2,5.32,a,S1 obj,34,co2a0000375,0.0078125
8746,8,F5,3,9.226,a,S1 obj,34,co2a0000375,0.01171875
8747,8,F5,4,13.133,a,S1 obj,34,co2a0000375,0.015625
8748,8,F5,5,15.574,a,S1 obj,34,co2a0000375,0.01953125
8749,8,F5,6,15.574,a,S1 obj,34,co2a0000375,0.0234375
8750,8,F5,7,14.109,a,S1 obj,34,co2a0000375,0.02734375
8751,8,F5,8,11.18,a,S1 obj,34,co2a0000375,0.03125
8752,8,F5,9,6.785,a,S1 obj,34,co2a0000375,0.03515625
8753,8,F5,10,1.902,a,S1 obj,34,co2a0000375,0.0390625
8754,8,F5,11,-2.492,a,S1 obj,34,co2a0000375,0.04296875
8755,8,F5,12,-4.934,a,S1 obj,34,co2a0000375,0.046875
8756,8,F5,13,-3.957,a,S1 obj,34,co2a0000375,0.05078125
8757,8,F5,14,-1.027,a,S1 obj,34,co2a0000375,0.0546875
8758,8,F5,15,2.391,a,S1 obj,34,co2a0000375,0.05859375
8759,8,F5,16,4.344,a,S1 obj,34,co2a0000375,0.0625
8760,8,F5,17,4.832,a,S1 obj,34,co2a0000375,0.06640625
8761,8,F5,18,4.832,a,S1 obj,34,co2a0000375,0.0703125
8762,8,F5,19,6.785,a,S1 obj,34,co2a0000375,0.07421875
8763,8,F5,20,10.691,a,S1 obj,34,co2a0000375,0.078125
8764,8,F5,21,14.598,a,S1 obj,34,co2a0000375,0.08203125
8765,8,F5,22,17.527,a,S1 obj,34,co2a0000375,0.0859375
8766,8,F5,23,16.551,a,S1 obj,34,co2a0000375,0.08984375
8767,8,F5,24,14.109,a,S1 obj,34,co2a0000375,0.09375
8768,8,F5,25,11.668,a,S1 obj,34,co2a0000375,0.09765625
8769,8,F5,26,11.668,a,S1 obj,34,co2a0000375,0.1015625
8770,8,F5,27,13.133,a,S1 obj,34,co2a0000375,0.10546875
8771,8,F5,28,15.086,a,S1 obj,34,co2a0000375,0.109375
8772,8,F5,29,14.598,a,S1 obj,34,co2a0000375,0.11328125
8773,8,F5,30,10.691,a,S1 obj,34,co2a0000375,0.1171875
8774,8,F5,31,4.344,a,S1 obj,34,co2a0000375,0.12109375
8775,8,F5,32,-1.516,a,S1 obj,34,co2a0000375,0.125
8776,8,F5,33,-4.445,a,S1 obj,34,co2a0000375,0.12890625
8777,8,F5,34,-2.981,a,S1 obj,34,co2a0000375,0.1328125
8778,8,F5,35,0.926,a,S1 obj,34,co2a0000375,0.13671875
8779,8,F5,36,5.32,a,S1 obj,34,co2a0000375,0.140625
8780,8,F5,37,7.273,a,S1 obj,34,co2a0000375,0.14453125
8781,8,F5,38,5.809,a,S1 obj,34,co2a0000375,0.1484375
8782,8,F5,39,4.344,a,S1 obj,34,co2a0000375,0.15234375
8783,8,F5,40,3.367,a,S1 obj,34,co2a0000375,0.15625
8784,8,F5,41,5.32,a,S1 obj,34,co2a0000375,0.16015625
8785,8,F5,42,8.25,a,S1 obj,34,co2a0000375,0.1640625
8786,8,F5,43,11.18,a,S1 obj,34,co2a0000375,0.16796875
8787,8,F5,44,12.156,a,S1 obj,34,co2a0000375,0.171875
8788,8,F5,45,11.18,a,S1 obj,34,co2a0000375,0.17578125
8789,8,F5,46,8.25,a,S1 obj,34,co2a0000375,0.1796875
8790,8,F5,47,5.32,a,S1 obj,34,co2a0000375,0.18359375
8791,8,F5,48,3.367,a,S1 obj,34,co2a0000375,0.1875
8792,8,F5,49,1.902,a,S1 obj,34,co2a0000375,0.19140625
8793,8,F5,50,1.902,a,S1 obj,34,co2a0000375,0.1953125
8794,8,F5,51,1.902,a,S1 obj,34,co2a0000375,0.19921875
8795,8,F5,52,2.391,a,S1 obj,34,co2a0000375,0.203125
8796,8,F5,53,3.367,a,S1 obj,34,co2a0000375,0.20703125
8797,8,F5,54,3.855,a,S1 obj,34,co2a0000375,0.2109375
8798,8,F5,55,3.855,a,S1 obj,34,co2a0000375,0.21484375
8799,8,F5,56,3.855,a,S1 obj,34,co2a0000375,0.21875
8800,8,F5,57,3.855,a,S1 obj,34,co2a0000375,0.22265625
8801,8,F5,58,4.344,a,S1 obj,34,co2a0000375,0.2265625
8802,8,F5,59,5.809,a,S1 obj,34,co2a0000375,0.23046875
8803,8,F5,60,7.762,a,S1 obj,34,co2a0000375,0.234375
8804,8,F5,61,10.203,a,S1 obj,34,co2a0000375,0.23828125
8805,8,F5,62,11.18,a,S1 obj,34,co2a0000375,0.2421875
8806,8,F5,63,11.668,a,S1 obj,34,co2a0000375,0.24609375
8807,8,F5,64,12.156,a,S1 obj,34,co2a0000375,0.25
8808,8,F5,65,11.668,a,S1 obj,34,co2a0000375,0.25390625
8809,8,F5,66,10.691,a,S1 obj,34,co2a0000375,0.2578125
8810,8,F5,67,8.738,a,S1 obj,34,co2a0000375,0.26171875
8811,8,F5,68,6.297,a,S1 obj,34,co2a0000375,0.265625
8812,8,F5,69,3.855,a,S1 obj,34,co2a0000375,0.26953125
8813,8,F5,70,3.367,a,S1 obj,34,co2a0000375,0.2734375
8814,8,F5,71,4.344,a,S1 obj,34,co2a0000375,0.27734375
8815,8,F5,72,6.297,a,S1 obj,34,co2a0000375,0.28125
8816,8,F5,73,8.25,a,S1 obj,34,co2a0000375,0.28515625
8817,8,F5,74,8.25,a,S1 obj,34,co2a0000375,0.2890625
8818,8,F5,75,6.785,a,S1 obj,34,co2a0000375,0.29296875
8819,8,F5,76,3.855,a,S1 obj,34,co2a0000375,0.296875
8820,8,F5,77,0.926,a,S1 obj,34,co2a0000375,0.30078125
8821,8,F5,78,0.437,a,S1 obj,34,co2a0000375,0.3046875
8822,8,F5,79,1.414,a,S1 obj,34,co2a0000375,0.30859375
8823,8,F5,80,3.855,a,S1 obj,34,co2a0000375,0.3125
8824,8,F5,81,6.297,a,S1 obj,34,co2a0000375,0.31640625
8825,8,F5,82,8.738,a,S1 obj,34,co2a0000375,0.3203125
8826,8,F5,83,11.18,a,S1 obj,34,co2a0000375,0.32421875
8827,8,F5,84,11.668,a,S1 obj,34,co2a0000375,0.328125
8828,8,F5,85,11.18,a,S1 obj,34,co2a0000375,0.33203125
8829,8,F5,86,9.226,a,S1 obj,34,co2a0000375,0.3359375
8830,8,F5,87,6.785,a,S1 obj,34,co2a0000375,0.33984375
8831,8,F5,88,4.344,a,S1 obj,34,co2a0000375,0.34375
8832,8,F5,89,3.367,a,S1 obj,34,co2a0000375,0.34765625
8833,8,F5,90,2.879,a,S1 obj,34,co2a0000375,0.3515625
8834,8,F5,91,3.367,a,S1 obj,34,co2a0000375,0.35546875
8835,8,F5,92,3.855,a,S1 obj,34,co2a0000375,0.359375
8836,8,F5,93,3.855,a,S1 obj,34,co2a0000375,0.36328125
8837,8,F5,94,3.367,a,S1 obj,34,co2a0000375,0.3671875
8838,8,F5,95,2.391,a,S1 obj,34,co2a0000375,0.37109375
8839,8,F5,96,1.414,a,S1 obj,34,co2a0000375,0.375
8840,8,F5,97,0.926,a,S1 obj,34,co2a0000375,0.37890625
8841,8,F5,98,0.926,a,S1 obj,34,co2a0000375,0.3828125
8842,8,F5,99,0.926,a,S1 obj,34,co2a0000375,0.38671875
8843,8,F5,100,0.926,a,S1 obj,34,co2a0000375,0.390625
8844,8,F5,101,2.391,a,S1 obj,34,co2a0000375,0.39453125
8845,8,F5,102,3.855,a,S1 obj,34,co2a0000375,0.3984375
8846,8,F5,103,6.297,a,S1 obj,34,co2a0000375,0.40234375
8847,8,F5,104,8.25,a,S1 obj,34,co2a0000375,0.40625
8848,8,F5,105,8.738,a,S1 obj,34,co2a0000375,0.41015625
8849,8,F5,106,6.785,a,S1 obj,34,co2a0000375,0.4140625
8850,8,F5,107,3.855,a,S1 obj,34,co2a0000375,0.41796875
8851,8,F5,108,0.926,a,S1 obj,34,co2a0000375,0.421875
8852,8,F5,109,-0.051,a,S1 obj,34,co2a0000375,0.42578125
8853,8,F5,110,-0.051,a,S1 obj,34,co2a0000375,0.4296875
8854,8,F5,111,-0.539,a,S1 obj,34,co2a0000375,0.43359375
8855,8,F5,112,-1.027,a,S1 obj,34,co2a0000375,0.4375
8856,8,F5,113,-1.516,a,S1 obj,34,co2a0000375,0.44140625
8857,8,F5,114,-1.027,a,S1 obj,34,co2a0000375,0.4453125
8858,8,F5,115,0.437,a,S1 obj,34,co2a0000375,0.44921875
8859,8,F5,116,2.391,a,S1 obj,34,co2a0000375,0.453125
8860,8,F5,117,2.391,a,S1 obj,34,co2a0000375,0.45703125
8861,8,F5,118,0.437,a,S1 obj,34,co2a0000375,0.4609375
8862,8,F5,119,-3.469,a,S1 obj,34,co2a0000375,0.46484375
8863,8,F5,120,-6.887,a,S1 obj,34,co2a0000375,0.46875
8864,8,F5,121,-8.84,a,S1 obj,34,co2a0000375,0.47265625
8865,8,F5,122,-8.352,a,S1 obj,34,co2a0000375,0.4765625
8866,8,F5,123,-6.399,a,S1 obj,34,co2a0000375,0.48046875
8867,8,F5,124,-2.981,a,S1 obj,34,co2a0000375,0.484375
8868,8,F5,125,0.437,a,S1 obj,34,co2a0000375,0.48828125
8869,8,F5,126,4.344,a,S1 obj,34,co2a0000375,0.4921875
8870,8,F5,127,6.785,a,S1 obj,34,co2a0000375,0.49609375
8871,8,F5,128,6.785,a,S1 obj,34,co2a0000375,0.5
8872,8,F5,129,4.832,a,S1 obj,34,co2a0000375,0.50390625
8873,8,F5,130,1.902,a,S1 obj,34,co2a0000375,0.5078125
8874,8,F5,131,-1.027,a,S1 obj,34,co2a0000375,0.51171875
8875,8,F5,132,-1.516,a,S1 obj,34,co2a0000375,0.515625
8876,8,F5,133,-0.051,a,S1 obj,34,co2a0000375,0.51953125
8877,8,F5,134,0.926,a,S1 obj,34,co2a0000375,0.5234375
8878,8,F5,135,-0.051,a,S1 obj,34,co2a0000375,0.52734375
8879,8,F5,136,-2.004,a,S1 obj,34,co2a0000375,0.53125
8880,8,F5,137,-3.957,a,S1 obj,34,co2a0000375,0.53515625
8881,8,F5,138,-3.469,a,S1 obj,34,co2a0000375,0.5390625
8882,8,F5,139,-0.051,a,S1 obj,34,co2a0000375,0.54296875
8883,8,F5,140,3.367,a,S1 obj,34,co2a0000375,0.546875
8884,8,F5,141,4.344,a,S1 obj,34,co2a0000375,0.55078125
8885,8,F5,142,2.879,a,S1 obj,34,co2a0000375,0.5546875
8886,8,F5,143,0.437,a,S1 obj,34,co2a0000375,0.55859375
8887,8,F5,144,1.414,a,S1 obj,34,co2a0000375,0.5625
8888,8,F5,145,7.273,a,S1 obj,34,co2a0000375,0.56640625
8889,8,F5,146,15.574,a,S1 obj,34,co2a0000375,0.5703125
8890,8,F5,147,22.41,a,S1 obj,34,co2a0000375,0.57421875
8891,8,F5,148,24.851,a,S1 obj,34,co2a0000375,0.578125
8892,8,F5,149,22.898,a,S1 obj,34,co2a0000375,0.58203125
8893,8,F5,150,18.016,a,S1 obj,34,co2a0000375,0.5859375
8894,8,F5,151,14.598,a,S1 obj,34,co2a0000375,0.58984375
8895,8,F5,152,12.644,a,S1 obj,34,co2a0000375,0.59375
8896,8,F5,153,12.644,a,S1 obj,34,co2a0000375,0.59765625
8897,8,F5,154,12.644,a,S1 obj,34,co2a0000375,0.6015625
8898,8,F5,155,12.156,a,S1 obj,34,co2a0000375,0.60546875
8899,8,F5,156,11.18,a,S1 obj,34,co2a0000375,0.609375
8900,8,F5,157,11.18,a,S1 obj,34,co2a0000375,0.61328125
8901,8,F5,158,11.18,a,S1 obj,34,co2a0000375,0.6171875
8902,8,F5,159,10.691,a,S1 obj,34,co2a0000375,0.62109375
8903,8,F5,160,10.203,a,S1 obj,34,co2a0000375,0.625
8904,8,F5,161,9.226,a,S1 obj,34,co2a0000375,0.62890625
8905,8,F5,162,8.738,a,S1 obj,34,co2a0000375,0.6328125
8906,8,F5,163,10.691,a,S1 obj,34,co2a0000375,0.63671875
8907,8,F5,164,14.109,a,S1 obj,34,co2a0000375,0.640625
8908,8,F5,165,17.527,a,S1 obj,34,co2a0000375,0.64453125
8909,8,F5,166,20.945,a,S1 obj,34,co2a0000375,0.6484375
8910,8,F5,167,22.41,a,S1 obj,34,co2a0000375,0.65234375
8911,8,F5,168,22.898,a,S1 obj,34,co2a0000375,0.65625
8912,8,F5,169,22.898,a,S1 obj,34,co2a0000375,0.66015625
8913,8,F5,170,22.898,a,S1 obj,34,co2a0000375,0.6640625
8914,8,F5,171,22.898,a,S1 obj,34,co2a0000375,0.66796875
8915,8,F5,172,21.922,a,S1 obj,34,co2a0000375,0.671875
8916,8,F5,173,21.922,a,S1 obj,34,co2a0000375,0.67578125
8917,8,F5,174,21.434,a,S1 obj,34,co2a0000375,0.6796875
8918,8,F5,175,21.922,a,S1 obj,34,co2a0000375,0.68359375
8919,8,F5,176,23.387,a,S1 obj,34,co2a0000375,0.6875
8920,8,F5,177,24.363,a,S1 obj,34,co2a0000375,0.69140625
8921,8,F5,178,25.34,a,S1 obj,34,co2a0000375,0.6953125
8922,8,F5,179,25.828,a,S1 obj,34,co2a0000375,0.69921875
8923,8,F5,180,25.34,a,S1 obj,34,co2a0000375,0.703125
8924,8,F5,181,25.34,a,S1 obj,34,co2a0000375,0.70703125
8925,8,F5,182,25.828,a,S1 obj,34,co2a0000375,0.7109375
8926,8,F5,183,25.828,a,S1 obj,34,co2a0000375,0.71484375
8927,8,F5,184,26.316,a,S1 obj,34,co2a0000375,0.71875
8928,8,F5,185,26.316,a,S1 obj,34,co2a0000375,0.72265625
8929,8,F5,186,26.316,a,S1 obj,34,co2a0000375,0.7265625
8930,8,F5,187,25.828,a,S1 obj,34,co2a0000375,0.73046875
8931,8,F5,188,26.805,a,S1 obj,34,co2a0000375,0.734375
8932,8,F5,189,28.758,a,S1 obj,34,co2a0000375,0.73828125
8933,8,F5,190,32.664,a,S1 obj,34,co2a0000375,0.7421875
8934,8,F5,191,37.059,a,S1 obj,34,co2a0000375,0.74609375
8935,8,F5,192,40.476,a,S1 obj,34,co2a0000375,0.75
8936,8,F5,193,40.476,a,S1 obj,34,co2a0000375,0.75390625
8937,8,F5,194,38.035,a,S1 obj,34,co2a0000375,0.7578125
8938,8,F5,195,33.641,a,S1 obj,34,co2a0000375,0.76171875
8939,8,F5,196,31.199,a,S1 obj,34,co2a0000375,0.765625
8940,8,F5,197,31.199,a,S1 obj,34,co2a0000375,0.76953125
8941,8,F5,198,33.641,a,S1 obj,34,co2a0000375,0.7734375
8942,8,F5,199,36.57,a,S1 obj,34,co2a0000375,0.77734375
8943,8,F5,200,38.035,a,S1 obj,34,co2a0000375,0.78125
8944,8,F5,201,38.523,a,S1 obj,34,co2a0000375,0.78515625
8945,8,F5,202,38.523,a,S1 obj,34,co2a0000375,0.7890625
8946,8,F5,203,39.5,a,S1 obj,34,co2a0000375,0.79296875
8947,8,F5,204,42.43,a,S1 obj,34,co2a0000375,0.796875
8948,8,F5,205,43.894,a,S1 obj,34,co2a0000375,0.80078125
8949,8,F5,206,43.406,a,S1 obj,34,co2a0000375,0.8046875
8950,8,F5,207,40.965,a,S1 obj,34,co2a0000375,0.80859375
8951,8,F5,208,38.523,a,S1 obj,34,co2a0000375,0.8125
8952,8,F5,209,38.035,a,S1 obj,34,co2a0000375,0.81640625
8953,8,F5,210,39.5,a,S1 obj,34,co2a0000375,0.8203125
8954,8,F5,211,42.918,a,S1 obj,34,co2a0000375,0.82421875
8955,8,F5,212,45.359,a,S1 obj,34,co2a0000375,0.828125
8956,8,F5,213,46.824,a,S1 obj,34,co2a0000375,0.83203125
8957,8,F5,214,47.312,a,S1 obj,34,co2a0000375,0.8359375
8958,8,F5,215,47.312,a,S1 obj,34,co2a0000375,0.83984375
8959,8,F5,216,47.312,a,S1 obj,34,co2a0000375,0.84375
8960,8,F5,217,45.848,a,S1 obj,34,co2a0000375,0.84765625
8961,8,F5,218,42.43,a,S1 obj,34,co2a0000375,0.8515625
8962,8,F5,219,39.012,a,S1 obj,34,co2a0000375,0.85546875
8963,8,F5,220,36.57,a,S1 obj,34,co2a0000375,0.859375
8964,8,F5,221,36.082,a,S1 obj,34,co2a0000375,0.86328125
8965,8,F5,222,36.57,a,S1 obj,34,co2a0000375,0.8671875
8966,8,F5,223,36.082,a,S1 obj,34,co2a0000375,0.87109375
8967,8,F5,224,33.641,a,S1 obj,34,co2a0000375,0.875
8968,8,F5,225,29.734,a,S1 obj,34,co2a0000375,0.87890625
8969,8,F5,226,26.805,a,S1 obj,34,co2a0000375,0.8828125
8970,8,F5,227,27.293,a,S1 obj,34,co2a0000375,0.88671875
8971,8,F5,228,30.711,a,S1 obj,34,co2a0000375,0.890625
8972,8,F5,229,36.082,a,S1 obj,34,co2a0000375,0.89453125
8973,8,F5,230,38.523,a,S1 obj,34,co2a0000375,0.8984375
8974,8,F5,231,37.059,a,S1 obj,34,co2a0000375,0.90234375
8975,8,F5,232,32.176,a,S1 obj,34,co2a0000375,0.90625
8976,8,F5,233,27.781,a,S1 obj,34,co2a0000375,0.91015625
8977,8,F5,234,26.805,a,S1 obj,34,co2a0000375,0.9140625
8978,8,F5,235,29.246,a,S1 obj,34,co2a0000375,0.91796875
8979,8,F5,236,33.641,a,S1 obj,34,co2a0000375,0.921875
8980,8,F5,237,36.082,a,S1 obj,34,co2a0000375,0.92578125
8981,8,F5,238,34.617,a,S1 obj,34,co2a0000375,0.9296875
8982,8,F5,239,30.711,a,S1 obj,34,co2a0000375,0.93359375
8983,8,F5,240,25.828,a,S1 obj,34,co2a0000375,0.9375
8984,8,F5,241,23.387,a,S1 obj,34,co2a0000375,0.94140625
8985,8,F5,242,22.41,a,S1 obj,34,co2a0000375,0.9453125
8986,8,F5,243,21.922,a,S1 obj,34,co2a0000375,0.94921875
8987,8,F5,244,21.434,a,S1 obj,34,co2a0000375,0.953125
8988,8,F5,245,20.945,a,S1 obj,34,co2a0000375,0.95703125
8989,8,F5,246,21.922,a,S1 obj,34,co2a0000375,0.9609375
8990,8,F5,247,25.828,a,S1 obj,34,co2a0000375,0.96484375
8991,8,F5,248,30.711,a,S1 obj,34,co2a0000375,0.96875
8992,8,F5,249,34.129,a,S1 obj,34,co2a0000375,0.97265625
8993,8,F5,250,33.641,a,S1 obj,34,co2a0000375,0.9765625
8994,8,F5,251,29.246,a,S1 obj,34,co2a0000375,0.98046875
8995,8,F5,252,24.851,a,S1 obj,34,co2a0000375,0.984375
8996,8,F5,253,22.41,a,S1 obj,34,co2a0000375,0.98828125
8997,8,F5,254,22.898,a,S1 obj,34,co2a0000375,0.9921875
8998,8,F5,255,26.316,a,S1 obj,34,co2a0000375,0.99609375
9000,8,F6,0,-3.306,a,S1 obj,35,co2a0000375,0.0
9001,8,F6,1,-3.794,a,S1 obj,35,co2a0000375,0.00390625
9002,8,F6,2,-2.33,a,S1 obj,35,co2a0000375,0.0078125
9003,8,F6,3,1.088,a,S1 obj,35,co2a0000375,0.01171875
9004,8,F6,4,5.483,a,S1 obj,35,co2a0000375,0.015625
9005,8,F6,5,8.901,a,S1 obj,35,co2a0000375,0.01953125
9006,8,F6,6,9.878,a,S1 obj,35,co2a0000375,0.0234375
9007,8,F6,7,7.436,a,S1 obj,35,co2a0000375,0.02734375
9008,8,F6,8,3.53,a,S1 obj,35,co2a0000375,0.03125
9009,8,F6,9,-1.841,a,S1 obj,35,co2a0000375,0.03515625
9010,8,F6,10,-5.747,a,S1 obj,35,co2a0000375,0.0390625
9011,8,F6,11,-7.212,a,S1 obj,35,co2a0000375,0.04296875
9012,8,F6,12,-5.259,a,S1 obj,35,co2a0000375,0.046875
9013,8,F6,13,-1.353,a,S1 obj,35,co2a0000375,0.05078125
9014,8,F6,14,3.042,a,S1 obj,35,co2a0000375,0.0546875
9015,8,F6,15,5.483,a,S1 obj,35,co2a0000375,0.05859375
9016,8,F6,16,5.483,a,S1 obj,35,co2a0000375,0.0625
9017,8,F6,17,2.553,a,S1 obj,35,co2a0000375,0.06640625
9018,8,F6,18,-1.353,a,S1 obj,35,co2a0000375,0.0703125
9019,8,F6,19,-1.841,a,S1 obj,35,co2a0000375,0.07421875
9020,8,F6,20,0.112,a,S1 obj,35,co2a0000375,0.078125
9021,8,F6,21,5.483,a,S1 obj,35,co2a0000375,0.08203125
9022,8,F6,22,10.366,a,S1 obj,35,co2a0000375,0.0859375
9023,8,F6,23,12.807,a,S1 obj,35,co2a0000375,0.08984375
9024,8,F6,24,12.807,a,S1 obj,35,co2a0000375,0.09375
9025,8,F6,25,12.319,a,S1 obj,35,co2a0000375,0.09765625
9026,8,F6,26,12.807,a,S1 obj,35,co2a0000375,0.1015625
9027,8,F6,27,14.272,a,S1 obj,35,co2a0000375,0.10546875
9028,8,F6,28,14.76,a,S1 obj,35,co2a0000375,0.109375
9029,8,F6,29,11.831,a,S1 obj,35,co2a0000375,0.11328125
9030,8,F6,30,5.483,a,S1 obj,35,co2a0000375,0.1171875
9031,8,F6,31,-0.865,a,S1 obj,35,co2a0000375,0.12109375
9032,8,F6,32,-4.771,a,S1 obj,35,co2a0000375,0.125
9033,8,F6,33,-3.306,a,S1 obj,35,co2a0000375,0.12890625
9034,8,F6,34,2.553,a,S1 obj,35,co2a0000375,0.1328125
9035,8,F6,35,8.901,a,S1 obj,35,co2a0000375,0.13671875
9036,8,F6,36,12.319,a,S1 obj,35,co2a0000375,0.140625
9037,8,F6,37,12.319,a,S1 obj,35,co2a0000375,0.14453125
9038,8,F6,38,8.901,a,S1 obj,35,co2a0000375,0.1484375
9039,8,F6,39,4.995,a,S1 obj,35,co2a0000375,0.15234375
9040,8,F6,40,3.042,a,S1 obj,35,co2a0000375,0.15625
9041,8,F6,41,3.042,a,S1 obj,35,co2a0000375,0.16015625
9042,8,F6,42,4.995,a,S1 obj,35,co2a0000375,0.1640625
9043,8,F6,43,6.948,a,S1 obj,35,co2a0000375,0.16796875
9044,8,F6,44,8.413,a,S1 obj,35,co2a0000375,0.171875
9045,8,F6,45,7.436,a,S1 obj,35,co2a0000375,0.17578125
9046,8,F6,46,5.971,a,S1 obj,35,co2a0000375,0.1796875
9047,8,F6,47,3.042,a,S1 obj,35,co2a0000375,0.18359375
9048,8,F6,48,0.112,a,S1 obj,35,co2a0000375,0.1875
9049,8,F6,49,-2.33,a,S1 obj,35,co2a0000375,0.19140625
9050,8,F6,50,-3.306,a,S1 obj,35,co2a0000375,0.1953125
9051,8,F6,51,-1.353,a,S1 obj,35,co2a0000375,0.19921875
9052,8,F6,52,2.065,a,S1 obj,35,co2a0000375,0.203125
9053,8,F6,53,5.483,a,S1 obj,35,co2a0000375,0.20703125
9054,8,F6,54,7.436,a,S1 obj,35,co2a0000375,0.2109375
9055,8,F6,55,8.413,a,S1 obj,35,co2a0000375,0.21484375
9056,8,F6,56,8.901,a,S1 obj,35,co2a0000375,0.21875
9057,8,F6,57,10.366,a,S1 obj,35,co2a0000375,0.22265625
9058,8,F6,58,13.784,a,S1 obj,35,co2a0000375,0.2265625
9059,8,F6,59,16.713,a,S1 obj,35,co2a0000375,0.23046875
9060,8,F6,60,18.667,a,S1 obj,35,co2a0000375,0.234375
9061,8,F6,61,17.69,a,S1 obj,35,co2a0000375,0.23828125
9062,8,F6,62,16.225,a,S1 obj,35,co2a0000375,0.2421875
9063,8,F6,63,15.737,a,S1 obj,35,co2a0000375,0.24609375
9064,8,F6,64,18.178,a,S1 obj,35,co2a0000375,0.25
9065,8,F6,65,22.085,a,S1 obj,35,co2a0000375,0.25390625
9066,8,F6,66,25.014,a,S1 obj,35,co2a0000375,0.2578125
9067,8,F6,67,25.503,a,S1 obj,35,co2a0000375,0.26171875
9068,8,F6,68,23.549,a,S1 obj,35,co2a0000375,0.265625
9069,8,F6,69,21.108,a,S1 obj,35,co2a0000375,0.26953125
9070,8,F6,70,19.643,a,S1 obj,35,co2a0000375,0.2734375
9071,8,F6,71,18.667,a,S1 obj,35,co2a0000375,0.27734375
9072,8,F6,72,17.202,a,S1 obj,35,co2a0000375,0.28125
9073,8,F6,73,14.272,a,S1 obj,35,co2a0000375,0.28515625
9074,8,F6,74,11.342,a,S1 obj,35,co2a0000375,0.2890625
9075,8,F6,75,9.389,a,S1 obj,35,co2a0000375,0.29296875
9076,8,F6,76,10.366,a,S1 obj,35,co2a0000375,0.296875
9077,8,F6,77,12.807,a,S1 obj,35,co2a0000375,0.30078125
9078,8,F6,78,15.737,a,S1 obj,35,co2a0000375,0.3046875
9079,8,F6,79,17.202,a,S1 obj,35,co2a0000375,0.30859375
9080,8,F6,80,18.178,a,S1 obj,35,co2a0000375,0.3125
9081,8,F6,81,18.667,a,S1 obj,35,co2a0000375,0.31640625
9082,8,F6,82,19.155,a,S1 obj,35,co2a0000375,0.3203125
9083,8,F6,83,19.155,a,S1 obj,35,co2a0000375,0.32421875
9084,8,F6,84,18.667,a,S1 obj,35,co2a0000375,0.328125
9085,8,F6,85,16.713,a,S1 obj,35,co2a0000375,0.33203125
9086,8,F6,86,15.249,a,S1 obj,35,co2a0000375,0.3359375
9087,8,F6,87,14.272,a,S1 obj,35,co2a0000375,0.33984375
9088,8,F6,88,14.272,a,S1 obj,35,co2a0000375,0.34375
9089,8,F6,89,13.784,a,S1 obj,35,co2a0000375,0.34765625
9090,8,F6,90,11.831,a,S1 obj,35,co2a0000375,0.3515625
9091,8,F6,91,9.389,a,S1 obj,35,co2a0000375,0.35546875
9092,8,F6,92,8.413,a,S1 obj,35,co2a0000375,0.359375
9093,8,F6,93,8.413,a,S1 obj,35,co2a0000375,0.36328125
9094,8,F6,94,9.389,a,S1 obj,35,co2a0000375,0.3671875
9095,8,F6,95,9.878,a,S1 obj,35,co2a0000375,0.37109375
9096,8,F6,96,8.413,a,S1 obj,35,co2a0000375,0.375
9097,8,F6,97,5.483,a,S1 obj,35,co2a0000375,0.37890625
9098,8,F6,98,2.553,a,S1 obj,35,co2a0000375,0.3828125
9099,8,F6,99,2.065,a,S1 obj,35,co2a0000375,0.38671875
9100,8,F6,100,4.018,a,S1 obj,35,co2a0000375,0.390625
9101,8,F6,101,6.948,a,S1 obj,35,co2a0000375,0.39453125
9102,8,F6,102,10.366,a,S1 obj,35,co2a0000375,0.3984375
9103,8,F6,103,11.342,a,S1 obj,35,co2a0000375,0.40234375
9104,8,F6,104,10.366,a,S1 obj,35,co2a0000375,0.40625
9105,8,F6,105,9.389,a,S1 obj,35,co2a0000375,0.41015625
9106,8,F6,106,9.878,a,S1 obj,35,co2a0000375,0.4140625
9107,8,F6,107,11.831,a,S1 obj,35,co2a0000375,0.41796875
9108,8,F6,108,13.295,a,S1 obj,35,co2a0000375,0.421875
9109,8,F6,109,12.807,a,S1 obj,35,co2a0000375,0.42578125
9110,8,F6,110,9.878,a,S1 obj,35,co2a0000375,0.4296875
9111,8,F6,111,5.483,a,S1 obj,35,co2a0000375,0.43359375
9112,8,F6,112,2.065,a,S1 obj,35,co2a0000375,0.4375
9113,8,F6,113,1.577,a,S1 obj,35,co2a0000375,0.44140625
9114,8,F6,114,3.53,a,S1 obj,35,co2a0000375,0.4453125
9115,8,F6,115,4.995,a,S1 obj,35,co2a0000375,0.44921875
9116,8,F6,116,4.506,a,S1 obj,35,co2a0000375,0.453125
9117,8,F6,117,2.065,a,S1 obj,35,co2a0000375,0.45703125
9118,8,F6,118,-0.865,a,S1 obj,35,co2a0000375,0.4609375
9119,8,F6,119,-3.306,a,S1 obj,35,co2a0000375,0.46484375
9120,8,F6,120,-3.306,a,S1 obj,35,co2a0000375,0.46875
9121,8,F6,121,-2.33,a,S1 obj,35,co2a0000375,0.47265625
9122,8,F6,122,-0.865,a,S1 obj,35,co2a0000375,0.4765625
9123,8,F6,123,0.112,a,S1 obj,35,co2a0000375,0.48046875
9124,8,F6,124,1.088,a,S1 obj,35,co2a0000375,0.484375
9125,8,F6,125,2.065,a,S1 obj,35,co2a0000375,0.48828125
9126,8,F6,126,3.042,a,S1 obj,35,co2a0000375,0.4921875
9127,8,F6,127,4.018,a,S1 obj,35,co2a0000375,0.49609375
9128,8,F6,128,5.483,a,S1 obj,35,co2a0000375,0.5
9129,8,F6,129,6.948,a,S1 obj,35,co2a0000375,0.50390625
9130,8,F6,130,8.901,a,S1 obj,35,co2a0000375,0.5078125
9131,8,F6,131,9.389,a,S1 obj,35,co2a0000375,0.51171875
9132,8,F6,132,8.901,a,S1 obj,35,co2a0000375,0.515625
9133,8,F6,133,6.948,a,S1 obj,35,co2a0000375,0.51953125
9134,8,F6,134,4.506,a,S1 obj,35,co2a0000375,0.5234375
9135,8,F6,135,1.577,a,S1 obj,35,co2a0000375,0.52734375
9136,8,F6,136,-0.865,a,S1 obj,35,co2a0000375,0.53125
9137,8,F6,137,-1.353,a,S1 obj,35,co2a0000375,0.53515625
9138,8,F6,138,-0.376,a,S1 obj,35,co2a0000375,0.5390625
9139,8,F6,139,1.088,a,S1 obj,35,co2a0000375,0.54296875
9140,8,F6,140,2.065,a,S1 obj,35,co2a0000375,0.546875
9141,8,F6,141,1.577,a,S1 obj,35,co2a0000375,0.55078125
9142,8,F6,142,1.088,a,S1 obj,35,co2a0000375,0.5546875
9143,8,F6,143,2.065,a,S1 obj,35,co2a0000375,0.55859375
9144,8,F6,144,4.995,a,S1 obj,35,co2a0000375,0.5625
9145,8,F6,145,9.389,a,S1 obj,35,co2a0000375,0.56640625
9146,8,F6,146,13.295,a,S1 obj,35,co2a0000375,0.5703125
9147,8,F6,147,15.737,a,S1 obj,35,co2a0000375,0.57421875
9148,8,F6,148,16.225,a,S1 obj,35,co2a0000375,0.578125
9149,8,F6,149,15.737,a,S1 obj,35,co2a0000375,0.58203125
9150,8,F6,150,14.272,a,S1 obj,35,co2a0000375,0.5859375
9151,8,F6,151,12.319,a,S1 obj,35,co2a0000375,0.58984375
9152,8,F6,152,11.342,a,S1 obj,35,co2a0000375,0.59375
9153,8,F6,153,10.366,a,S1 obj,35,co2a0000375,0.59765625
9154,8,F6,154,10.366,a,S1 obj,35,co2a0000375,0.6015625
9155,8,F6,155,11.342,a,S1 obj,35,co2a0000375,0.60546875
9156,8,F6,156,12.807,a,S1 obj,35,co2a0000375,0.609375
9157,8,F6,157,12.807,a,S1 obj,35,co2a0000375,0.61328125
9158,8,F6,158,12.319,a,S1 obj,35,co2a0000375,0.6171875
9159,8,F6,159,10.854,a,S1 obj,35,co2a0000375,0.62109375
9160,8,F6,160,9.389,a,S1 obj,35,co2a0000375,0.625
9161,8,F6,161,8.901,a,S1 obj,35,co2a0000375,0.62890625
9162,8,F6,162,8.901,a,S1 obj,35,co2a0000375,0.6328125
9163,8,F6,163,7.924,a,S1 obj,35,co2a0000375,0.63671875
9164,8,F6,164,6.46,a,S1 obj,35,co2a0000375,0.640625
9165,8,F6,165,4.995,a,S1 obj,35,co2a0000375,0.64453125
9166,8,F6,166,6.46,a,S1 obj,35,co2a0000375,0.6484375
9167,8,F6,167,11.342,a,S1 obj,35,co2a0000375,0.65234375
9168,8,F6,168,18.178,a,S1 obj,35,co2a0000375,0.65625
9169,8,F6,169,24.038,a,S1 obj,35,co2a0000375,0.66015625
9170,8,F6,170,25.503,a,S1 obj,35,co2a0000375,0.6640625
9171,8,F6,171,21.108,a,S1 obj,35,co2a0000375,0.66796875
9172,8,F6,172,14.272,a,S1 obj,35,co2a0000375,0.671875
9173,8,F6,173,9.878,a,S1 obj,35,co2a0000375,0.67578125
9174,8,F6,174,10.366,a,S1 obj,35,co2a0000375,0.6796875
9175,8,F6,175,14.76,a,S1 obj,35,co2a0000375,0.68359375
9176,8,F6,176,18.178,a,S1 obj,35,co2a0000375,0.6875
9177,8,F6,177,18.178,a,S1 obj,35,co2a0000375,0.69140625
9178,8,F6,178,13.784,a,S1 obj,35,co2a0000375,0.6953125
9179,8,F6,179,8.901,a,S1 obj,35,co2a0000375,0.69921875
9180,8,F6,180,7.436,a,S1 obj,35,co2a0000375,0.703125
9181,8,F6,181,10.854,a,S1 obj,35,co2a0000375,0.70703125
9182,8,F6,182,16.713,a,S1 obj,35,co2a0000375,0.7109375
9183,8,F6,183,21.596,a,S1 obj,35,co2a0000375,0.71484375
9184,8,F6,184,23.061,a,S1 obj,35,co2a0000375,0.71875
9185,8,F6,185,22.085,a,S1 obj,35,co2a0000375,0.72265625
9186,8,F6,186,20.62,a,S1 obj,35,co2a0000375,0.7265625
9187,8,F6,187,19.643,a,S1 obj,35,co2a0000375,0.73046875
9188,8,F6,188,20.62,a,S1 obj,35,co2a0000375,0.734375
9189,8,F6,189,21.596,a,S1 obj,35,co2a0000375,0.73828125
9190,8,F6,190,23.061,a,S1 obj,35,co2a0000375,0.7421875
9191,8,F6,191,24.038,a,S1 obj,35,co2a0000375,0.74609375
9192,8,F6,192,25.014,a,S1 obj,35,co2a0000375,0.75
9193,8,F6,193,25.014,a,S1 obj,35,co2a0000375,0.75390625
9194,8,F6,194,23.549,a,S1 obj,35,co2a0000375,0.7578125
9195,8,F6,195,21.596,a,S1 obj,35,co2a0000375,0.76171875
9196,8,F6,196,20.131,a,S1 obj,35,co2a0000375,0.765625
9197,8,F6,197,19.643,a,S1 obj,35,co2a0000375,0.76953125
9198,8,F6,198,21.596,a,S1 obj,35,co2a0000375,0.7734375
9199,8,F6,199,24.526,a,S1 obj,35,co2a0000375,0.77734375
9200,8,F6,200,27.456,a,S1 obj,35,co2a0000375,0.78125
9201,8,F6,201,28.92,a,S1 obj,35,co2a0000375,0.78515625
9202,8,F6,202,29.409,a,S1 obj,35,co2a0000375,0.7890625
9203,8,F6,203,28.92,a,S1 obj,35,co2a0000375,0.79296875
9204,8,F6,204,27.944,a,S1 obj,35,co2a0000375,0.796875
9205,8,F6,205,26.479,a,S1 obj,35,co2a0000375,0.80078125
9206,8,F6,206,25.014,a,S1 obj,35,co2a0000375,0.8046875
9207,8,F6,207,24.526,a,S1 obj,35,co2a0000375,0.80859375
9208,8,F6,208,25.014,a,S1 obj,35,co2a0000375,0.8125
9209,8,F6,209,25.503,a,S1 obj,35,co2a0000375,0.81640625
9210,8,F6,210,26.479,a,S1 obj,35,co2a0000375,0.8203125
9211,8,F6,211,27.456,a,S1 obj,35,co2a0000375,0.82421875
9212,8,F6,212,29.409,a,S1 obj,35,co2a0000375,0.828125
9213,8,F6,213,31.362,a,S1 obj,35,co2a0000375,0.83203125
9214,8,F6,214,33.315,a,S1 obj,35,co2a0000375,0.8359375
9215,8,F6,215,33.315,a,S1 obj,35,co2a0000375,0.83984375
9216,8,F6,216,30.385,a,S1 obj,35,co2a0000375,0.84375
9217,8,F6,217,25.503,a,S1 obj,35,co2a0000375,0.84765625
9218,8,F6,218,21.108,a,S1 obj,35,co2a0000375,0.8515625
9219,8,F6,219,18.667,a,S1 obj,35,co2a0000375,0.85546875
9220,8,F6,220,20.131,a,S1 obj,35,co2a0000375,0.859375
9221,8,F6,221,22.573,a,S1 obj,35,co2a0000375,0.86328125
9222,8,F6,222,24.038,a,S1 obj,35,co2a0000375,0.8671875
9223,8,F6,223,24.038,a,S1 obj,35,co2a0000375,0.87109375
9224,8,F6,224,22.085,a,S1 obj,35,co2a0000375,0.875
9225,8,F6,225,20.62,a,S1 obj,35,co2a0000375,0.87890625
9226,8,F6,226,19.643,a,S1 obj,35,co2a0000375,0.8828125
9227,8,F6,227,20.131,a,S1 obj,35,co2a0000375,0.88671875
9228,8,F6,228,21.108,a,S1 obj,35,co2a0000375,0.890625
9229,8,F6,229,22.573,a,S1 obj,35,co2a0000375,0.89453125
9230,8,F6,230,25.503,a,S1 obj,35,co2a0000375,0.8984375
9231,8,F6,231,27.944,a,S1 obj,35,co2a0000375,0.90234375
9232,8,F6,232,28.92,a,S1 obj,35,co2a0000375,0.90625
9233,8,F6,233,27.456,a,S1 obj,35,co2a0000375,0.91015625
9234,8,F6,234,23.549,a,S1 obj,35,co2a0000375,0.9140625
9235,8,F6,235,21.108,a,S1 obj,35,co2a0000375,0.91796875
9236,8,F6,236,22.085,a,S1 obj,35,co2a0000375,0.921875
9237,8,F6,237,26.479,a,S1 obj,35,co2a0000375,0.92578125
9238,8,F6,238,30.385,a,S1 obj,35,co2a0000375,0.9296875
9239,8,F6,239,30.385,a,S1 obj,35,co2a0000375,0.93359375
9240,8,F6,240,25.503,a,S1 obj,35,co2a0000375,0.9375
9241,8,F6,241,19.155,a,S1 obj,35,co2a0000375,0.94140625
9242,8,F6,242,14.76,a,S1 obj,35,co2a0000375,0.9453125
9243,8,F6,243,14.76,a,S1 obj,35,co2a0000375,0.94921875
9244,8,F6,244,17.69,a,S1 obj,35,co2a0000375,0.953125
9245,8,F6,245,20.131,a,S1 obj,35,co2a0000375,0.95703125
9246,8,F6,246,19.643,a,S1 obj,35,co2a0000375,0.9609375
9247,8,F6,247,18.178,a,S1 obj,35,co2a0000375,0.96484375
9248,8,F6,248,17.69,a,S1 obj,35,co2a0000375,0.96875
9249,8,F6,249,19.155,a,S1 obj,35,co2a0000375,0.97265625
9250,8,F6,250,21.108,a,S1 obj,35,co2a0000375,0.9765625
9251,8,F6,251,19.643,a,S1 obj,35,co2a0000375,0.98046875
9252,8,F6,252,15.249,a,S1 obj,35,co2a0000375,0.984375
9253,8,F6,253,10.366,a,S1 obj,35,co2a0000375,0.98828125
9254,8,F6,254,9.389,a,S1 obj,35,co2a0000375,0.9921875
9255,8,F6,255,13.295,a,S1 obj,35,co2a0000375,0.99609375
9257,8,FT7,0,3.082,a,S1 obj,36,co2a0000375,0.0
9258,8,FT7,1,2.106,a,S1 obj,36,co2a0000375,0.00390625
9259,8,FT7,2,3.082,a,S1 obj,36,co2a0000375,0.0078125
9260,8,FT7,3,6.012,a,S1 obj,36,co2a0000375,0.01171875
9261,8,FT7,4,10.406,a,S1 obj,36,co2a0000375,0.015625
9262,8,FT7,5,14.313,a,S1 obj,36,co2a0000375,0.01953125
9263,8,FT7,6,16.266,a,S1 obj,36,co2a0000375,0.0234375
9264,8,FT7,7,15.289,a,S1 obj,36,co2a0000375,0.02734375
9265,8,FT7,8,11.383,a,S1 obj,36,co2a0000375,0.03125
9266,8,FT7,9,5.035,a,S1 obj,36,co2a0000375,0.03515625
9267,8,FT7,10,-1.312,a,S1 obj,36,co2a0000375,0.0390625
9268,8,FT7,11,-6.683,a,S1 obj,36,co2a0000375,0.04296875
9269,8,FT7,12,-8.148,a,S1 obj,36,co2a0000375,0.046875
9270,8,FT7,13,-5.219,a,S1 obj,36,co2a0000375,0.05078125
9271,8,FT7,14,0.153,a,S1 obj,36,co2a0000375,0.0546875
9272,8,FT7,15,6.012,a,S1 obj,36,co2a0000375,0.05859375
9273,8,FT7,16,8.453,a,S1 obj,36,co2a0000375,0.0625
9274,8,FT7,17,7.965,a,S1 obj,36,co2a0000375,0.06640625
9275,8,FT7,18,6.5,a,S1 obj,36,co2a0000375,0.0703125
9276,8,FT7,19,6.989,a,S1 obj,36,co2a0000375,0.07421875
9277,8,FT7,20,9.43,a,S1 obj,36,co2a0000375,0.078125
9278,8,FT7,21,13.336,a,S1 obj,36,co2a0000375,0.08203125
9279,8,FT7,22,16.754,a,S1 obj,36,co2a0000375,0.0859375
9280,8,FT7,23,16.754,a,S1 obj,36,co2a0000375,0.08984375
9281,8,FT7,24,14.801,a,S1 obj,36,co2a0000375,0.09375
9282,8,FT7,25,12.36,a,S1 obj,36,co2a0000375,0.09765625
9283,8,FT7,26,11.871,a,S1 obj,36,co2a0000375,0.1015625
9284,8,FT7,27,13.336,a,S1 obj,36,co2a0000375,0.10546875
9285,8,FT7,28,15.778,a,S1 obj,36,co2a0000375,0.109375
9286,8,FT7,29,16.266,a,S1 obj,36,co2a0000375,0.11328125
9287,8,FT7,30,13.336,a,S1 obj,36,co2a0000375,0.1171875
9288,8,FT7,31,8.942,a,S1 obj,36,co2a0000375,0.12109375
9289,8,FT7,32,4.059,a,S1 obj,36,co2a0000375,0.125
9290,8,FT7,33,1.129,a,S1 obj,36,co2a0000375,0.12890625
9291,8,FT7,34,1.129,a,S1 obj,36,co2a0000375,0.1328125
9292,8,FT7,35,3.571,a,S1 obj,36,co2a0000375,0.13671875
9293,8,FT7,36,6.012,a,S1 obj,36,co2a0000375,0.140625
9294,8,FT7,37,6.989,a,S1 obj,36,co2a0000375,0.14453125
9295,8,FT7,38,6.012,a,S1 obj,36,co2a0000375,0.1484375
9296,8,FT7,39,4.059,a,S1 obj,36,co2a0000375,0.15234375
9297,8,FT7,40,3.571,a,S1 obj,36,co2a0000375,0.15625
9298,8,FT7,41,4.059,a,S1 obj,36,co2a0000375,0.16015625
9299,8,FT7,42,6.5,a,S1 obj,36,co2a0000375,0.1640625
9300,8,FT7,43,8.453,a,S1 obj,36,co2a0000375,0.16796875
9301,8,FT7,44,9.918,a,S1 obj,36,co2a0000375,0.171875
9302,8,FT7,45,9.43,a,S1 obj,36,co2a0000375,0.17578125
9303,8,FT7,46,7.965,a,S1 obj,36,co2a0000375,0.1796875
9304,8,FT7,47,6.012,a,S1 obj,36,co2a0000375,0.18359375
9305,8,FT7,48,4.059,a,S1 obj,36,co2a0000375,0.1875
9306,8,FT7,49,2.594,a,S1 obj,36,co2a0000375,0.19140625
9307,8,FT7,50,2.106,a,S1 obj,36,co2a0000375,0.1953125
9308,8,FT7,51,3.082,a,S1 obj,36,co2a0000375,0.19921875
9309,8,FT7,52,4.547,a,S1 obj,36,co2a0000375,0.203125
9310,8,FT7,53,6.012,a,S1 obj,36,co2a0000375,0.20703125
9311,8,FT7,54,6.012,a,S1 obj,36,co2a0000375,0.2109375
9312,8,FT7,55,5.524,a,S1 obj,36,co2a0000375,0.21484375
9313,8,FT7,56,5.035,a,S1 obj,36,co2a0000375,0.21875
9314,8,FT7,57,5.035,a,S1 obj,36,co2a0000375,0.22265625
9315,8,FT7,58,6.012,a,S1 obj,36,co2a0000375,0.2265625
9316,8,FT7,59,6.989,a,S1 obj,36,co2a0000375,0.23046875
9317,8,FT7,60,8.942,a,S1 obj,36,co2a0000375,0.234375
9318,8,FT7,61,10.406,a,S1 obj,36,co2a0000375,0.23828125
9319,8,FT7,62,12.36,a,S1 obj,36,co2a0000375,0.2421875
9320,8,FT7,63,13.824,a,S1 obj,36,co2a0000375,0.24609375
9321,8,FT7,64,15.289,a,S1 obj,36,co2a0000375,0.25
9322,8,FT7,65,16.266,a,S1 obj,36,co2a0000375,0.25390625
9323,8,FT7,66,15.778,a,S1 obj,36,co2a0000375,0.2578125
9324,8,FT7,67,13.336,a,S1 obj,36,co2a0000375,0.26171875
9325,8,FT7,68,10.406,a,S1 obj,36,co2a0000375,0.265625
9326,8,FT7,69,7.965,a,S1 obj,36,co2a0000375,0.26953125
9327,8,FT7,70,6.5,a,S1 obj,36,co2a0000375,0.2734375
9328,8,FT7,71,6.989,a,S1 obj,36,co2a0000375,0.27734375
9329,8,FT7,72,8.453,a,S1 obj,36,co2a0000375,0.28125
9330,8,FT7,73,10.406,a,S1 obj,36,co2a0000375,0.28515625
9331,8,FT7,74,10.895,a,S1 obj,36,co2a0000375,0.2890625
9332,8,FT7,75,9.918,a,S1 obj,36,co2a0000375,0.29296875
9333,8,FT7,76,8.453,a,S1 obj,36,co2a0000375,0.296875
9334,8,FT7,77,6.5,a,S1 obj,36,co2a0000375,0.30078125
9335,8,FT7,78,4.059,a,S1 obj,36,co2a0000375,0.3046875
9336,8,FT7,79,3.082,a,S1 obj,36,co2a0000375,0.30859375
9337,8,FT7,80,4.059,a,S1 obj,36,co2a0000375,0.3125
9338,8,FT7,81,6.5,a,S1 obj,36,co2a0000375,0.31640625
9339,8,FT7,82,9.918,a,S1 obj,36,co2a0000375,0.3203125
9340,8,FT7,83,13.336,a,S1 obj,36,co2a0000375,0.32421875
9341,8,FT7,84,15.778,a,S1 obj,36,co2a0000375,0.328125
9342,8,FT7,85,15.778,a,S1 obj,36,co2a0000375,0.33203125
9343,8,FT7,86,13.824,a,S1 obj,36,co2a0000375,0.3359375
9344,8,FT7,87,11.383,a,S1 obj,36,co2a0000375,0.33984375
9345,8,FT7,88,9.43,a,S1 obj,36,co2a0000375,0.34375
9346,8,FT7,89,8.453,a,S1 obj,36,co2a0000375,0.34765625
9347,8,FT7,90,7.965,a,S1 obj,36,co2a0000375,0.3515625
9348,8,FT7,91,7.965,a,S1 obj,36,co2a0000375,0.35546875
9349,8,FT7,92,6.989,a,S1 obj,36,co2a0000375,0.359375
9350,8,FT7,93,4.547,a,S1 obj,36,co2a0000375,0.36328125
9351,8,FT7,94,2.594,a,S1 obj,36,co2a0000375,0.3671875
9352,8,FT7,95,1.129,a,S1 obj,36,co2a0000375,0.37109375
9353,8,FT7,96,2.106,a,S1 obj,36,co2a0000375,0.375
9354,8,FT7,97,4.547,a,S1 obj,36,co2a0000375,0.37890625
9355,8,FT7,98,7.965,a,S1 obj,36,co2a0000375,0.3828125
9356,8,FT7,99,10.895,a,S1 obj,36,co2a0000375,0.38671875
9357,8,FT7,100,11.383,a,S1 obj,36,co2a0000375,0.390625
9358,8,FT7,101,10.895,a,S1 obj,36,co2a0000375,0.39453125
9359,8,FT7,102,9.918,a,S1 obj,36,co2a0000375,0.3984375
9360,8,FT7,103,11.383,a,S1 obj,36,co2a0000375,0.40234375
9361,8,FT7,104,13.336,a,S1 obj,36,co2a0000375,0.40625
9362,8,FT7,105,16.266,a,S1 obj,36,co2a0000375,0.41015625
9363,8,FT7,106,16.754,a,S1 obj,36,co2a0000375,0.4140625
9364,8,FT7,107,14.801,a,S1 obj,36,co2a0000375,0.41796875
9365,8,FT7,108,11.871,a,S1 obj,36,co2a0000375,0.421875
9366,8,FT7,109,8.942,a,S1 obj,36,co2a0000375,0.42578125
9367,8,FT7,110,7.965,a,S1 obj,36,co2a0000375,0.4296875
9368,8,FT7,111,8.453,a,S1 obj,36,co2a0000375,0.43359375
9369,8,FT7,112,9.43,a,S1 obj,36,co2a0000375,0.4375
9370,8,FT7,113,10.895,a,S1 obj,36,co2a0000375,0.44140625
9371,8,FT7,114,11.871,a,S1 obj,36,co2a0000375,0.4453125
9372,8,FT7,115,12.848,a,S1 obj,36,co2a0000375,0.44921875
9373,8,FT7,116,13.336,a,S1 obj,36,co2a0000375,0.453125
9374,8,FT7,117,12.848,a,S1 obj,36,co2a0000375,0.45703125
9375,8,FT7,118,11.383,a,S1 obj,36,co2a0000375,0.4609375
9376,8,FT7,119,8.453,a,S1 obj,36,co2a0000375,0.46484375
9377,8,FT7,120,5.524,a,S1 obj,36,co2a0000375,0.46875
9378,8,FT7,121,4.059,a,S1 obj,36,co2a0000375,0.47265625
9379,8,FT7,122,5.035,a,S1 obj,36,co2a0000375,0.4765625
9380,8,FT7,123,7.965,a,S1 obj,36,co2a0000375,0.48046875
9381,8,FT7,124,11.383,a,S1 obj,36,co2a0000375,0.484375
9382,8,FT7,125,15.289,a,S1 obj,36,co2a0000375,0.48828125
9383,8,FT7,126,18.707,a,S1 obj,36,co2a0000375,0.4921875
9384,8,FT7,127,21.149,a,S1 obj,36,co2a0000375,0.49609375
9385,8,FT7,128,22.614,a,S1 obj,36,co2a0000375,0.5
9386,8,FT7,129,21.149,a,S1 obj,36,co2a0000375,0.50390625
9387,8,FT7,130,18.707,a,S1 obj,36,co2a0000375,0.5078125
9388,8,FT7,131,16.266,a,S1 obj,36,co2a0000375,0.51171875
9389,8,FT7,132,15.778,a,S1 obj,36,co2a0000375,0.515625
9390,8,FT7,133,17.242,a,S1 obj,36,co2a0000375,0.51953125
9391,8,FT7,134,19.684,a,S1 obj,36,co2a0000375,0.5234375
9392,8,FT7,135,20.172,a,S1 obj,36,co2a0000375,0.52734375
9393,8,FT7,136,18.219,a,S1 obj,36,co2a0000375,0.53125
9394,8,FT7,137,15.778,a,S1 obj,36,co2a0000375,0.53515625
9395,8,FT7,138,14.801,a,S1 obj,36,co2a0000375,0.5390625
9396,8,FT7,139,17.242,a,S1 obj,36,co2a0000375,0.54296875
9397,8,FT7,140,20.66,a,S1 obj,36,co2a0000375,0.546875
9398,8,FT7,141,22.614,a,S1 obj,36,co2a0000375,0.55078125
9399,8,FT7,142,22.125,a,S1 obj,36,co2a0000375,0.5546875
9400,8,FT7,143,20.66,a,S1 obj,36,co2a0000375,0.55859375
9401,8,FT7,144,21.149,a,S1 obj,36,co2a0000375,0.5625
9402,8,FT7,145,25.055,a,S1 obj,36,co2a0000375,0.56640625
9403,8,FT7,146,31.403,a,S1 obj,36,co2a0000375,0.5703125
9404,8,FT7,147,36.774,a,S1 obj,36,co2a0000375,0.57421875
9405,8,FT7,148,39.215,a,S1 obj,36,co2a0000375,0.578125
9406,8,FT7,149,37.75,a,S1 obj,36,co2a0000375,0.58203125
9407,8,FT7,150,35.309,a,S1 obj,36,co2a0000375,0.5859375
9408,8,FT7,151,33.844,a,S1 obj,36,co2a0000375,0.58984375
9409,8,FT7,152,34.332,a,S1 obj,36,co2a0000375,0.59375
9410,8,FT7,153,34.821,a,S1 obj,36,co2a0000375,0.59765625
9411,8,FT7,154,34.332,a,S1 obj,36,co2a0000375,0.6015625
9412,8,FT7,155,32.379,a,S1 obj,36,co2a0000375,0.60546875
9413,8,FT7,156,28.961,a,S1 obj,36,co2a0000375,0.609375
9414,8,FT7,157,26.52,a,S1 obj,36,co2a0000375,0.61328125
9415,8,FT7,158,25.055,a,S1 obj,36,co2a0000375,0.6171875
9416,8,FT7,159,24.567,a,S1 obj,36,co2a0000375,0.62109375
9417,8,FT7,160,23.59,a,S1 obj,36,co2a0000375,0.625
9418,8,FT7,161,22.125,a,S1 obj,36,co2a0000375,0.62890625
9419,8,FT7,162,22.125,a,S1 obj,36,co2a0000375,0.6328125
9420,8,FT7,163,24.567,a,S1 obj,36,co2a0000375,0.63671875
9421,8,FT7,164,29.938,a,S1 obj,36,co2a0000375,0.640625
9422,8,FT7,165,35.797,a,S1 obj,36,co2a0000375,0.64453125
9423,8,FT7,166,39.215,a,S1 obj,36,co2a0000375,0.6484375
9424,8,FT7,167,38.727,a,S1 obj,36,co2a0000375,0.65234375
9425,8,FT7,168,35.797,a,S1 obj,36,co2a0000375,0.65625
9426,8,FT7,169,32.867,a,S1 obj,36,co2a0000375,0.66015625
9427,8,FT7,170,32.867,a,S1 obj,36,co2a0000375,0.6640625
9428,8,FT7,171,35.309,a,S1 obj,36,co2a0000375,0.66796875
9429,8,FT7,172,38.239,a,S1 obj,36,co2a0000375,0.671875
9430,8,FT7,173,38.727,a,S1 obj,36,co2a0000375,0.67578125
9431,8,FT7,174,37.262,a,S1 obj,36,co2a0000375,0.6796875
9432,8,FT7,175,35.309,a,S1 obj,36,co2a0000375,0.68359375
9433,8,FT7,176,34.332,a,S1 obj,36,co2a0000375,0.6875
9434,8,FT7,177,36.285,a,S1 obj,36,co2a0000375,0.69140625
9435,8,FT7,178,39.215,a,S1 obj,36,co2a0000375,0.6953125
9436,8,FT7,179,41.168,a,S1 obj,36,co2a0000375,0.69921875
9437,8,FT7,180,41.656,a,S1 obj,36,co2a0000375,0.703125
9438,8,FT7,181,40.192,a,S1 obj,36,co2a0000375,0.70703125
9439,8,FT7,182,38.239,a,S1 obj,36,co2a0000375,0.7109375
9440,8,FT7,183,37.262,a,S1 obj,36,co2a0000375,0.71484375
9441,8,FT7,184,37.262,a,S1 obj,36,co2a0000375,0.71875
9442,8,FT7,185,38.239,a,S1 obj,36,co2a0000375,0.72265625
9443,8,FT7,186,39.703,a,S1 obj,36,co2a0000375,0.7265625
9444,8,FT7,187,41.168,a,S1 obj,36,co2a0000375,0.73046875
9445,8,FT7,188,42.633,a,S1 obj,36,co2a0000375,0.734375
9446,8,FT7,189,44.586,a,S1 obj,36,co2a0000375,0.73828125
9447,8,FT7,190,47.516,a,S1 obj,36,co2a0000375,0.7421875
9448,8,FT7,191,50.934,a,S1 obj,36,co2a0000375,0.74609375
9449,8,FT7,192,52.887,a,S1 obj,36,co2a0000375,0.75
9450,8,FT7,193,53.375,a,S1 obj,36,co2a0000375,0.75390625
9451,8,FT7,194,50.446,a,S1 obj,36,co2a0000375,0.7578125
9452,8,FT7,195,46.539,a,S1 obj,36,co2a0000375,0.76171875
9453,8,FT7,196,43.121,a,S1 obj,36,co2a0000375,0.765625
9454,8,FT7,197,43.121,a,S1 obj,36,co2a0000375,0.76953125
9455,8,FT7,198,45.563,a,S1 obj,36,co2a0000375,0.7734375
9456,8,FT7,199,48.981,a,S1 obj,36,co2a0000375,0.77734375
9457,8,FT7,200,50.934,a,S1 obj,36,co2a0000375,0.78125
9458,8,FT7,201,51.91,a,S1 obj,36,co2a0000375,0.78515625
9459,8,FT7,202,51.91,a,S1 obj,36,co2a0000375,0.7890625
9460,8,FT7,203,52.399,a,S1 obj,36,co2a0000375,0.79296875
9461,8,FT7,204,53.864,a,S1 obj,36,co2a0000375,0.796875
9462,8,FT7,205,55.817,a,S1 obj,36,co2a0000375,0.80078125
9463,8,FT7,206,55.328,a,S1 obj,36,co2a0000375,0.8046875
9464,8,FT7,207,52.887,a,S1 obj,36,co2a0000375,0.80859375
9465,8,FT7,208,49.469,a,S1 obj,36,co2a0000375,0.8125
9466,8,FT7,209,48.004,a,S1 obj,36,co2a0000375,0.81640625
9467,8,FT7,210,49.469,a,S1 obj,36,co2a0000375,0.8203125
9468,8,FT7,211,53.375,a,S1 obj,36,co2a0000375,0.82421875
9469,8,FT7,212,58.258,a,S1 obj,36,co2a0000375,0.828125
9470,8,FT7,213,61.676,a,S1 obj,36,co2a0000375,0.83203125
9471,8,FT7,214,62.653,a,S1 obj,36,co2a0000375,0.8359375
9472,8,FT7,215,62.653,a,S1 obj,36,co2a0000375,0.83984375
9473,8,FT7,216,62.653,a,S1 obj,36,co2a0000375,0.84375
9474,8,FT7,217,62.653,a,S1 obj,36,co2a0000375,0.84765625
9475,8,FT7,218,63.629,a,S1 obj,36,co2a0000375,0.8515625
9476,8,FT7,219,63.141,a,S1 obj,36,co2a0000375,0.85546875
9477,8,FT7,220,61.676,a,S1 obj,36,co2a0000375,0.859375
9478,8,FT7,221,58.258,a,S1 obj,36,co2a0000375,0.86328125
9479,8,FT7,222,55.328,a,S1 obj,36,co2a0000375,0.8671875
9480,8,FT7,223,51.91,a,S1 obj,36,co2a0000375,0.87109375
9481,8,FT7,224,49.469,a,S1 obj,36,co2a0000375,0.875
9482,8,FT7,225,47.516,a,S1 obj,36,co2a0000375,0.87890625
9483,8,FT7,226,47.028,a,S1 obj,36,co2a0000375,0.8828125
9484,8,FT7,227,47.516,a,S1 obj,36,co2a0000375,0.88671875
9485,8,FT7,228,49.469,a,S1 obj,36,co2a0000375,0.890625
9486,8,FT7,229,51.91,a,S1 obj,36,co2a0000375,0.89453125
9487,8,FT7,230,53.375,a,S1 obj,36,co2a0000375,0.8984375
9488,8,FT7,231,53.375,a,S1 obj,36,co2a0000375,0.90234375
9489,8,FT7,232,51.91,a,S1 obj,36,co2a0000375,0.90625
9490,8,FT7,233,49.957,a,S1 obj,36,co2a0000375,0.91015625
9491,8,FT7,234,49.957,a,S1 obj,36,co2a0000375,0.9140625
9492,8,FT7,235,51.422,a,S1 obj,36,co2a0000375,0.91796875
9493,8,FT7,236,52.887,a,S1 obj,36,co2a0000375,0.921875
9494,8,FT7,237,52.887,a,S1 obj,36,co2a0000375,0.92578125
9495,8,FT7,238,50.446,a,S1 obj,36,co2a0000375,0.9296875
9496,8,FT7,239,47.028,a,S1 obj,36,co2a0000375,0.93359375
9497,8,FT7,240,44.586,a,S1 obj,36,co2a0000375,0.9375
9498,8,FT7,241,44.098,a,S1 obj,36,co2a0000375,0.94140625
9499,8,FT7,242,45.563,a,S1 obj,36,co2a0000375,0.9453125
9500,8,FT7,243,46.051,a,S1 obj,36,co2a0000375,0.94921875
9501,8,FT7,244,45.074,a,S1 obj,36,co2a0000375,0.953125
9502,8,FT7,245,43.121,a,S1 obj,36,co2a0000375,0.95703125
9503,8,FT7,246,43.121,a,S1 obj,36,co2a0000375,0.9609375
9504,8,FT7,247,45.074,a,S1 obj,36,co2a0000375,0.96484375
9505,8,FT7,248,48.492,a,S1 obj,36,co2a0000375,0.96875
9506,8,FT7,249,51.422,a,S1 obj,36,co2a0000375,0.97265625
9507,8,FT7,250,51.91,a,S1 obj,36,co2a0000375,0.9765625
9508,8,FT7,251,50.446,a,S1 obj,36,co2a0000375,0.98046875
9509,8,FT7,252,49.957,a,S1 obj,36,co2a0000375,0.984375
9510,8,FT7,253,50.934,a,S1 obj,36,co2a0000375,0.98828125
9511,8,FT7,254,53.864,a,S1 obj,36,co2a0000375,0.9921875
9512,8,FT7,255,57.281,a,S1 obj,36,co2a0000375,0.99609375
9514,8,FT8,0,0.336,a,S1 obj,37,co2a0000375,0.0
9515,8,FT8,1,-1.129,a,S1 obj,37,co2a0000375,0.00390625
9516,8,FT8,2,-1.617,a,S1 obj,37,co2a0000375,0.0078125
9517,8,FT8,3,-0.641,a,S1 obj,37,co2a0000375,0.01171875
9518,8,FT8,4,1.312,a,S1 obj,37,co2a0000375,0.015625
9519,8,FT8,5,3.265,a,S1 obj,37,co2a0000375,0.01953125
9520,8,FT8,6,4.242,a,S1 obj,37,co2a0000375,0.0234375
9521,8,FT8,7,4.242,a,S1 obj,37,co2a0000375,0.02734375
9522,8,FT8,8,3.754,a,S1 obj,37,co2a0000375,0.03125
9523,8,FT8,9,2.289,a,S1 obj,37,co2a0000375,0.03515625
9524,8,FT8,10,-0.153,a,S1 obj,37,co2a0000375,0.0390625
9525,8,FT8,11,-3.082,a,S1 obj,37,co2a0000375,0.04296875
9526,8,FT8,12,-5.524,a,S1 obj,37,co2a0000375,0.046875
9527,8,FT8,13,-7.477,a,S1 obj,37,co2a0000375,0.05078125
9528,8,FT8,14,-6.5,a,S1 obj,37,co2a0000375,0.0546875
9529,8,FT8,15,-3.571,a,S1 obj,37,co2a0000375,0.05859375
9530,8,FT8,16,0.336,a,S1 obj,37,co2a0000375,0.0625
9531,8,FT8,17,3.265,a,S1 obj,37,co2a0000375,0.06640625
9532,8,FT8,18,4.73,a,S1 obj,37,co2a0000375,0.0703125
9533,8,FT8,19,4.73,a,S1 obj,37,co2a0000375,0.07421875
9534,8,FT8,20,5.219,a,S1 obj,37,co2a0000375,0.078125
9535,8,FT8,21,6.195,a,S1 obj,37,co2a0000375,0.08203125
9536,8,FT8,22,8.148,a,S1 obj,37,co2a0000375,0.0859375
9537,8,FT8,23,10.101,a,S1 obj,37,co2a0000375,0.08984375
9538,8,FT8,24,10.59,a,S1 obj,37,co2a0000375,0.09375
9539,8,FT8,25,9.613,a,S1 obj,37,co2a0000375,0.09765625
9540,8,FT8,26,8.148,a,S1 obj,37,co2a0000375,0.1015625
9541,8,FT8,27,6.683,a,S1 obj,37,co2a0000375,0.10546875
9542,8,FT8,28,6.195,a,S1 obj,37,co2a0000375,0.109375
9543,8,FT8,29,6.195,a,S1 obj,37,co2a0000375,0.11328125
9544,8,FT8,30,6.195,a,S1 obj,37,co2a0000375,0.1171875
9545,8,FT8,31,6.195,a,S1 obj,37,co2a0000375,0.12109375
9546,8,FT8,32,6.195,a,S1 obj,37,co2a0000375,0.125
9547,8,FT8,33,6.195,a,S1 obj,37,co2a0000375,0.12890625
9548,8,FT8,34,6.683,a,S1 obj,37,co2a0000375,0.1328125
9549,8,FT8,35,6.683,a,S1 obj,37,co2a0000375,0.13671875
9550,8,FT8,36,6.683,a,S1 obj,37,co2a0000375,0.140625
9551,8,FT8,37,6.195,a,S1 obj,37,co2a0000375,0.14453125
9552,8,FT8,38,5.219,a,S1 obj,37,co2a0000375,0.1484375
9553,8,FT8,39,3.754,a,S1 obj,37,co2a0000375,0.15234375
9554,8,FT8,40,1.801,a,S1 obj,37,co2a0000375,0.15625
9555,8,FT8,41,-0.153,a,S1 obj,37,co2a0000375,0.16015625
9556,8,FT8,42,-1.129,a,S1 obj,37,co2a0000375,0.1640625
9557,8,FT8,43,-0.641,a,S1 obj,37,co2a0000375,0.16796875
9558,8,FT8,44,0.824,a,S1 obj,37,co2a0000375,0.171875
9559,8,FT8,45,0.824,a,S1 obj,37,co2a0000375,0.17578125
9560,8,FT8,46,-0.641,a,S1 obj,37,co2a0000375,0.1796875
9561,8,FT8,47,-3.571,a,S1 obj,37,co2a0000375,0.18359375
9562,8,FT8,48,-6.5,a,S1 obj,37,co2a0000375,0.1875
9563,8,FT8,49,-6.989,a,S1 obj,37,co2a0000375,0.19140625
9564,8,FT8,50,-3.082,a,S1 obj,37,co2a0000375,0.1953125
9565,8,FT8,51,2.289,a,S1 obj,37,co2a0000375,0.19921875
9566,8,FT8,52,7.66,a,S1 obj,37,co2a0000375,0.203125
9567,8,FT8,53,10.101,a,S1 obj,37,co2a0000375,0.20703125
9568,8,FT8,54,9.613,a,S1 obj,37,co2a0000375,0.2109375
9569,8,FT8,55,8.148,a,S1 obj,37,co2a0000375,0.21484375
9570,8,FT8,56,8.148,a,S1 obj,37,co2a0000375,0.21875
9571,8,FT8,57,9.125,a,S1 obj,37,co2a0000375,0.22265625
9572,8,FT8,58,11.078,a,S1 obj,37,co2a0000375,0.2265625
9573,8,FT8,59,11.566,a,S1 obj,37,co2a0000375,0.23046875
9574,8,FT8,60,11.566,a,S1 obj,37,co2a0000375,0.234375
9575,8,FT8,61,11.566,a,S1 obj,37,co2a0000375,0.23828125
9576,8,FT8,62,14.496,a,S1 obj,37,co2a0000375,0.2421875
9577,8,FT8,63,17.914,a,S1 obj,37,co2a0000375,0.24609375
9578,8,FT8,64,21.82,a,S1 obj,37,co2a0000375,0.25
9579,8,FT8,65,23.773,a,S1 obj,37,co2a0000375,0.25390625
9580,8,FT8,66,24.261,a,S1 obj,37,co2a0000375,0.2578125
9581,8,FT8,67,23.773,a,S1 obj,37,co2a0000375,0.26171875
9582,8,FT8,68,24.261,a,S1 obj,37,co2a0000375,0.265625
9583,8,FT8,69,24.75,a,S1 obj,37,co2a0000375,0.26953125
9584,8,FT8,70,24.261,a,S1 obj,37,co2a0000375,0.2734375
9585,8,FT8,71,20.844,a,S1 obj,37,co2a0000375,0.27734375
9586,8,FT8,72,15.472,a,S1 obj,37,co2a0000375,0.28125
9587,8,FT8,73,11.078,a,S1 obj,37,co2a0000375,0.28515625
9588,8,FT8,74,8.636,a,S1 obj,37,co2a0000375,0.2890625
9589,8,FT8,75,9.613,a,S1 obj,37,co2a0000375,0.29296875
9590,8,FT8,76,11.566,a,S1 obj,37,co2a0000375,0.296875
9591,8,FT8,77,13.031,a,S1 obj,37,co2a0000375,0.30078125
9592,8,FT8,78,13.519,a,S1 obj,37,co2a0000375,0.3046875
9593,8,FT8,79,14.008,a,S1 obj,37,co2a0000375,0.30859375
9594,8,FT8,80,16.449,a,S1 obj,37,co2a0000375,0.3125
9595,8,FT8,81,20.355,a,S1 obj,37,co2a0000375,0.31640625
9596,8,FT8,82,22.308,a,S1 obj,37,co2a0000375,0.3203125
9597,8,FT8,83,20.844,a,S1 obj,37,co2a0000375,0.32421875
9598,8,FT8,84,16.449,a,S1 obj,37,co2a0000375,0.328125
9599,8,FT8,85,11.078,a,S1 obj,37,co2a0000375,0.33203125
9600,8,FT8,86,8.636,a,S1 obj,37,co2a0000375,0.3359375
9601,8,FT8,87,9.613,a,S1 obj,37,co2a0000375,0.33984375
9602,8,FT8,88,11.566,a,S1 obj,37,co2a0000375,0.34375
9603,8,FT8,89,10.59,a,S1 obj,37,co2a0000375,0.34765625
9604,8,FT8,90,6.195,a,S1 obj,37,co2a0000375,0.3515625
9605,8,FT8,91,1.312,a,S1 obj,37,co2a0000375,0.35546875
9606,8,FT8,92,-0.153,a,S1 obj,37,co2a0000375,0.359375
9607,8,FT8,93,3.754,a,S1 obj,37,co2a0000375,0.36328125
9608,8,FT8,94,10.101,a,S1 obj,37,co2a0000375,0.3671875
9609,8,FT8,95,14.008,a,S1 obj,37,co2a0000375,0.37109375
9610,8,FT8,96,11.566,a,S1 obj,37,co2a0000375,0.375
9611,8,FT8,97,4.73,a,S1 obj,37,co2a0000375,0.37890625
9612,8,FT8,98,-3.571,a,S1 obj,37,co2a0000375,0.3828125
9613,8,FT8,99,-6.5,a,S1 obj,37,co2a0000375,0.38671875
9614,8,FT8,100,-3.571,a,S1 obj,37,co2a0000375,0.390625
9615,8,FT8,101,3.265,a,S1 obj,37,co2a0000375,0.39453125
9616,8,FT8,102,8.636,a,S1 obj,37,co2a0000375,0.3984375
9617,8,FT8,103,10.101,a,S1 obj,37,co2a0000375,0.40234375
9618,8,FT8,104,7.172,a,S1 obj,37,co2a0000375,0.40625
9619,8,FT8,105,3.265,a,S1 obj,37,co2a0000375,0.41015625
9620,8,FT8,106,1.312,a,S1 obj,37,co2a0000375,0.4140625
9621,8,FT8,107,2.777,a,S1 obj,37,co2a0000375,0.41796875
9622,8,FT8,108,6.195,a,S1 obj,37,co2a0000375,0.421875
9623,8,FT8,109,8.636,a,S1 obj,37,co2a0000375,0.42578125
9624,8,FT8,110,8.636,a,S1 obj,37,co2a0000375,0.4296875
9625,8,FT8,111,5.707,a,S1 obj,37,co2a0000375,0.43359375
9626,8,FT8,112,1.312,a,S1 obj,37,co2a0000375,0.4375
9627,8,FT8,113,-2.106,a,S1 obj,37,co2a0000375,0.44140625
9628,8,FT8,114,-3.571,a,S1 obj,37,co2a0000375,0.4453125
9629,8,FT8,115,-4.059,a,S1 obj,37,co2a0000375,0.44921875
9630,8,FT8,116,-3.571,a,S1 obj,37,co2a0000375,0.453125
9631,8,FT8,117,-4.059,a,S1 obj,37,co2a0000375,0.45703125
9632,8,FT8,118,-5.524,a,S1 obj,37,co2a0000375,0.4609375
9633,8,FT8,119,-6.989,a,S1 obj,37,co2a0000375,0.46484375
9634,8,FT8,120,-8.942,a,S1 obj,37,co2a0000375,0.46875
9635,8,FT8,121,-10.406,a,S1 obj,37,co2a0000375,0.47265625
9636,8,FT8,122,-10.406,a,S1 obj,37,co2a0000375,0.4765625
9637,8,FT8,123,-9.918,a,S1 obj,37,co2a0000375,0.48046875
9638,8,FT8,124,-7.965,a,S1 obj,37,co2a0000375,0.484375
9639,8,FT8,125,-5.524,a,S1 obj,37,co2a0000375,0.48828125
9640,8,FT8,126,-3.082,a,S1 obj,37,co2a0000375,0.4921875
9641,8,FT8,127,-2.106,a,S1 obj,37,co2a0000375,0.49609375
9642,8,FT8,128,-2.594,a,S1 obj,37,co2a0000375,0.5
9643,8,FT8,129,-3.082,a,S1 obj,37,co2a0000375,0.50390625
9644,8,FT8,130,-2.106,a,S1 obj,37,co2a0000375,0.5078125
9645,8,FT8,131,-0.641,a,S1 obj,37,co2a0000375,0.51171875
9646,8,FT8,132,0.336,a,S1 obj,37,co2a0000375,0.515625
9647,8,FT8,133,-1.129,a,S1 obj,37,co2a0000375,0.51953125
9648,8,FT8,134,-4.547,a,S1 obj,37,co2a0000375,0.5234375
9649,8,FT8,135,-7.965,a,S1 obj,37,co2a0000375,0.52734375
9650,8,FT8,136,-9.918,a,S1 obj,37,co2a0000375,0.53125
9651,8,FT8,137,-9.918,a,S1 obj,37,co2a0000375,0.53515625
9652,8,FT8,138,-8.942,a,S1 obj,37,co2a0000375,0.5390625
9653,8,FT8,139,-9.43,a,S1 obj,37,co2a0000375,0.54296875
9654,8,FT8,140,-10.895,a,S1 obj,37,co2a0000375,0.546875
9655,8,FT8,141,-12.36,a,S1 obj,37,co2a0000375,0.55078125
9656,8,FT8,142,-11.871,a,S1 obj,37,co2a0000375,0.5546875
9657,8,FT8,143,-8.942,a,S1 obj,37,co2a0000375,0.55859375
9658,8,FT8,144,-4.059,a,S1 obj,37,co2a0000375,0.5625
9659,8,FT8,145,0.336,a,S1 obj,37,co2a0000375,0.56640625
9660,8,FT8,146,4.242,a,S1 obj,37,co2a0000375,0.5703125
9661,8,FT8,147,6.683,a,S1 obj,37,co2a0000375,0.57421875
9662,8,FT8,148,8.148,a,S1 obj,37,co2a0000375,0.578125
9663,8,FT8,149,8.636,a,S1 obj,37,co2a0000375,0.58203125
9664,8,FT8,150,7.66,a,S1 obj,37,co2a0000375,0.5859375
9665,8,FT8,151,5.219,a,S1 obj,37,co2a0000375,0.58984375
9666,8,FT8,152,0.824,a,S1 obj,37,co2a0000375,0.59375
9667,8,FT8,153,-3.082,a,S1 obj,37,co2a0000375,0.59765625
9668,8,FT8,154,-4.059,a,S1 obj,37,co2a0000375,0.6015625
9669,8,FT8,155,-1.129,a,S1 obj,37,co2a0000375,0.60546875
9670,8,FT8,156,4.242,a,S1 obj,37,co2a0000375,0.609375
9671,8,FT8,157,8.636,a,S1 obj,37,co2a0000375,0.61328125
9672,8,FT8,158,9.613,a,S1 obj,37,co2a0000375,0.6171875
9673,8,FT8,159,4.73,a,S1 obj,37,co2a0000375,0.62109375
9674,8,FT8,160,-2.106,a,S1 obj,37,co2a0000375,0.625
9675,8,FT8,161,-8.453,a,S1 obj,37,co2a0000375,0.62890625
9676,8,FT8,162,-8.942,a,S1 obj,37,co2a0000375,0.6328125
9677,8,FT8,163,-5.035,a,S1 obj,37,co2a0000375,0.63671875
9678,8,FT8,164,1.801,a,S1 obj,37,co2a0000375,0.640625
9679,8,FT8,165,7.172,a,S1 obj,37,co2a0000375,0.64453125
9680,8,FT8,166,7.66,a,S1 obj,37,co2a0000375,0.6484375
9681,8,FT8,167,4.73,a,S1 obj,37,co2a0000375,0.65234375
9682,8,FT8,168,0.336,a,S1 obj,37,co2a0000375,0.65625
9683,8,FT8,169,-0.641,a,S1 obj,37,co2a0000375,0.66015625
9684,8,FT8,170,1.312,a,S1 obj,37,co2a0000375,0.6640625
9685,8,FT8,171,4.73,a,S1 obj,37,co2a0000375,0.66796875
9686,8,FT8,172,5.707,a,S1 obj,37,co2a0000375,0.671875
9687,8,FT8,173,3.754,a,S1 obj,37,co2a0000375,0.67578125
9688,8,FT8,174,-1.617,a,S1 obj,37,co2a0000375,0.6796875
9689,8,FT8,175,-6.012,a,S1 obj,37,co2a0000375,0.68359375
9690,8,FT8,176,-6.5,a,S1 obj,37,co2a0000375,0.6875
9691,8,FT8,177,-2.594,a,S1 obj,37,co2a0000375,0.69140625
9692,8,FT8,178,2.289,a,S1 obj,37,co2a0000375,0.6953125
9693,8,FT8,179,5.219,a,S1 obj,37,co2a0000375,0.69921875
9694,8,FT8,180,3.265,a,S1 obj,37,co2a0000375,0.703125
9695,8,FT8,181,-1.129,a,S1 obj,37,co2a0000375,0.70703125
9696,8,FT8,182,-5.035,a,S1 obj,37,co2a0000375,0.7109375
9697,8,FT8,183,-5.035,a,S1 obj,37,co2a0000375,0.71484375
9698,8,FT8,184,-1.617,a,S1 obj,37,co2a0000375,0.71875
9699,8,FT8,185,2.289,a,S1 obj,37,co2a0000375,0.72265625
9700,8,FT8,186,3.754,a,S1 obj,37,co2a0000375,0.7265625
9701,8,FT8,187,0.824,a,S1 obj,37,co2a0000375,0.73046875
9702,8,FT8,188,-3.571,a,S1 obj,37,co2a0000375,0.734375
9703,8,FT8,189,-4.547,a,S1 obj,37,co2a0000375,0.73828125
9704,8,FT8,190,-0.641,a,S1 obj,37,co2a0000375,0.7421875
9705,8,FT8,191,7.172,a,S1 obj,37,co2a0000375,0.74609375
9706,8,FT8,192,13.519,a,S1 obj,37,co2a0000375,0.75
9707,8,FT8,193,15.472,a,S1 obj,37,co2a0000375,0.75390625
9708,8,FT8,194,10.59,a,S1 obj,37,co2a0000375,0.7578125
9709,8,FT8,195,3.265,a,S1 obj,37,co2a0000375,0.76171875
9710,8,FT8,196,-1.617,a,S1 obj,37,co2a0000375,0.765625
9711,8,FT8,197,-1.617,a,S1 obj,37,co2a0000375,0.76953125
9712,8,FT8,198,2.289,a,S1 obj,37,co2a0000375,0.7734375
9713,8,FT8,199,6.683,a,S1 obj,37,co2a0000375,0.77734375
9714,8,FT8,200,8.148,a,S1 obj,37,co2a0000375,0.78125
9715,8,FT8,201,7.172,a,S1 obj,37,co2a0000375,0.78515625
9716,8,FT8,202,6.195,a,S1 obj,37,co2a0000375,0.7890625
9717,8,FT8,203,6.683,a,S1 obj,37,co2a0000375,0.79296875
9718,8,FT8,204,9.125,a,S1 obj,37,co2a0000375,0.796875
9719,8,FT8,205,10.101,a,S1 obj,37,co2a0000375,0.80078125
9720,8,FT8,206,9.125,a,S1 obj,37,co2a0000375,0.8046875
9721,8,FT8,207,5.219,a,S1 obj,37,co2a0000375,0.80859375
9722,8,FT8,208,0.824,a,S1 obj,37,co2a0000375,0.8125
9723,8,FT8,209,0.336,a,S1 obj,37,co2a0000375,0.81640625
9724,8,FT8,210,4.73,a,S1 obj,37,co2a0000375,0.8203125
9725,8,FT8,211,12.054,a,S1 obj,37,co2a0000375,0.82421875
9726,8,FT8,212,18.89,a,S1 obj,37,co2a0000375,0.828125
9727,8,FT8,213,22.797,a,S1 obj,37,co2a0000375,0.83203125
9728,8,FT8,214,22.308,a,S1 obj,37,co2a0000375,0.8359375
9729,8,FT8,215,18.402,a,S1 obj,37,co2a0000375,0.83984375
9730,8,FT8,216,14.008,a,S1 obj,37,co2a0000375,0.84375
9731,8,FT8,217,11.566,a,S1 obj,37,co2a0000375,0.84765625
9732,8,FT8,218,10.101,a,S1 obj,37,co2a0000375,0.8515625
9733,8,FT8,219,10.101,a,S1 obj,37,co2a0000375,0.85546875
9734,8,FT8,220,9.613,a,S1 obj,37,co2a0000375,0.859375
9735,8,FT8,221,8.636,a,S1 obj,37,co2a0000375,0.86328125
9736,8,FT8,222,8.636,a,S1 obj,37,co2a0000375,0.8671875
9737,8,FT8,223,9.613,a,S1 obj,37,co2a0000375,0.87109375
9738,8,FT8,224,9.613,a,S1 obj,37,co2a0000375,0.875
9739,8,FT8,225,8.636,a,S1 obj,37,co2a0000375,0.87890625
9740,8,FT8,226,7.66,a,S1 obj,37,co2a0000375,0.8828125
9741,8,FT8,227,7.66,a,S1 obj,37,co2a0000375,0.88671875
9742,8,FT8,228,10.59,a,S1 obj,37,co2a0000375,0.890625
9743,8,FT8,229,14.984,a,S1 obj,37,co2a0000375,0.89453125
9744,8,FT8,230,18.89,a,S1 obj,37,co2a0000375,0.8984375
9745,8,FT8,231,19.867,a,S1 obj,37,co2a0000375,0.90234375
9746,8,FT8,232,17.426,a,S1 obj,37,co2a0000375,0.90625
9747,8,FT8,233,13.031,a,S1 obj,37,co2a0000375,0.91015625
9748,8,FT8,234,9.613,a,S1 obj,37,co2a0000375,0.9140625
9749,8,FT8,235,6.683,a,S1 obj,37,co2a0000375,0.91796875
9750,8,FT8,236,5.219,a,S1 obj,37,co2a0000375,0.921875
9751,8,FT8,237,5.707,a,S1 obj,37,co2a0000375,0.92578125
9752,8,FT8,238,8.636,a,S1 obj,37,co2a0000375,0.9296875
9753,8,FT8,239,12.543,a,S1 obj,37,co2a0000375,0.93359375
9754,8,FT8,240,15.961,a,S1 obj,37,co2a0000375,0.9375
9755,8,FT8,241,16.449,a,S1 obj,37,co2a0000375,0.94140625
9756,8,FT8,242,12.054,a,S1 obj,37,co2a0000375,0.9453125
9757,8,FT8,243,5.707,a,S1 obj,37,co2a0000375,0.94921875
9758,8,FT8,244,0.824,a,S1 obj,37,co2a0000375,0.953125
9759,8,FT8,245,1.312,a,S1 obj,37,co2a0000375,0.95703125
9760,8,FT8,246,6.195,a,S1 obj,37,co2a0000375,0.9609375
9761,8,FT8,247,11.566,a,S1 obj,37,co2a0000375,0.96484375
9762,8,FT8,248,14.496,a,S1 obj,37,co2a0000375,0.96875
9763,8,FT8,249,12.543,a,S1 obj,37,co2a0000375,0.97265625
9764,8,FT8,250,8.636,a,S1 obj,37,co2a0000375,0.9765625
9765,8,FT8,251,6.195,a,S1 obj,37,co2a0000375,0.98046875
9766,8,FT8,252,7.172,a,S1 obj,37,co2a0000375,0.984375
9767,8,FT8,253,9.613,a,S1 obj,37,co2a0000375,0.98828125
9768,8,FT8,254,12.054,a,S1 obj,37,co2a0000375,0.9921875
9769,8,FT8,255,12.054,a,S1 obj,37,co2a0000375,0.99609375
9771,8,FPZ,0,-0.122,a,S1 obj,38,co2a0000375,0.0
9772,8,FPZ,1,-0.61,a,S1 obj,38,co2a0000375,0.00390625
9773,8,FPZ,2,1.343,a,S1 obj,38,co2a0000375,0.0078125
9774,8,FPZ,3,6.226,a,S1 obj,38,co2a0000375,0.01171875
9775,8,FPZ,4,10.62,a,S1 obj,38,co2a0000375,0.015625
9776,8,FPZ,5,14.038,a,S1 obj,38,co2a0000375,0.01953125
9777,8,FPZ,6,15.015,a,S1 obj,38,co2a0000375,0.0234375
9778,8,FPZ,7,14.038,a,S1 obj,38,co2a0000375,0.02734375
9779,8,FPZ,8,11.597,a,S1 obj,38,co2a0000375,0.03125
9780,8,FPZ,9,8.179,a,S1 obj,38,co2a0000375,0.03515625
9781,8,FPZ,10,4.272,a,S1 obj,38,co2a0000375,0.0390625
9782,8,FPZ,11,0.366,a,S1 obj,38,co2a0000375,0.04296875
9783,8,FPZ,12,-1.587,a,S1 obj,38,co2a0000375,0.046875
9784,8,FPZ,13,-1.099,a,S1 obj,38,co2a0000375,0.05078125
9785,8,FPZ,14,1.831,a,S1 obj,38,co2a0000375,0.0546875
9786,8,FPZ,15,5.249,a,S1 obj,38,co2a0000375,0.05859375
9787,8,FPZ,16,7.69,a,S1 obj,38,co2a0000375,0.0625
9788,8,FPZ,17,8.179,a,S1 obj,38,co2a0000375,0.06640625
9789,8,FPZ,18,7.202,a,S1 obj,38,co2a0000375,0.0703125
9790,8,FPZ,19,7.202,a,S1 obj,38,co2a0000375,0.07421875
9791,8,FPZ,20,9.155,a,S1 obj,38,co2a0000375,0.078125
9792,8,FPZ,21,12.573,a,S1 obj,38,co2a0000375,0.08203125
9793,8,FPZ,22,15.991,a,S1 obj,38,co2a0000375,0.0859375
9794,8,FPZ,23,17.944,a,S1 obj,38,co2a0000375,0.08984375
9795,8,FPZ,24,17.456,a,S1 obj,38,co2a0000375,0.09375
9796,8,FPZ,25,15.991,a,S1 obj,38,co2a0000375,0.09765625
9797,8,FPZ,26,15.015,a,S1 obj,38,co2a0000375,0.1015625
9798,8,FPZ,27,14.526,a,S1 obj,38,co2a0000375,0.10546875
9799,8,FPZ,28,15.015,a,S1 obj,38,co2a0000375,0.109375
9800,8,FPZ,29,14.038,a,S1 obj,38,co2a0000375,0.11328125
9801,8,FPZ,30,10.62,a,S1 obj,38,co2a0000375,0.1171875
9802,8,FPZ,31,5.737,a,S1 obj,38,co2a0000375,0.12109375
9803,8,FPZ,32,1.343,a,S1 obj,38,co2a0000375,0.125
9804,8,FPZ,33,-1.099,a,S1 obj,38,co2a0000375,0.12890625
9805,8,FPZ,34,-0.122,a,S1 obj,38,co2a0000375,0.1328125
9806,8,FPZ,35,3.296,a,S1 obj,38,co2a0000375,0.13671875
9807,8,FPZ,36,7.202,a,S1 obj,38,co2a0000375,0.140625
9808,8,FPZ,37,9.155,a,S1 obj,38,co2a0000375,0.14453125
9809,8,FPZ,38,8.667,a,S1 obj,38,co2a0000375,0.1484375
9810,8,FPZ,39,6.226,a,S1 obj,38,co2a0000375,0.15234375
9811,8,FPZ,40,3.784,a,S1 obj,38,co2a0000375,0.15625
9812,8,FPZ,41,3.296,a,S1 obj,38,co2a0000375,0.16015625
9813,8,FPZ,42,4.761,a,S1 obj,38,co2a0000375,0.1640625
9814,8,FPZ,43,7.69,a,S1 obj,38,co2a0000375,0.16796875
9815,8,FPZ,44,10.132,a,S1 obj,38,co2a0000375,0.171875
9816,8,FPZ,45,10.132,a,S1 obj,38,co2a0000375,0.17578125
9817,8,FPZ,46,7.202,a,S1 obj,38,co2a0000375,0.1796875
9818,8,FPZ,47,2.319,a,S1 obj,38,co2a0000375,0.18359375
9819,8,FPZ,48,-2.075,a,S1 obj,38,co2a0000375,0.1875
9820,8,FPZ,49,-4.028,a,S1 obj,38,co2a0000375,0.19140625
9821,8,FPZ,50,-2.075,a,S1 obj,38,co2a0000375,0.1953125
9822,8,FPZ,51,1.343,a,S1 obj,38,co2a0000375,0.19921875
9823,8,FPZ,52,4.272,a,S1 obj,38,co2a0000375,0.203125
9824,8,FPZ,53,5.737,a,S1 obj,38,co2a0000375,0.20703125
9825,8,FPZ,54,5.249,a,S1 obj,38,co2a0000375,0.2109375
9826,8,FPZ,55,4.272,a,S1 obj,38,co2a0000375,0.21484375
9827,8,FPZ,56,3.784,a,S1 obj,38,co2a0000375,0.21875
9828,8,FPZ,57,5.737,a,S1 obj,38,co2a0000375,0.22265625
9829,8,FPZ,58,8.667,a,S1 obj,38,co2a0000375,0.2265625
9830,8,FPZ,59,12.085,a,S1 obj,38,co2a0000375,0.23046875
9831,8,FPZ,60,15.015,a,S1 obj,38,co2a0000375,0.234375
9832,8,FPZ,61,16.479,a,S1 obj,38,co2a0000375,0.23828125
9833,8,FPZ,62,16.479,a,S1 obj,38,co2a0000375,0.2421875
9834,8,FPZ,63,16.479,a,S1 obj,38,co2a0000375,0.24609375
9835,8,FPZ,64,16.479,a,S1 obj,38,co2a0000375,0.25
9836,8,FPZ,65,17.456,a,S1 obj,38,co2a0000375,0.25390625
9837,8,FPZ,66,17.944,a,S1 obj,38,co2a0000375,0.2578125
9838,8,FPZ,67,17.944,a,S1 obj,38,co2a0000375,0.26171875
9839,8,FPZ,68,17.456,a,S1 obj,38,co2a0000375,0.265625
9840,8,FPZ,69,15.991,a,S1 obj,38,co2a0000375,0.26953125
9841,8,FPZ,70,15.015,a,S1 obj,38,co2a0000375,0.2734375
9842,8,FPZ,71,14.526,a,S1 obj,38,co2a0000375,0.27734375
9843,8,FPZ,72,14.526,a,S1 obj,38,co2a0000375,0.28125
9844,8,FPZ,73,14.526,a,S1 obj,38,co2a0000375,0.28515625
9845,8,FPZ,74,12.573,a,S1 obj,38,co2a0000375,0.2890625
9846,8,FPZ,75,10.62,a,S1 obj,38,co2a0000375,0.29296875
9847,8,FPZ,76,8.179,a,S1 obj,38,co2a0000375,0.296875
9848,8,FPZ,77,6.226,a,S1 obj,38,co2a0000375,0.30078125
9849,8,FPZ,78,6.226,a,S1 obj,38,co2a0000375,0.3046875
9850,8,FPZ,79,7.69,a,S1 obj,38,co2a0000375,0.30859375
9851,8,FPZ,80,10.132,a,S1 obj,38,co2a0000375,0.3125
9852,8,FPZ,81,12.573,a,S1 obj,38,co2a0000375,0.31640625
9853,8,FPZ,82,14.038,a,S1 obj,38,co2a0000375,0.3203125
9854,8,FPZ,83,14.038,a,S1 obj,38,co2a0000375,0.32421875
9855,8,FPZ,84,12.085,a,S1 obj,38,co2a0000375,0.328125
9856,8,FPZ,85,9.644,a,S1 obj,38,co2a0000375,0.33203125
9857,8,FPZ,86,7.69,a,S1 obj,38,co2a0000375,0.3359375
9858,8,FPZ,87,6.714,a,S1 obj,38,co2a0000375,0.33984375
9859,8,FPZ,88,5.737,a,S1 obj,38,co2a0000375,0.34375
9860,8,FPZ,89,5.249,a,S1 obj,38,co2a0000375,0.34765625
9861,8,FPZ,90,4.761,a,S1 obj,38,co2a0000375,0.3515625
9862,8,FPZ,91,4.272,a,S1 obj,38,co2a0000375,0.35546875
9863,8,FPZ,92,4.272,a,S1 obj,38,co2a0000375,0.359375
9864,8,FPZ,93,4.272,a,S1 obj,38,co2a0000375,0.36328125
9865,8,FPZ,94,4.272,a,S1 obj,38,co2a0000375,0.3671875
9866,8,FPZ,95,3.296,a,S1 obj,38,co2a0000375,0.37109375
9867,8,FPZ,96,1.343,a,S1 obj,38,co2a0000375,0.375
9868,8,FPZ,97,-0.122,a,S1 obj,38,co2a0000375,0.37890625
9869,8,FPZ,98,-1.099,a,S1 obj,38,co2a0000375,0.3828125
9870,8,FPZ,99,-0.61,a,S1 obj,38,co2a0000375,0.38671875
9871,8,FPZ,100,1.343,a,S1 obj,38,co2a0000375,0.390625
9872,8,FPZ,101,3.296,a,S1 obj,38,co2a0000375,0.39453125
9873,8,FPZ,102,5.249,a,S1 obj,38,co2a0000375,0.3984375
9874,8,FPZ,103,7.202,a,S1 obj,38,co2a0000375,0.40234375
9875,8,FPZ,104,8.179,a,S1 obj,38,co2a0000375,0.40625
9876,8,FPZ,105,8.667,a,S1 obj,38,co2a0000375,0.41015625
9877,8,FPZ,106,8.179,a,S1 obj,38,co2a0000375,0.4140625
9878,8,FPZ,107,7.69,a,S1 obj,38,co2a0000375,0.41796875
9879,8,FPZ,108,6.226,a,S1 obj,38,co2a0000375,0.421875
9880,8,FPZ,109,5.249,a,S1 obj,38,co2a0000375,0.42578125
9881,8,FPZ,110,4.761,a,S1 obj,38,co2a0000375,0.4296875
9882,8,FPZ,111,3.784,a,S1 obj,38,co2a0000375,0.43359375
9883,8,FPZ,112,2.808,a,S1 obj,38,co2a0000375,0.4375
9884,8,FPZ,113,1.343,a,S1 obj,38,co2a0000375,0.44140625
9885,8,FPZ,114,0.366,a,S1 obj,38,co2a0000375,0.4453125
9886,8,FPZ,115,-0.61,a,S1 obj,38,co2a0000375,0.44921875
9887,8,FPZ,116,-0.61,a,S1 obj,38,co2a0000375,0.453125
9888,8,FPZ,117,-0.122,a,S1 obj,38,co2a0000375,0.45703125
9889,8,FPZ,118,-0.61,a,S1 obj,38,co2a0000375,0.4609375
9890,8,FPZ,119,-2.075,a,S1 obj,38,co2a0000375,0.46484375
9891,8,FPZ,120,-4.517,a,S1 obj,38,co2a0000375,0.46875
9892,8,FPZ,121,-6.958,a,S1 obj,38,co2a0000375,0.47265625
9893,8,FPZ,122,-7.935,a,S1 obj,38,co2a0000375,0.4765625
9894,8,FPZ,123,-7.446,a,S1 obj,38,co2a0000375,0.48046875
9895,8,FPZ,124,-5.005,a,S1 obj,38,co2a0000375,0.484375
9896,8,FPZ,125,-1.587,a,S1 obj,38,co2a0000375,0.48828125
9897,8,FPZ,126,2.319,a,S1 obj,38,co2a0000375,0.4921875
9898,8,FPZ,127,4.272,a,S1 obj,38,co2a0000375,0.49609375
9899,8,FPZ,128,4.761,a,S1 obj,38,co2a0000375,0.5
9900,8,FPZ,129,3.296,a,S1 obj,38,co2a0000375,0.50390625
9901,8,FPZ,130,1.831,a,S1 obj,38,co2a0000375,0.5078125
9902,8,FPZ,131,0.854,a,S1 obj,38,co2a0000375,0.51171875
9903,8,FPZ,132,0.366,a,S1 obj,38,co2a0000375,0.515625
9904,8,FPZ,133,0.366,a,S1 obj,38,co2a0000375,0.51953125
9905,8,FPZ,134,-0.122,a,S1 obj,38,co2a0000375,0.5234375
9906,8,FPZ,135,-2.075,a,S1 obj,38,co2a0000375,0.52734375
9907,8,FPZ,136,-4.028,a,S1 obj,38,co2a0000375,0.53125
9908,8,FPZ,137,-5.005,a,S1 obj,38,co2a0000375,0.53515625
9909,8,FPZ,138,-3.54,a,S1 obj,38,co2a0000375,0.5390625
9910,8,FPZ,139,-0.61,a,S1 obj,38,co2a0000375,0.54296875
9911,8,FPZ,140,2.319,a,S1 obj,38,co2a0000375,0.546875
9912,8,FPZ,141,3.296,a,S1 obj,38,co2a0000375,0.55078125
9913,8,FPZ,142,1.831,a,S1 obj,38,co2a0000375,0.5546875
9914,8,FPZ,143,0.854,a,S1 obj,38,co2a0000375,0.55859375
9915,8,FPZ,144,1.831,a,S1 obj,38,co2a0000375,0.5625
9916,8,FPZ,145,6.714,a,S1 obj,38,co2a0000375,0.56640625
9917,8,FPZ,146,14.038,a,S1 obj,38,co2a0000375,0.5703125
9918,8,FPZ,147,20.874,a,S1 obj,38,co2a0000375,0.57421875
9919,8,FPZ,148,24.78,a,S1 obj,38,co2a0000375,0.578125
9920,8,FPZ,149,24.78,a,S1 obj,38,co2a0000375,0.58203125
9921,8,FPZ,150,21.851,a,S1 obj,38,co2a0000375,0.5859375
9922,8,FPZ,151,19.409,a,S1 obj,38,co2a0000375,0.58984375
9923,8,FPZ,152,17.944,a,S1 obj,38,co2a0000375,0.59375
9924,8,FPZ,153,16.968,a,S1 obj,38,co2a0000375,0.59765625
9925,8,FPZ,154,16.968,a,S1 obj,38,co2a0000375,0.6015625
9926,8,FPZ,155,16.479,a,S1 obj,38,co2a0000375,0.60546875
9927,8,FPZ,156,15.991,a,S1 obj,38,co2a0000375,0.609375
9928,8,FPZ,157,15.503,a,S1 obj,38,co2a0000375,0.61328125
9929,8,FPZ,158,15.991,a,S1 obj,38,co2a0000375,0.6171875
9930,8,FPZ,159,16.479,a,S1 obj,38,co2a0000375,0.62109375
9931,8,FPZ,160,16.968,a,S1 obj,38,co2a0000375,0.625
9932,8,FPZ,161,16.968,a,S1 obj,38,co2a0000375,0.62890625
9933,8,FPZ,162,16.479,a,S1 obj,38,co2a0000375,0.6328125
9934,8,FPZ,163,16.479,a,S1 obj,38,co2a0000375,0.63671875
9935,8,FPZ,164,17.456,a,S1 obj,38,co2a0000375,0.640625
9936,8,FPZ,165,18.921,a,S1 obj,38,co2a0000375,0.64453125
9937,8,FPZ,166,20.874,a,S1 obj,38,co2a0000375,0.6484375
9938,8,FPZ,167,24.78,a,S1 obj,38,co2a0000375,0.65234375
9939,8,FPZ,168,29.175,a,S1 obj,38,co2a0000375,0.65625
9940,8,FPZ,169,33.569,a,S1 obj,38,co2a0000375,0.66015625
9941,8,FPZ,170,36.011,a,S1 obj,38,co2a0000375,0.6640625
9942,8,FPZ,171,35.522,a,S1 obj,38,co2a0000375,0.66796875
9943,8,FPZ,172,31.616,a,S1 obj,38,co2a0000375,0.671875
9944,8,FPZ,173,26.733,a,S1 obj,38,co2a0000375,0.67578125
9945,8,FPZ,174,24.292,a,S1 obj,38,co2a0000375,0.6796875
9946,8,FPZ,175,25.757,a,S1 obj,38,co2a0000375,0.68359375
9947,8,FPZ,176,29.663,a,S1 obj,38,co2a0000375,0.6875
9948,8,FPZ,177,33.081,a,S1 obj,38,co2a0000375,0.69140625
9949,8,FPZ,178,34.546,a,S1 obj,38,co2a0000375,0.6953125
9950,8,FPZ,179,32.593,a,S1 obj,38,co2a0000375,0.69921875
9951,8,FPZ,180,30.64,a,S1 obj,38,co2a0000375,0.703125
9952,8,FPZ,181,30.151,a,S1 obj,38,co2a0000375,0.70703125
9953,8,FPZ,182,32.593,a,S1 obj,38,co2a0000375,0.7109375
9954,8,FPZ,183,36.011,a,S1 obj,38,co2a0000375,0.71484375
9955,8,FPZ,184,38.94,a,S1 obj,38,co2a0000375,0.71875
9956,8,FPZ,185,39.429,a,S1 obj,38,co2a0000375,0.72265625
9957,8,FPZ,186,37.964,a,S1 obj,38,co2a0000375,0.7265625
9958,8,FPZ,187,36.987,a,S1 obj,38,co2a0000375,0.73046875
9959,8,FPZ,188,37.964,a,S1 obj,38,co2a0000375,0.734375
9960,8,FPZ,189,40.894,a,S1 obj,38,co2a0000375,0.73828125
9961,8,FPZ,190,45.288,a,S1 obj,38,co2a0000375,0.7421875
9962,8,FPZ,191,49.194,a,S1 obj,38,co2a0000375,0.74609375
9963,8,FPZ,192,50.659,a,S1 obj,38,co2a0000375,0.75
9964,8,FPZ,193,49.194,a,S1 obj,38,co2a0000375,0.75390625
9965,8,FPZ,194,45.776,a,S1 obj,38,co2a0000375,0.7578125
9966,8,FPZ,195,42.847,a,S1 obj,38,co2a0000375,0.76171875
9967,8,FPZ,196,42.358,a,S1 obj,38,co2a0000375,0.765625
9968,8,FPZ,197,44.8,a,S1 obj,38,co2a0000375,0.76953125
9969,8,FPZ,198,48.218,a,S1 obj,38,co2a0000375,0.7734375
9970,8,FPZ,199,51.147,a,S1 obj,38,co2a0000375,0.77734375
9971,8,FPZ,200,52.124,a,S1 obj,38,co2a0000375,0.78125
9972,8,FPZ,201,51.147,a,S1 obj,38,co2a0000375,0.78515625
9973,8,FPZ,202,51.147,a,S1 obj,38,co2a0000375,0.7890625
9974,8,FPZ,203,52.612,a,S1 obj,38,co2a0000375,0.79296875
9975,8,FPZ,204,55.054,a,S1 obj,38,co2a0000375,0.796875
9976,8,FPZ,205,57.495,a,S1 obj,38,co2a0000375,0.80078125
9977,8,FPZ,206,57.495,a,S1 obj,38,co2a0000375,0.8046875
9978,8,FPZ,207,56.03,a,S1 obj,38,co2a0000375,0.80859375
9979,8,FPZ,208,54.077,a,S1 obj,38,co2a0000375,0.8125
9980,8,FPZ,209,53.101,a,S1 obj,38,co2a0000375,0.81640625
9981,8,FPZ,210,54.077,a,S1 obj,38,co2a0000375,0.8203125
9982,8,FPZ,211,56.519,a,S1 obj,38,co2a0000375,0.82421875
9983,8,FPZ,212,58.96,a,S1 obj,38,co2a0000375,0.828125
9984,8,FPZ,213,59.448,a,S1 obj,38,co2a0000375,0.83203125
9985,8,FPZ,214,57.983,a,S1 obj,38,co2a0000375,0.8359375
9986,8,FPZ,215,55.542,a,S1 obj,38,co2a0000375,0.83984375
9987,8,FPZ,216,53.101,a,S1 obj,38,co2a0000375,0.84375
9988,8,FPZ,217,50.659,a,S1 obj,38,co2a0000375,0.84765625
9989,8,FPZ,218,48.218,a,S1 obj,38,co2a0000375,0.8515625
9990,8,FPZ,219,45.776,a,S1 obj,38,co2a0000375,0.85546875
9991,8,FPZ,220,43.335,a,S1 obj,38,co2a0000375,0.859375
9992,8,FPZ,221,42.847,a,S1 obj,38,co2a0000375,0.86328125
9993,8,FPZ,222,42.847,a,S1 obj,38,co2a0000375,0.8671875
9994,8,FPZ,223,43.335,a,S1 obj,38,co2a0000375,0.87109375
9995,8,FPZ,224,42.847,a,S1 obj,38,co2a0000375,0.875
9996,8,FPZ,225,41.382,a,S1 obj,38,co2a0000375,0.87890625
9997,8,FPZ,226,38.452,a,S1 obj,38,co2a0000375,0.8828125
9998,8,FPZ,227,37.476,a,S1 obj,38,co2a0000375,0.88671875
9999,8,FPZ,228,38.452,a,S1 obj,38,co2a0000375,0.890625
10000,8,FPZ,229,41.382,a,S1 obj,38,co2a0000375,0.89453125
10001,8,FPZ,230,44.8,a,S1 obj,38,co2a0000375,0.8984375
10002,8,FPZ,231,46.753,a,S1 obj,38,co2a0000375,0.90234375
10003,8,FPZ,232,46.265,a,S1 obj,38,co2a0000375,0.90625
10004,8,FPZ,233,43.335,a,S1 obj,38,co2a0000375,0.91015625
10005,8,FPZ,234,40.405,a,S1 obj,38,co2a0000375,0.9140625
10006,8,FPZ,235,38.452,a,S1 obj,38,co2a0000375,0.91796875
10007,8,FPZ,236,39.429,a,S1 obj,38,co2a0000375,0.921875
10008,8,FPZ,237,41.87,a,S1 obj,38,co2a0000375,0.92578125
10009,8,FPZ,238,44.312,a,S1 obj,38,co2a0000375,0.9296875
10010,8,FPZ,239,44.8,a,S1 obj,38,co2a0000375,0.93359375
10011,8,FPZ,240,42.358,a,S1 obj,38,co2a0000375,0.9375
10012,8,FPZ,241,37.476,a,S1 obj,38,co2a0000375,0.94140625
10013,8,FPZ,242,32.104,a,S1 obj,38,co2a0000375,0.9453125
10014,8,FPZ,243,27.222,a,S1 obj,38,co2a0000375,0.94921875
10015,8,FPZ,244,25.269,a,S1 obj,38,co2a0000375,0.953125
10016,8,FPZ,245,26.245,a,S1 obj,38,co2a0000375,0.95703125
10017,8,FPZ,246,29.175,a,S1 obj,38,co2a0000375,0.9609375
10018,8,FPZ,247,32.593,a,S1 obj,38,co2a0000375,0.96484375
10019,8,FPZ,248,35.034,a,S1 obj,38,co2a0000375,0.96875
10020,8,FPZ,249,35.522,a,S1 obj,38,co2a0000375,0.97265625
10021,8,FPZ,250,34.058,a,S1 obj,38,co2a0000375,0.9765625
10022,8,FPZ,251,33.081,a,S1 obj,38,co2a0000375,0.98046875
10023,8,FPZ,252,31.616,a,S1 obj,38,co2a0000375,0.984375
10024,8,FPZ,253,30.151,a,S1 obj,38,co2a0000375,0.98828125
10025,8,FPZ,254,29.663,a,S1 obj,38,co2a0000375,0.9921875
10026,8,FPZ,255,29.175,a,S1 obj,38,co2a0000375,0.99609375
10028,8,FC4,0,-1.912,a,S1 obj,39,co2a0000375,0.0
10029,8,FC4,1,-1.424,a,S1 obj,39,co2a0000375,0.00390625
10030,8,FC4,2,-0.448,a,S1 obj,39,co2a0000375,0.0078125
10031,8,FC4,3,0.529,a,S1 obj,39,co2a0000375,0.01171875
10032,8,FC4,4,1.994,a,S1 obj,39,co2a0000375,0.015625
10033,8,FC4,5,2.97,a,S1 obj,39,co2a0000375,0.01953125
10034,8,FC4,6,3.459,a,S1 obj,39,co2a0000375,0.0234375
10035,8,FC4,7,3.947,a,S1 obj,39,co2a0000375,0.02734375
10036,8,FC4,8,2.482,a,S1 obj,39,co2a0000375,0.03125
10037,8,FC4,9,-0.448,a,S1 obj,39,co2a0000375,0.03515625
10038,8,FC4,10,-3.377,a,S1 obj,39,co2a0000375,0.0390625
10039,8,FC4,11,-6.307,a,S1 obj,39,co2a0000375,0.04296875
10040,8,FC4,12,-6.795,a,S1 obj,39,co2a0000375,0.046875
10041,8,FC4,13,-4.354,a,S1 obj,39,co2a0000375,0.05078125
10042,8,FC4,14,-0.936,a,S1 obj,39,co2a0000375,0.0546875
10043,8,FC4,15,1.994,a,S1 obj,39,co2a0000375,0.05859375
10044,8,FC4,16,2.97,a,S1 obj,39,co2a0000375,0.0625
10045,8,FC4,17,1.017,a,S1 obj,39,co2a0000375,0.06640625
10046,8,FC4,18,-1.912,a,S1 obj,39,co2a0000375,0.0703125
10047,8,FC4,19,-3.377,a,S1 obj,39,co2a0000375,0.07421875
10048,8,FC4,20,-2.401,a,S1 obj,39,co2a0000375,0.078125
10049,8,FC4,21,0.529,a,S1 obj,39,co2a0000375,0.08203125
10050,8,FC4,22,2.97,a,S1 obj,39,co2a0000375,0.0859375
10051,8,FC4,23,4.435,a,S1 obj,39,co2a0000375,0.08984375
10052,8,FC4,24,4.924,a,S1 obj,39,co2a0000375,0.09375
10053,8,FC4,25,5.412,a,S1 obj,39,co2a0000375,0.09765625
10054,8,FC4,26,6.877,a,S1 obj,39,co2a0000375,0.1015625
10055,8,FC4,27,9.318,a,S1 obj,39,co2a0000375,0.10546875
10056,8,FC4,28,9.806,a,S1 obj,39,co2a0000375,0.109375
10057,8,FC4,29,7.853,a,S1 obj,39,co2a0000375,0.11328125
10058,8,FC4,30,3.459,a,S1 obj,39,co2a0000375,0.1171875
10059,8,FC4,31,-0.936,a,S1 obj,39,co2a0000375,0.12109375
10060,8,FC4,32,-2.889,a,S1 obj,39,co2a0000375,0.125
10061,8,FC4,33,-1.912,a,S1 obj,39,co2a0000375,0.12890625
10062,8,FC4,34,1.506,a,S1 obj,39,co2a0000375,0.1328125
10063,8,FC4,35,4.924,a,S1 obj,39,co2a0000375,0.13671875
10064,8,FC4,36,6.877,a,S1 obj,39,co2a0000375,0.140625
10065,8,FC4,37,6.388,a,S1 obj,39,co2a0000375,0.14453125
10066,8,FC4,38,4.924,a,S1 obj,39,co2a0000375,0.1484375
10067,8,FC4,39,3.459,a,S1 obj,39,co2a0000375,0.15234375
10068,8,FC4,40,3.459,a,S1 obj,39,co2a0000375,0.15625
10069,8,FC4,41,3.947,a,S1 obj,39,co2a0000375,0.16015625
10070,8,FC4,42,4.924,a,S1 obj,39,co2a0000375,0.1640625
10071,8,FC4,43,5.9,a,S1 obj,39,co2a0000375,0.16796875
10072,8,FC4,44,5.9,a,S1 obj,39,co2a0000375,0.171875
10073,8,FC4,45,4.924,a,S1 obj,39,co2a0000375,0.17578125
10074,8,FC4,46,3.947,a,S1 obj,39,co2a0000375,0.1796875
10075,8,FC4,47,1.994,a,S1 obj,39,co2a0000375,0.18359375
10076,8,FC4,48,1.017,a,S1 obj,39,co2a0000375,0.1875
10077,8,FC4,49,0.529,a,S1 obj,39,co2a0000375,0.19140625
10078,8,FC4,50,1.017,a,S1 obj,39,co2a0000375,0.1953125
10079,8,FC4,51,2.482,a,S1 obj,39,co2a0000375,0.19921875
10080,8,FC4,52,3.947,a,S1 obj,39,co2a0000375,0.203125
10081,8,FC4,53,4.924,a,S1 obj,39,co2a0000375,0.20703125
10082,8,FC4,54,5.412,a,S1 obj,39,co2a0000375,0.2109375
10083,8,FC4,55,4.924,a,S1 obj,39,co2a0000375,0.21484375
10084,8,FC4,56,4.924,a,S1 obj,39,co2a0000375,0.21875
10085,8,FC4,57,5.9,a,S1 obj,39,co2a0000375,0.22265625
10086,8,FC4,58,7.853,a,S1 obj,39,co2a0000375,0.2265625
10087,8,FC4,59,9.806,a,S1 obj,39,co2a0000375,0.23046875
10088,8,FC4,60,11.271,a,S1 obj,39,co2a0000375,0.234375
10089,8,FC4,61,12.248,a,S1 obj,39,co2a0000375,0.23828125
10090,8,FC4,62,11.759,a,S1 obj,39,co2a0000375,0.2421875
10091,8,FC4,63,11.759,a,S1 obj,39,co2a0000375,0.24609375
10092,8,FC4,64,12.248,a,S1 obj,39,co2a0000375,0.25
10093,8,FC4,65,13.224,a,S1 obj,39,co2a0000375,0.25390625
10094,8,FC4,66,14.201,a,S1 obj,39,co2a0000375,0.2578125
10095,8,FC4,67,14.689,a,S1 obj,39,co2a0000375,0.26171875
10096,8,FC4,68,14.689,a,S1 obj,39,co2a0000375,0.265625
10097,8,FC4,69,13.713,a,S1 obj,39,co2a0000375,0.26953125
10098,8,FC4,70,13.224,a,S1 obj,39,co2a0000375,0.2734375
10099,8,FC4,71,12.248,a,S1 obj,39,co2a0000375,0.27734375
10100,8,FC4,72,11.271,a,S1 obj,39,co2a0000375,0.28125
10101,8,FC4,73,10.783,a,S1 obj,39,co2a0000375,0.28515625
10102,8,FC4,74,10.295,a,S1 obj,39,co2a0000375,0.2890625
10103,8,FC4,75,10.295,a,S1 obj,39,co2a0000375,0.29296875
10104,8,FC4,76,10.295,a,S1 obj,39,co2a0000375,0.296875
10105,8,FC4,77,10.295,a,S1 obj,39,co2a0000375,0.30078125
10106,8,FC4,78,10.295,a,S1 obj,39,co2a0000375,0.3046875
10107,8,FC4,79,10.783,a,S1 obj,39,co2a0000375,0.30859375
10108,8,FC4,80,11.271,a,S1 obj,39,co2a0000375,0.3125
10109,8,FC4,81,11.759,a,S1 obj,39,co2a0000375,0.31640625
10110,8,FC4,82,11.759,a,S1 obj,39,co2a0000375,0.3203125
10111,8,FC4,83,11.759,a,S1 obj,39,co2a0000375,0.32421875
10112,8,FC4,84,11.271,a,S1 obj,39,co2a0000375,0.328125
10113,8,FC4,85,11.271,a,S1 obj,39,co2a0000375,0.33203125
10114,8,FC4,86,11.759,a,S1 obj,39,co2a0000375,0.3359375
10115,8,FC4,87,13.224,a,S1 obj,39,co2a0000375,0.33984375
10116,8,FC4,88,14.201,a,S1 obj,39,co2a0000375,0.34375
10117,8,FC4,89,14.201,a,S1 obj,39,co2a0000375,0.34765625
10118,8,FC4,90,13.224,a,S1 obj,39,co2a0000375,0.3515625
10119,8,FC4,91,11.271,a,S1 obj,39,co2a0000375,0.35546875
10120,8,FC4,92,8.83,a,S1 obj,39,co2a0000375,0.359375
10121,8,FC4,93,6.388,a,S1 obj,39,co2a0000375,0.36328125
10122,8,FC4,94,4.435,a,S1 obj,39,co2a0000375,0.3671875
10123,8,FC4,95,3.459,a,S1 obj,39,co2a0000375,0.37109375
10124,8,FC4,96,2.97,a,S1 obj,39,co2a0000375,0.375
10125,8,FC4,97,4.924,a,S1 obj,39,co2a0000375,0.37890625
10126,8,FC4,98,6.877,a,S1 obj,39,co2a0000375,0.3828125
10127,8,FC4,99,8.83,a,S1 obj,39,co2a0000375,0.38671875
10128,8,FC4,100,8.83,a,S1 obj,39,co2a0000375,0.390625
10129,8,FC4,101,7.365,a,S1 obj,39,co2a0000375,0.39453125
10130,8,FC4,102,5.412,a,S1 obj,39,co2a0000375,0.3984375
10131,8,FC4,103,4.924,a,S1 obj,39,co2a0000375,0.40234375
10132,8,FC4,104,5.9,a,S1 obj,39,co2a0000375,0.40625
10133,8,FC4,105,7.853,a,S1 obj,39,co2a0000375,0.41015625
10134,8,FC4,106,10.295,a,S1 obj,39,co2a0000375,0.4140625
10135,8,FC4,107,12.248,a,S1 obj,39,co2a0000375,0.41796875
10136,8,FC4,108,12.248,a,S1 obj,39,co2a0000375,0.421875
10137,8,FC4,109,9.806,a,S1 obj,39,co2a0000375,0.42578125
10138,8,FC4,110,7.365,a,S1 obj,39,co2a0000375,0.4296875
10139,8,FC4,111,4.924,a,S1 obj,39,co2a0000375,0.43359375
10140,8,FC4,112,2.97,a,S1 obj,39,co2a0000375,0.4375
10141,8,FC4,113,1.994,a,S1 obj,39,co2a0000375,0.44140625
10142,8,FC4,114,2.482,a,S1 obj,39,co2a0000375,0.4453125
10143,8,FC4,115,3.459,a,S1 obj,39,co2a0000375,0.44921875
10144,8,FC4,116,3.947,a,S1 obj,39,co2a0000375,0.453125
10145,8,FC4,117,2.97,a,S1 obj,39,co2a0000375,0.45703125
10146,8,FC4,118,1.506,a,S1 obj,39,co2a0000375,0.4609375
10147,8,FC4,119,-0.448,a,S1 obj,39,co2a0000375,0.46484375
10148,8,FC4,120,-0.936,a,S1 obj,39,co2a0000375,0.46875
10149,8,FC4,121,0.041,a,S1 obj,39,co2a0000375,0.47265625
10150,8,FC4,122,1.994,a,S1 obj,39,co2a0000375,0.4765625
10151,8,FC4,123,3.947,a,S1 obj,39,co2a0000375,0.48046875
10152,8,FC4,124,4.924,a,S1 obj,39,co2a0000375,0.484375
10153,8,FC4,125,4.924,a,S1 obj,39,co2a0000375,0.48828125
10154,8,FC4,126,3.947,a,S1 obj,39,co2a0000375,0.4921875
10155,8,FC4,127,3.947,a,S1 obj,39,co2a0000375,0.49609375
10156,8,FC4,128,4.924,a,S1 obj,39,co2a0000375,0.5
10157,8,FC4,129,6.877,a,S1 obj,39,co2a0000375,0.50390625
10158,8,FC4,130,8.83,a,S1 obj,39,co2a0000375,0.5078125
10159,8,FC4,131,9.806,a,S1 obj,39,co2a0000375,0.51171875
10160,8,FC4,132,9.318,a,S1 obj,39,co2a0000375,0.515625
10161,8,FC4,133,8.341,a,S1 obj,39,co2a0000375,0.51953125
10162,8,FC4,134,6.877,a,S1 obj,39,co2a0000375,0.5234375
10163,8,FC4,135,5.412,a,S1 obj,39,co2a0000375,0.52734375
10164,8,FC4,136,4.435,a,S1 obj,39,co2a0000375,0.53125
10165,8,FC4,137,3.947,a,S1 obj,39,co2a0000375,0.53515625
10166,8,FC4,138,3.947,a,S1 obj,39,co2a0000375,0.5390625
10167,8,FC4,139,3.947,a,S1 obj,39,co2a0000375,0.54296875
10168,8,FC4,140,3.947,a,S1 obj,39,co2a0000375,0.546875
10169,8,FC4,141,3.459,a,S1 obj,39,co2a0000375,0.55078125
10170,8,FC4,142,3.947,a,S1 obj,39,co2a0000375,0.5546875
10171,8,FC4,143,4.435,a,S1 obj,39,co2a0000375,0.55859375
10172,8,FC4,144,6.388,a,S1 obj,39,co2a0000375,0.5625
10173,8,FC4,145,8.341,a,S1 obj,39,co2a0000375,0.56640625
10174,8,FC4,146,9.806,a,S1 obj,39,co2a0000375,0.5703125
10175,8,FC4,147,10.295,a,S1 obj,39,co2a0000375,0.57421875
10176,8,FC4,148,9.806,a,S1 obj,39,co2a0000375,0.578125
10177,8,FC4,149,9.318,a,S1 obj,39,co2a0000375,0.58203125
10178,8,FC4,150,8.83,a,S1 obj,39,co2a0000375,0.5859375
10179,8,FC4,151,8.83,a,S1 obj,39,co2a0000375,0.58984375
10180,8,FC4,152,8.83,a,S1 obj,39,co2a0000375,0.59375
10181,8,FC4,153,8.341,a,S1 obj,39,co2a0000375,0.59765625
10182,8,FC4,154,7.853,a,S1 obj,39,co2a0000375,0.6015625
10183,8,FC4,155,7.365,a,S1 obj,39,co2a0000375,0.60546875
10184,8,FC4,156,6.877,a,S1 obj,39,co2a0000375,0.609375
10185,8,FC4,157,6.388,a,S1 obj,39,co2a0000375,0.61328125
10186,8,FC4,158,5.9,a,S1 obj,39,co2a0000375,0.6171875
10187,8,FC4,159,5.9,a,S1 obj,39,co2a0000375,0.62109375
10188,8,FC4,160,6.388,a,S1 obj,39,co2a0000375,0.625
10189,8,FC4,161,6.877,a,S1 obj,39,co2a0000375,0.62890625
10190,8,FC4,162,6.877,a,S1 obj,39,co2a0000375,0.6328125
10191,8,FC4,163,5.412,a,S1 obj,39,co2a0000375,0.63671875
10192,8,FC4,164,3.947,a,S1 obj,39,co2a0000375,0.640625
10193,8,FC4,165,2.482,a,S1 obj,39,co2a0000375,0.64453125
10194,8,FC4,166,2.97,a,S1 obj,39,co2a0000375,0.6484375
10195,8,FC4,167,5.412,a,S1 obj,39,co2a0000375,0.65234375
10196,8,FC4,168,9.318,a,S1 obj,39,co2a0000375,0.65625
10197,8,FC4,169,13.224,a,S1 obj,39,co2a0000375,0.66015625
10198,8,FC4,170,13.713,a,S1 obj,39,co2a0000375,0.6640625
10199,8,FC4,171,11.271,a,S1 obj,39,co2a0000375,0.66796875
10200,8,FC4,172,6.877,a,S1 obj,39,co2a0000375,0.671875
10201,8,FC4,173,3.947,a,S1 obj,39,co2a0000375,0.67578125
10202,8,FC4,174,3.947,a,S1 obj,39,co2a0000375,0.6796875
10203,8,FC4,175,6.388,a,S1 obj,39,co2a0000375,0.68359375
10204,8,FC4,176,8.83,a,S1 obj,39,co2a0000375,0.6875
10205,8,FC4,177,8.83,a,S1 obj,39,co2a0000375,0.69140625
10206,8,FC4,178,5.9,a,S1 obj,39,co2a0000375,0.6953125
10207,8,FC4,179,2.97,a,S1 obj,39,co2a0000375,0.69921875
10208,8,FC4,180,1.994,a,S1 obj,39,co2a0000375,0.703125
10209,8,FC4,181,3.947,a,S1 obj,39,co2a0000375,0.70703125
10210,8,FC4,182,7.853,a,S1 obj,39,co2a0000375,0.7109375
10211,8,FC4,183,10.295,a,S1 obj,39,co2a0000375,0.71484375
10212,8,FC4,184,10.783,a,S1 obj,39,co2a0000375,0.71875
10213,8,FC4,185,9.806,a,S1 obj,39,co2a0000375,0.72265625
10214,8,FC4,186,8.341,a,S1 obj,39,co2a0000375,0.7265625
10215,8,FC4,187,8.83,a,S1 obj,39,co2a0000375,0.73046875
10216,8,FC4,188,10.295,a,S1 obj,39,co2a0000375,0.734375
10217,8,FC4,189,12.248,a,S1 obj,39,co2a0000375,0.73828125
10218,8,FC4,190,12.736,a,S1 obj,39,co2a0000375,0.7421875
10219,8,FC4,191,11.759,a,S1 obj,39,co2a0000375,0.74609375
10220,8,FC4,192,10.295,a,S1 obj,39,co2a0000375,0.75
10221,8,FC4,193,10.295,a,S1 obj,39,co2a0000375,0.75390625
10222,8,FC4,194,11.759,a,S1 obj,39,co2a0000375,0.7578125
10223,8,FC4,195,12.736,a,S1 obj,39,co2a0000375,0.76171875
10224,8,FC4,196,12.248,a,S1 obj,39,co2a0000375,0.765625
10225,8,FC4,197,10.295,a,S1 obj,39,co2a0000375,0.76953125
10226,8,FC4,198,8.341,a,S1 obj,39,co2a0000375,0.7734375
10227,8,FC4,199,7.365,a,S1 obj,39,co2a0000375,0.77734375
10228,8,FC4,200,8.341,a,S1 obj,39,co2a0000375,0.78125
10229,8,FC4,201,10.783,a,S1 obj,39,co2a0000375,0.78515625
10230,8,FC4,202,13.224,a,S1 obj,39,co2a0000375,0.7890625
10231,8,FC4,203,14.201,a,S1 obj,39,co2a0000375,0.79296875
10232,8,FC4,204,13.224,a,S1 obj,39,co2a0000375,0.796875
10233,8,FC4,205,11.759,a,S1 obj,39,co2a0000375,0.80078125
10234,8,FC4,206,9.806,a,S1 obj,39,co2a0000375,0.8046875
10235,8,FC4,207,9.806,a,S1 obj,39,co2a0000375,0.80859375
10236,8,FC4,208,10.783,a,S1 obj,39,co2a0000375,0.8125
10237,8,FC4,209,12.248,a,S1 obj,39,co2a0000375,0.81640625
10238,8,FC4,210,12.248,a,S1 obj,39,co2a0000375,0.8203125
10239,8,FC4,211,11.759,a,S1 obj,39,co2a0000375,0.82421875
10240,8,FC4,212,11.271,a,S1 obj,39,co2a0000375,0.828125
10241,8,FC4,213,11.271,a,S1 obj,39,co2a0000375,0.83203125
10242,8,FC4,214,12.736,a,S1 obj,39,co2a0000375,0.8359375
10243,8,FC4,215,13.713,a,S1 obj,39,co2a0000375,0.83984375
10244,8,FC4,216,13.713,a,S1 obj,39,co2a0000375,0.84375
10245,8,FC4,217,12.736,a,S1 obj,39,co2a0000375,0.84765625
10246,8,FC4,218,10.295,a,S1 obj,39,co2a0000375,0.8515625
10247,8,FC4,219,8.83,a,S1 obj,39,co2a0000375,0.85546875
10248,8,FC4,220,9.318,a,S1 obj,39,co2a0000375,0.859375
10249,8,FC4,221,10.295,a,S1 obj,39,co2a0000375,0.86328125
10250,8,FC4,222,11.759,a,S1 obj,39,co2a0000375,0.8671875
10251,8,FC4,223,12.736,a,S1 obj,39,co2a0000375,0.87109375
10252,8,FC4,224,12.736,a,S1 obj,39,co2a0000375,0.875
10253,8,FC4,225,12.248,a,S1 obj,39,co2a0000375,0.87890625
10254,8,FC4,226,11.271,a,S1 obj,39,co2a0000375,0.8828125
10255,8,FC4,227,10.295,a,S1 obj,39,co2a0000375,0.88671875
10256,8,FC4,228,9.318,a,S1 obj,39,co2a0000375,0.890625
10257,8,FC4,229,8.83,a,S1 obj,39,co2a0000375,0.89453125
10258,8,FC4,230,10.295,a,S1 obj,39,co2a0000375,0.8984375
10259,8,FC4,231,12.248,a,S1 obj,39,co2a0000375,0.90234375
10260,8,FC4,232,14.201,a,S1 obj,39,co2a0000375,0.90625
10261,8,FC4,233,14.689,a,S1 obj,39,co2a0000375,0.91015625
10262,8,FC4,234,13.713,a,S1 obj,39,co2a0000375,0.9140625
10263,8,FC4,235,12.736,a,S1 obj,39,co2a0000375,0.91796875
10264,8,FC4,236,13.224,a,S1 obj,39,co2a0000375,0.921875
10265,8,FC4,237,15.177,a,S1 obj,39,co2a0000375,0.92578125
10266,8,FC4,238,17.131,a,S1 obj,39,co2a0000375,0.9296875
10267,8,FC4,239,16.642,a,S1 obj,39,co2a0000375,0.93359375
10268,8,FC4,240,13.713,a,S1 obj,39,co2a0000375,0.9375
10269,8,FC4,241,10.295,a,S1 obj,39,co2a0000375,0.94140625
10270,8,FC4,242,8.83,a,S1 obj,39,co2a0000375,0.9453125
10271,8,FC4,243,9.806,a,S1 obj,39,co2a0000375,0.94921875
10272,8,FC4,244,12.248,a,S1 obj,39,co2a0000375,0.953125
10273,8,FC4,245,13.224,a,S1 obj,39,co2a0000375,0.95703125
10274,8,FC4,246,11.759,a,S1 obj,39,co2a0000375,0.9609375
10275,8,FC4,247,8.83,a,S1 obj,39,co2a0000375,0.96484375
10276,8,FC4,248,7.365,a,S1 obj,39,co2a0000375,0.96875
10277,8,FC4,249,7.853,a,S1 obj,39,co2a0000375,0.97265625
10278,8,FC4,250,10.295,a,S1 obj,39,co2a0000375,0.9765625
10279,8,FC4,251,12.248,a,S1 obj,39,co2a0000375,0.98046875
10280,8,FC4,252,11.759,a,S1 obj,39,co2a0000375,0.984375
10281,8,FC4,253,9.806,a,S1 obj,39,co2a0000375,0.98828125
10282,8,FC4,254,8.83,a,S1 obj,39,co2a0000375,0.9921875
10283,8,FC4,255,9.806,a,S1 obj,39,co2a0000375,0.99609375
10285,8,FC3,0,4.822,a,S1 obj,40,co2a0000375,0.0
10286,8,FC3,1,5.798,a,S1 obj,40,co2a0000375,0.00390625
10287,8,FC3,2,7.751,a,S1 obj,40,co2a0000375,0.0078125
10288,8,FC3,3,8.728,a,S1 obj,40,co2a0000375,0.01171875
10289,8,FC3,4,9.216,a,S1 obj,40,co2a0000375,0.015625
10290,8,FC3,5,8.728,a,S1 obj,40,co2a0000375,0.01953125
10291,8,FC3,6,7.751,a,S1 obj,40,co2a0000375,0.0234375
10292,8,FC3,7,6.775,a,S1 obj,40,co2a0000375,0.02734375
10293,8,FC3,8,5.31,a,S1 obj,40,co2a0000375,0.03125
10294,8,FC3,9,3.845,a,S1 obj,40,co2a0000375,0.03515625
10295,8,FC3,10,2.38,a,S1 obj,40,co2a0000375,0.0390625
10296,8,FC3,11,0.427,a,S1 obj,40,co2a0000375,0.04296875
10297,8,FC3,12,-0.549,a,S1 obj,40,co2a0000375,0.046875
10298,8,FC3,13,-0.061,a,S1 obj,40,co2a0000375,0.05078125
10299,8,FC3,14,0.916,a,S1 obj,40,co2a0000375,0.0546875
10300,8,FC3,15,1.892,a,S1 obj,40,co2a0000375,0.05859375
10301,8,FC3,16,2.869,a,S1 obj,40,co2a0000375,0.0625
10302,8,FC3,17,2.869,a,S1 obj,40,co2a0000375,0.06640625
10303,8,FC3,18,2.869,a,S1 obj,40,co2a0000375,0.0703125
10304,8,FC3,19,3.357,a,S1 obj,40,co2a0000375,0.07421875
10305,8,FC3,20,4.822,a,S1 obj,40,co2a0000375,0.078125
10306,8,FC3,21,6.775,a,S1 obj,40,co2a0000375,0.08203125
10307,8,FC3,22,8.728,a,S1 obj,40,co2a0000375,0.0859375
10308,8,FC3,23,10.193,a,S1 obj,40,co2a0000375,0.08984375
10309,8,FC3,24,10.193,a,S1 obj,40,co2a0000375,0.09375
10310,8,FC3,25,9.705,a,S1 obj,40,co2a0000375,0.09765625
10311,8,FC3,26,9.216,a,S1 obj,40,co2a0000375,0.1015625
10312,8,FC3,27,9.216,a,S1 obj,40,co2a0000375,0.10546875
10313,8,FC3,28,9.216,a,S1 obj,40,co2a0000375,0.109375
10314,8,FC3,29,8.728,a,S1 obj,40,co2a0000375,0.11328125
10315,8,FC3,30,7.263,a,S1 obj,40,co2a0000375,0.1171875
10316,8,FC3,31,5.31,a,S1 obj,40,co2a0000375,0.12109375
10317,8,FC3,32,3.845,a,S1 obj,40,co2a0000375,0.125
10318,8,FC3,33,2.869,a,S1 obj,40,co2a0000375,0.12890625
10319,8,FC3,34,3.357,a,S1 obj,40,co2a0000375,0.1328125
10320,8,FC3,35,4.333,a,S1 obj,40,co2a0000375,0.13671875
10321,8,FC3,36,5.31,a,S1 obj,40,co2a0000375,0.140625
10322,8,FC3,37,5.31,a,S1 obj,40,co2a0000375,0.14453125
10323,8,FC3,38,5.31,a,S1 obj,40,co2a0000375,0.1484375
10324,8,FC3,39,5.798,a,S1 obj,40,co2a0000375,0.15234375
10325,8,FC3,40,6.775,a,S1 obj,40,co2a0000375,0.15625
10326,8,FC3,41,8.728,a,S1 obj,40,co2a0000375,0.16015625
10327,8,FC3,42,10.681,a,S1 obj,40,co2a0000375,0.1640625
10328,8,FC3,43,12.634,a,S1 obj,40,co2a0000375,0.16796875
10329,8,FC3,44,13.611,a,S1 obj,40,co2a0000375,0.171875
10330,8,FC3,45,13.611,a,S1 obj,40,co2a0000375,0.17578125
10331,8,FC3,46,12.634,a,S1 obj,40,co2a0000375,0.1796875
10332,8,FC3,47,11.169,a,S1 obj,40,co2a0000375,0.18359375
10333,8,FC3,48,9.216,a,S1 obj,40,co2a0000375,0.1875
10334,8,FC3,49,7.751,a,S1 obj,40,co2a0000375,0.19140625
10335,8,FC3,50,6.775,a,S1 obj,40,co2a0000375,0.1953125
10336,8,FC3,51,5.798,a,S1 obj,40,co2a0000375,0.19921875
10337,8,FC3,52,5.31,a,S1 obj,40,co2a0000375,0.203125
10338,8,FC3,53,5.31,a,S1 obj,40,co2a0000375,0.20703125
10339,8,FC3,54,4.822,a,S1 obj,40,co2a0000375,0.2109375
10340,8,FC3,55,4.822,a,S1 obj,40,co2a0000375,0.21484375
10341,8,FC3,56,4.822,a,S1 obj,40,co2a0000375,0.21875
10342,8,FC3,57,4.822,a,S1 obj,40,co2a0000375,0.22265625
10343,8,FC3,58,5.798,a,S1 obj,40,co2a0000375,0.2265625
10344,8,FC3,59,7.263,a,S1 obj,40,co2a0000375,0.23046875
10345,8,FC3,60,9.216,a,S1 obj,40,co2a0000375,0.234375
10346,8,FC3,61,11.169,a,S1 obj,40,co2a0000375,0.23828125
10347,8,FC3,62,12.634,a,S1 obj,40,co2a0000375,0.2421875
10348,8,FC3,63,13.123,a,S1 obj,40,co2a0000375,0.24609375
10349,8,FC3,64,12.146,a,S1 obj,40,co2a0000375,0.25
10350,8,FC3,65,10.681,a,S1 obj,40,co2a0000375,0.25390625
10351,8,FC3,66,8.728,a,S1 obj,40,co2a0000375,0.2578125
10352,8,FC3,67,7.263,a,S1 obj,40,co2a0000375,0.26171875
10353,8,FC3,68,5.798,a,S1 obj,40,co2a0000375,0.265625
10354,8,FC3,69,5.31,a,S1 obj,40,co2a0000375,0.26953125
10355,8,FC3,70,5.798,a,S1 obj,40,co2a0000375,0.2734375
10356,8,FC3,71,6.775,a,S1 obj,40,co2a0000375,0.27734375
10357,8,FC3,72,7.751,a,S1 obj,40,co2a0000375,0.28125
10358,8,FC3,73,8.728,a,S1 obj,40,co2a0000375,0.28515625
10359,8,FC3,74,9.216,a,S1 obj,40,co2a0000375,0.2890625
10360,8,FC3,75,8.24,a,S1 obj,40,co2a0000375,0.29296875
10361,8,FC3,76,6.287,a,S1 obj,40,co2a0000375,0.296875
10362,8,FC3,77,4.822,a,S1 obj,40,co2a0000375,0.30078125
10363,8,FC3,78,3.845,a,S1 obj,40,co2a0000375,0.3046875
10364,8,FC3,79,3.357,a,S1 obj,40,co2a0000375,0.30859375
10365,8,FC3,80,4.333,a,S1 obj,40,co2a0000375,0.3125
10366,8,FC3,81,5.798,a,S1 obj,40,co2a0000375,0.31640625
10367,8,FC3,82,7.751,a,S1 obj,40,co2a0000375,0.3203125
10368,8,FC3,83,9.705,a,S1 obj,40,co2a0000375,0.32421875
10369,8,FC3,84,10.193,a,S1 obj,40,co2a0000375,0.328125
10370,8,FC3,85,9.216,a,S1 obj,40,co2a0000375,0.33203125
10371,8,FC3,86,7.263,a,S1 obj,40,co2a0000375,0.3359375
10372,8,FC3,87,5.31,a,S1 obj,40,co2a0000375,0.33984375
10373,8,FC3,88,4.333,a,S1 obj,40,co2a0000375,0.34375
10374,8,FC3,89,3.845,a,S1 obj,40,co2a0000375,0.34765625
10375,8,FC3,90,4.333,a,S1 obj,40,co2a0000375,0.3515625
10376,8,FC3,91,5.31,a,S1 obj,40,co2a0000375,0.35546875
10377,8,FC3,92,5.798,a,S1 obj,40,co2a0000375,0.359375
10378,8,FC3,93,6.287,a,S1 obj,40,co2a0000375,0.36328125
10379,8,FC3,94,6.287,a,S1 obj,40,co2a0000375,0.3671875
10380,8,FC3,95,5.31,a,S1 obj,40,co2a0000375,0.37109375
10381,8,FC3,96,3.357,a,S1 obj,40,co2a0000375,0.375
10382,8,FC3,97,0.916,a,S1 obj,40,co2a0000375,0.37890625
10383,8,FC3,98,-1.038,a,S1 obj,40,co2a0000375,0.3828125
10384,8,FC3,99,-2.014,a,S1 obj,40,co2a0000375,0.38671875
10385,8,FC3,100,-1.038,a,S1 obj,40,co2a0000375,0.390625
10386,8,FC3,101,1.892,a,S1 obj,40,co2a0000375,0.39453125
10387,8,FC3,102,5.31,a,S1 obj,40,co2a0000375,0.3984375
10388,8,FC3,103,7.751,a,S1 obj,40,co2a0000375,0.40234375
10389,8,FC3,104,7.263,a,S1 obj,40,co2a0000375,0.40625
10390,8,FC3,105,4.333,a,S1 obj,40,co2a0000375,0.41015625
10391,8,FC3,106,0.427,a,S1 obj,40,co2a0000375,0.4140625
10392,8,FC3,107,-2.014,a,S1 obj,40,co2a0000375,0.41796875
10393,8,FC3,108,-2.014,a,S1 obj,40,co2a0000375,0.421875
10394,8,FC3,109,-1.038,a,S1 obj,40,co2a0000375,0.42578125
10395,8,FC3,110,0.427,a,S1 obj,40,co2a0000375,0.4296875
10396,8,FC3,111,0.427,a,S1 obj,40,co2a0000375,0.43359375
10397,8,FC3,112,-1.038,a,S1 obj,40,co2a0000375,0.4375
10398,8,FC3,113,-2.014,a,S1 obj,40,co2a0000375,0.44140625
10399,8,FC3,114,-1.038,a,S1 obj,40,co2a0000375,0.4453125
10400,8,FC3,115,0.916,a,S1 obj,40,co2a0000375,0.44921875
10401,8,FC3,116,2.38,a,S1 obj,40,co2a0000375,0.453125
10402,8,FC3,117,0.916,a,S1 obj,40,co2a0000375,0.45703125
10403,8,FC3,118,-2.991,a,S1 obj,40,co2a0000375,0.4609375
10404,8,FC3,119,-6.897,a,S1 obj,40,co2a0000375,0.46484375
10405,8,FC3,120,-8.85,a,S1 obj,40,co2a0000375,0.46875
10406,8,FC3,121,-7.874,a,S1 obj,40,co2a0000375,0.47265625
10407,8,FC3,122,-4.944,a,S1 obj,40,co2a0000375,0.4765625
10408,8,FC3,123,-2.502,a,S1 obj,40,co2a0000375,0.48046875
10409,8,FC3,124,-2.014,a,S1 obj,40,co2a0000375,0.484375
10410,8,FC3,125,-2.991,a,S1 obj,40,co2a0000375,0.48828125
10411,8,FC3,126,-2.991,a,S1 obj,40,co2a0000375,0.4921875
10412,8,FC3,127,-1.526,a,S1 obj,40,co2a0000375,0.49609375
10413,8,FC3,128,1.404,a,S1 obj,40,co2a0000375,0.5
10414,8,FC3,129,3.845,a,S1 obj,40,co2a0000375,0.50390625
10415,8,FC3,130,3.357,a,S1 obj,40,co2a0000375,0.5078125
10416,8,FC3,131,0.427,a,S1 obj,40,co2a0000375,0.51171875
10417,8,FC3,132,-2.991,a,S1 obj,40,co2a0000375,0.515625
10418,8,FC3,133,-5.432,a,S1 obj,40,co2a0000375,0.51953125
10419,8,FC3,134,-5.92,a,S1 obj,40,co2a0000375,0.5234375
10420,8,FC3,135,-4.456,a,S1 obj,40,co2a0000375,0.52734375
10421,8,FC3,136,-2.991,a,S1 obj,40,co2a0000375,0.53125
10422,8,FC3,137,-2.014,a,S1 obj,40,co2a0000375,0.53515625
10423,8,FC3,138,-2.014,a,S1 obj,40,co2a0000375,0.5390625
10424,8,FC3,139,-2.014,a,S1 obj,40,co2a0000375,0.54296875
10425,8,FC3,140,-2.014,a,S1 obj,40,co2a0000375,0.546875
10426,8,FC3,141,-2.014,a,S1 obj,40,co2a0000375,0.55078125
10427,8,FC3,142,-2.991,a,S1 obj,40,co2a0000375,0.5546875
10428,8,FC3,143,-2.991,a,S1 obj,40,co2a0000375,0.55859375
10429,8,FC3,144,-2.014,a,S1 obj,40,co2a0000375,0.5625
10430,8,FC3,145,0.916,a,S1 obj,40,co2a0000375,0.56640625
10431,8,FC3,146,4.333,a,S1 obj,40,co2a0000375,0.5703125
10432,8,FC3,147,6.775,a,S1 obj,40,co2a0000375,0.57421875
10433,8,FC3,148,7.263,a,S1 obj,40,co2a0000375,0.578125
10434,8,FC3,149,5.31,a,S1 obj,40,co2a0000375,0.58203125
10435,8,FC3,150,3.357,a,S1 obj,40,co2a0000375,0.5859375
10436,8,FC3,151,2.38,a,S1 obj,40,co2a0000375,0.58984375
10437,8,FC3,152,2.38,a,S1 obj,40,co2a0000375,0.59375
10438,8,FC3,153,2.38,a,S1 obj,40,co2a0000375,0.59765625
10439,8,FC3,154,1.892,a,S1 obj,40,co2a0000375,0.6015625
10440,8,FC3,155,0.916,a,S1 obj,40,co2a0000375,0.60546875
10441,8,FC3,156,-0.061,a,S1 obj,40,co2a0000375,0.609375
10442,8,FC3,157,-1.038,a,S1 obj,40,co2a0000375,0.61328125
10443,8,FC3,158,-1.038,a,S1 obj,40,co2a0000375,0.6171875
10444,8,FC3,159,-1.526,a,S1 obj,40,co2a0000375,0.62109375
10445,8,FC3,160,-2.502,a,S1 obj,40,co2a0000375,0.625
10446,8,FC3,161,-2.991,a,S1 obj,40,co2a0000375,0.62890625
10447,8,FC3,162,-2.991,a,S1 obj,40,co2a0000375,0.6328125
10448,8,FC3,163,-2.014,a,S1 obj,40,co2a0000375,0.63671875
10449,8,FC3,164,-0.549,a,S1 obj,40,co2a0000375,0.640625
10450,8,FC3,165,0.427,a,S1 obj,40,co2a0000375,0.64453125
10451,8,FC3,166,1.892,a,S1 obj,40,co2a0000375,0.6484375
10452,8,FC3,167,2.38,a,S1 obj,40,co2a0000375,0.65234375
10453,8,FC3,168,2.869,a,S1 obj,40,co2a0000375,0.65625
10454,8,FC3,169,3.357,a,S1 obj,40,co2a0000375,0.66015625
10455,8,FC3,170,2.38,a,S1 obj,40,co2a0000375,0.6640625
10456,8,FC3,171,0.916,a,S1 obj,40,co2a0000375,0.66796875
10457,8,FC3,172,-0.061,a,S1 obj,40,co2a0000375,0.671875
10458,8,FC3,173,-0.549,a,S1 obj,40,co2a0000375,0.67578125
10459,8,FC3,174,0.427,a,S1 obj,40,co2a0000375,0.6796875
10460,8,FC3,175,2.869,a,S1 obj,40,co2a0000375,0.68359375
10461,8,FC3,176,4.333,a,S1 obj,40,co2a0000375,0.6875
10462,8,FC3,177,4.333,a,S1 obj,40,co2a0000375,0.69140625
10463,8,FC3,178,3.357,a,S1 obj,40,co2a0000375,0.6953125
10464,8,FC3,179,1.892,a,S1 obj,40,co2a0000375,0.69921875
10465,8,FC3,180,1.404,a,S1 obj,40,co2a0000375,0.703125
10466,8,FC3,181,2.38,a,S1 obj,40,co2a0000375,0.70703125
10467,8,FC3,182,2.869,a,S1 obj,40,co2a0000375,0.7109375
10468,8,FC3,183,2.869,a,S1 obj,40,co2a0000375,0.71484375
10469,8,FC3,184,1.404,a,S1 obj,40,co2a0000375,0.71875
10470,8,FC3,185,0.916,a,S1 obj,40,co2a0000375,0.72265625
10471,8,FC3,186,0.916,a,S1 obj,40,co2a0000375,0.7265625
10472,8,FC3,187,3.357,a,S1 obj,40,co2a0000375,0.73046875
10473,8,FC3,188,6.287,a,S1 obj,40,co2a0000375,0.734375
10474,8,FC3,189,9.216,a,S1 obj,40,co2a0000375,0.73828125
10475,8,FC3,190,10.681,a,S1 obj,40,co2a0000375,0.7421875
10476,8,FC3,191,10.193,a,S1 obj,40,co2a0000375,0.74609375
10477,8,FC3,192,9.216,a,S1 obj,40,co2a0000375,0.75
10478,8,FC3,193,8.24,a,S1 obj,40,co2a0000375,0.75390625
10479,8,FC3,194,7.751,a,S1 obj,40,co2a0000375,0.7578125
10480,8,FC3,195,7.751,a,S1 obj,40,co2a0000375,0.76171875
10481,8,FC3,196,7.751,a,S1 obj,40,co2a0000375,0.765625
10482,8,FC3,197,7.751,a,S1 obj,40,co2a0000375,0.76953125
10483,8,FC3,198,7.751,a,S1 obj,40,co2a0000375,0.7734375
10484,8,FC3,199,8.24,a,S1 obj,40,co2a0000375,0.77734375
10485,8,FC3,200,9.216,a,S1 obj,40,co2a0000375,0.78125
10486,8,FC3,201,11.658,a,S1 obj,40,co2a0000375,0.78515625
10487,8,FC3,202,13.123,a,S1 obj,40,co2a0000375,0.7890625
10488,8,FC3,203,13.611,a,S1 obj,40,co2a0000375,0.79296875
10489,8,FC3,204,13.123,a,S1 obj,40,co2a0000375,0.796875
10490,8,FC3,205,11.658,a,S1 obj,40,co2a0000375,0.80078125
10491,8,FC3,206,10.193,a,S1 obj,40,co2a0000375,0.8046875
10492,8,FC3,207,9.705,a,S1 obj,40,co2a0000375,0.80859375
10493,8,FC3,208,10.681,a,S1 obj,40,co2a0000375,0.8125
10494,8,FC3,209,12.634,a,S1 obj,40,co2a0000375,0.81640625
10495,8,FC3,210,15.564,a,S1 obj,40,co2a0000375,0.8203125
10496,8,FC3,211,17.029,a,S1 obj,40,co2a0000375,0.82421875
10497,8,FC3,212,16.541,a,S1 obj,40,co2a0000375,0.828125
10498,8,FC3,213,15.076,a,S1 obj,40,co2a0000375,0.83203125
10499,8,FC3,214,13.123,a,S1 obj,40,co2a0000375,0.8359375
10500,8,FC3,215,12.634,a,S1 obj,40,co2a0000375,0.83984375
10501,8,FC3,216,12.634,a,S1 obj,40,co2a0000375,0.84375
10502,8,FC3,217,12.634,a,S1 obj,40,co2a0000375,0.84765625
10503,8,FC3,218,11.658,a,S1 obj,40,co2a0000375,0.8515625
10504,8,FC3,219,10.193,a,S1 obj,40,co2a0000375,0.85546875
10505,8,FC3,220,8.728,a,S1 obj,40,co2a0000375,0.859375
10506,8,FC3,221,8.728,a,S1 obj,40,co2a0000375,0.86328125
10507,8,FC3,222,10.193,a,S1 obj,40,co2a0000375,0.8671875
10508,8,FC3,223,11.658,a,S1 obj,40,co2a0000375,0.87109375
10509,8,FC3,224,11.169,a,S1 obj,40,co2a0000375,0.875
10510,8,FC3,225,8.728,a,S1 obj,40,co2a0000375,0.87890625
10511,8,FC3,226,6.287,a,S1 obj,40,co2a0000375,0.8828125
10512,8,FC3,227,5.31,a,S1 obj,40,co2a0000375,0.88671875
10513,8,FC3,228,6.287,a,S1 obj,40,co2a0000375,0.890625
10514,8,FC3,229,9.216,a,S1 obj,40,co2a0000375,0.89453125
10515,8,FC3,230,11.169,a,S1 obj,40,co2a0000375,0.8984375
10516,8,FC3,231,11.658,a,S1 obj,40,co2a0000375,0.90234375
10517,8,FC3,232,10.681,a,S1 obj,40,co2a0000375,0.90625
10518,8,FC3,233,9.216,a,S1 obj,40,co2a0000375,0.91015625
10519,8,FC3,234,9.216,a,S1 obj,40,co2a0000375,0.9140625
10520,8,FC3,235,10.681,a,S1 obj,40,co2a0000375,0.91796875
10521,8,FC3,236,13.123,a,S1 obj,40,co2a0000375,0.921875
10522,8,FC3,237,14.587,a,S1 obj,40,co2a0000375,0.92578125
10523,8,FC3,238,14.099,a,S1 obj,40,co2a0000375,0.9296875
10524,8,FC3,239,11.658,a,S1 obj,40,co2a0000375,0.93359375
10525,8,FC3,240,8.728,a,S1 obj,40,co2a0000375,0.9375
10526,8,FC3,241,7.263,a,S1 obj,40,co2a0000375,0.94140625
10527,8,FC3,242,6.775,a,S1 obj,40,co2a0000375,0.9453125
10528,8,FC3,243,7.751,a,S1 obj,40,co2a0000375,0.94921875
10529,8,FC3,244,7.751,a,S1 obj,40,co2a0000375,0.953125
10530,8,FC3,245,7.263,a,S1 obj,40,co2a0000375,0.95703125
10531,8,FC3,246,7.751,a,S1 obj,40,co2a0000375,0.9609375
10532,8,FC3,247,9.705,a,S1 obj,40,co2a0000375,0.96484375
10533,8,FC3,248,13.611,a,S1 obj,40,co2a0000375,0.96875
10534,8,FC3,249,17.517,a,S1 obj,40,co2a0000375,0.97265625
10535,8,FC3,250,18.494,a,S1 obj,40,co2a0000375,0.9765625
10536,8,FC3,251,16.052,a,S1 obj,40,co2a0000375,0.98046875
10537,8,FC3,252,11.658,a,S1 obj,40,co2a0000375,0.984375
10538,8,FC3,253,7.263,a,S1 obj,40,co2a0000375,0.98828125
10539,8,FC3,254,6.775,a,S1 obj,40,co2a0000375,0.9921875
10540,8,FC3,255,8.24,a,S1 obj,40,co2a0000375,0.99609375
10542,8,C6,0,-0.916,a,S1 obj,41,co2a0000375,0.0
10543,8,C6,1,-1.892,a,S1 obj,41,co2a0000375,0.00390625
10544,8,C6,2,-3.357,a,S1 obj,41,co2a0000375,0.0078125
10545,8,C6,3,-4.333,a,S1 obj,41,co2a0000375,0.01171875
10546,8,C6,4,-3.357,a,S1 obj,41,co2a0000375,0.015625
10547,8,C6,5,-0.916,a,S1 obj,41,co2a0000375,0.01953125
10548,8,C6,6,1.526,a,S1 obj,41,co2a0000375,0.0234375
10549,8,C6,7,2.502,a,S1 obj,41,co2a0000375,0.02734375
10550,8,C6,8,2.014,a,S1 obj,41,co2a0000375,0.03125
10551,8,C6,9,0.061,a,S1 obj,41,co2a0000375,0.03515625
10552,8,C6,10,-2.38,a,S1 obj,41,co2a0000375,0.0390625
10553,8,C6,11,-4.822,a,S1 obj,41,co2a0000375,0.04296875
10554,8,C6,12,-5.798,a,S1 obj,41,co2a0000375,0.046875
10555,8,C6,13,-4.822,a,S1 obj,41,co2a0000375,0.05078125
10556,8,C6,14,-2.869,a,S1 obj,41,co2a0000375,0.0546875
10557,8,C6,15,-1.404,a,S1 obj,41,co2a0000375,0.05859375
10558,8,C6,16,-0.916,a,S1 obj,41,co2a0000375,0.0625
10559,8,C6,17,-2.38,a,S1 obj,41,co2a0000375,0.06640625
10560,8,C6,18,-3.845,a,S1 obj,41,co2a0000375,0.0703125
10561,8,C6,19,-2.869,a,S1 obj,41,co2a0000375,0.07421875
10562,8,C6,20,0.061,a,S1 obj,41,co2a0000375,0.078125
10563,8,C6,21,3.967,a,S1 obj,41,co2a0000375,0.08203125
10564,8,C6,22,5.92,a,S1 obj,41,co2a0000375,0.0859375
10565,8,C6,23,5.432,a,S1 obj,41,co2a0000375,0.08984375
10566,8,C6,24,3.479,a,S1 obj,41,co2a0000375,0.09375
10567,8,C6,25,2.014,a,S1 obj,41,co2a0000375,0.09765625
10568,8,C6,26,2.991,a,S1 obj,41,co2a0000375,0.1015625
10569,8,C6,27,5.92,a,S1 obj,41,co2a0000375,0.10546875
10570,8,C6,28,7.874,a,S1 obj,41,co2a0000375,0.109375
10571,8,C6,29,7.385,a,S1 obj,41,co2a0000375,0.11328125
10572,8,C6,30,4.456,a,S1 obj,41,co2a0000375,0.1171875
10573,8,C6,31,0.549,a,S1 obj,41,co2a0000375,0.12109375
10574,8,C6,32,-2.38,a,S1 obj,41,co2a0000375,0.125
10575,8,C6,33,-2.38,a,S1 obj,41,co2a0000375,0.12890625
10576,8,C6,34,-0.427,a,S1 obj,41,co2a0000375,0.1328125
10577,8,C6,35,1.526,a,S1 obj,41,co2a0000375,0.13671875
10578,8,C6,36,2.991,a,S1 obj,41,co2a0000375,0.140625
10579,8,C6,37,2.991,a,S1 obj,41,co2a0000375,0.14453125
10580,8,C6,38,2.014,a,S1 obj,41,co2a0000375,0.1484375
10581,8,C6,39,1.526,a,S1 obj,41,co2a0000375,0.15234375
10582,8,C6,40,1.038,a,S1 obj,41,co2a0000375,0.15625
10583,8,C6,41,1.038,a,S1 obj,41,co2a0000375,0.16015625
10584,8,C6,42,0.061,a,S1 obj,41,co2a0000375,0.1640625
10585,8,C6,43,-1.892,a,S1 obj,41,co2a0000375,0.16796875
10586,8,C6,44,-4.822,a,S1 obj,41,co2a0000375,0.171875
10587,8,C6,45,-7.751,a,S1 obj,41,co2a0000375,0.17578125
10588,8,C6,46,-9.216,a,S1 obj,41,co2a0000375,0.1796875
10589,8,C6,47,-8.24,a,S1 obj,41,co2a0000375,0.18359375
10590,8,C6,48,-5.798,a,S1 obj,41,co2a0000375,0.1875
10591,8,C6,49,-2.869,a,S1 obj,41,co2a0000375,0.19140625
10592,8,C6,50,-0.427,a,S1 obj,41,co2a0000375,0.1953125
10593,8,C6,51,0.061,a,S1 obj,41,co2a0000375,0.19921875
10594,8,C6,52,0.549,a,S1 obj,41,co2a0000375,0.203125
10595,8,C6,53,-0.427,a,S1 obj,41,co2a0000375,0.20703125
10596,8,C6,54,-0.427,a,S1 obj,41,co2a0000375,0.2109375
10597,8,C6,55,0.549,a,S1 obj,41,co2a0000375,0.21484375
10598,8,C6,56,1.526,a,S1 obj,41,co2a0000375,0.21875
10599,8,C6,57,3.967,a,S1 obj,41,co2a0000375,0.22265625
10600,8,C6,58,5.92,a,S1 obj,41,co2a0000375,0.2265625
10601,8,C6,59,7.874,a,S1 obj,41,co2a0000375,0.23046875
10602,8,C6,60,8.85,a,S1 obj,41,co2a0000375,0.234375
10603,8,C6,61,8.85,a,S1 obj,41,co2a0000375,0.23828125
10604,8,C6,62,9.338,a,S1 obj,41,co2a0000375,0.2421875
10605,8,C6,63,9.827,a,S1 obj,41,co2a0000375,0.24609375
10606,8,C6,64,10.803,a,S1 obj,41,co2a0000375,0.25
10607,8,C6,65,12.756,a,S1 obj,41,co2a0000375,0.25390625
10608,8,C6,66,14.709,a,S1 obj,41,co2a0000375,0.2578125
10609,8,C6,67,16.174,a,S1 obj,41,co2a0000375,0.26171875
10610,8,C6,68,15.198,a,S1 obj,41,co2a0000375,0.265625
10611,8,C6,69,13.245,a,S1 obj,41,co2a0000375,0.26953125
10612,8,C6,70,10.803,a,S1 obj,41,co2a0000375,0.2734375
10613,8,C6,71,9.338,a,S1 obj,41,co2a0000375,0.27734375
10614,8,C6,72,9.338,a,S1 obj,41,co2a0000375,0.28125
10615,8,C6,73,9.338,a,S1 obj,41,co2a0000375,0.28515625
10616,8,C6,74,9.827,a,S1 obj,41,co2a0000375,0.2890625
10617,8,C6,75,9.827,a,S1 obj,41,co2a0000375,0.29296875
10618,8,C6,76,8.362,a,S1 obj,41,co2a0000375,0.296875
10619,8,C6,77,6.897,a,S1 obj,41,co2a0000375,0.30078125
10620,8,C6,78,5.92,a,S1 obj,41,co2a0000375,0.3046875
10621,8,C6,79,5.92,a,S1 obj,41,co2a0000375,0.30859375
10622,8,C6,80,6.897,a,S1 obj,41,co2a0000375,0.3125
10623,8,C6,81,8.362,a,S1 obj,41,co2a0000375,0.31640625
10624,8,C6,82,8.85,a,S1 obj,41,co2a0000375,0.3203125
10625,8,C6,83,8.362,a,S1 obj,41,co2a0000375,0.32421875
10626,8,C6,84,6.897,a,S1 obj,41,co2a0000375,0.328125
10627,8,C6,85,6.897,a,S1 obj,41,co2a0000375,0.33203125
10628,8,C6,86,8.362,a,S1 obj,41,co2a0000375,0.3359375
10629,8,C6,87,11.292,a,S1 obj,41,co2a0000375,0.33984375
10630,8,C6,88,13.733,a,S1 obj,41,co2a0000375,0.34375
10631,8,C6,89,14.221,a,S1 obj,41,co2a0000375,0.34765625
10632,8,C6,90,11.292,a,S1 obj,41,co2a0000375,0.3515625
10633,8,C6,91,6.409,a,S1 obj,41,co2a0000375,0.35546875
10634,8,C6,92,1.526,a,S1 obj,41,co2a0000375,0.359375
10635,8,C6,93,-1.892,a,S1 obj,41,co2a0000375,0.36328125
10636,8,C6,94,-3.357,a,S1 obj,41,co2a0000375,0.3671875
10637,8,C6,95,-3.357,a,S1 obj,41,co2a0000375,0.37109375
10638,8,C6,96,-1.404,a,S1 obj,41,co2a0000375,0.375
10639,8,C6,97,1.038,a,S1 obj,41,co2a0000375,0.37890625
10640,8,C6,98,3.967,a,S1 obj,41,co2a0000375,0.3828125
10641,8,C6,99,5.432,a,S1 obj,41,co2a0000375,0.38671875
10642,8,C6,100,4.944,a,S1 obj,41,co2a0000375,0.390625
10643,8,C6,101,2.502,a,S1 obj,41,co2a0000375,0.39453125
10644,8,C6,102,0.061,a,S1 obj,41,co2a0000375,0.3984375
10645,8,C6,103,-0.916,a,S1 obj,41,co2a0000375,0.40234375
10646,8,C6,104,0.549,a,S1 obj,41,co2a0000375,0.40625
10647,8,C6,105,4.456,a,S1 obj,41,co2a0000375,0.41015625
10648,8,C6,106,8.85,a,S1 obj,41,co2a0000375,0.4140625
10649,8,C6,107,11.292,a,S1 obj,41,co2a0000375,0.41796875
10650,8,C6,108,10.803,a,S1 obj,41,co2a0000375,0.421875
10651,8,C6,109,7.874,a,S1 obj,41,co2a0000375,0.42578125
10652,8,C6,110,4.944,a,S1 obj,41,co2a0000375,0.4296875
10653,8,C6,111,2.502,a,S1 obj,41,co2a0000375,0.43359375
10654,8,C6,112,2.502,a,S1 obj,41,co2a0000375,0.4375
10655,8,C6,113,2.502,a,S1 obj,41,co2a0000375,0.44140625
10656,8,C6,114,2.014,a,S1 obj,41,co2a0000375,0.4453125
10657,8,C6,115,0.061,a,S1 obj,41,co2a0000375,0.44921875
10658,8,C6,116,-1.892,a,S1 obj,41,co2a0000375,0.453125
10659,8,C6,117,-3.357,a,S1 obj,41,co2a0000375,0.45703125
10660,8,C6,118,-4.822,a,S1 obj,41,co2a0000375,0.4609375
10661,8,C6,119,-6.287,a,S1 obj,41,co2a0000375,0.46484375
10662,8,C6,120,-8.24,a,S1 obj,41,co2a0000375,0.46875
10663,8,C6,121,-9.705,a,S1 obj,41,co2a0000375,0.47265625
10664,8,C6,122,-8.728,a,S1 obj,41,co2a0000375,0.4765625
10665,8,C6,123,-5.798,a,S1 obj,41,co2a0000375,0.48046875
10666,8,C6,124,-1.404,a,S1 obj,41,co2a0000375,0.484375
10667,8,C6,125,2.014,a,S1 obj,41,co2a0000375,0.48828125
10668,8,C6,126,3.479,a,S1 obj,41,co2a0000375,0.4921875
10669,8,C6,127,2.014,a,S1 obj,41,co2a0000375,0.49609375
10670,8,C6,128,0.061,a,S1 obj,41,co2a0000375,0.5
10671,8,C6,129,-1.404,a,S1 obj,41,co2a0000375,0.50390625
10672,8,C6,130,-1.404,a,S1 obj,41,co2a0000375,0.5078125
10673,8,C6,131,-0.427,a,S1 obj,41,co2a0000375,0.51171875
10674,8,C6,132,0.061,a,S1 obj,41,co2a0000375,0.515625
10675,8,C6,133,-0.427,a,S1 obj,41,co2a0000375,0.51953125
10676,8,C6,134,-2.38,a,S1 obj,41,co2a0000375,0.5234375
10677,8,C6,135,-4.822,a,S1 obj,41,co2a0000375,0.52734375
10678,8,C6,136,-6.287,a,S1 obj,41,co2a0000375,0.53125
10679,8,C6,137,-6.775,a,S1 obj,41,co2a0000375,0.53515625
10680,8,C6,138,-6.287,a,S1 obj,41,co2a0000375,0.5390625
10681,8,C6,139,-5.798,a,S1 obj,41,co2a0000375,0.54296875
10682,8,C6,140,-5.31,a,S1 obj,41,co2a0000375,0.546875
10683,8,C6,141,-4.333,a,S1 obj,41,co2a0000375,0.55078125
10684,8,C6,142,-2.869,a,S1 obj,41,co2a0000375,0.5546875
10685,8,C6,143,-1.404,a,S1 obj,41,co2a0000375,0.55859375
10686,8,C6,144,-0.427,a,S1 obj,41,co2a0000375,0.5625
10687,8,C6,145,0.061,a,S1 obj,41,co2a0000375,0.56640625
10688,8,C6,146,-0.427,a,S1 obj,41,co2a0000375,0.5703125
10689,8,C6,147,0.061,a,S1 obj,41,co2a0000375,0.57421875
10690,8,C6,148,1.038,a,S1 obj,41,co2a0000375,0.578125
10691,8,C6,149,2.014,a,S1 obj,41,co2a0000375,0.58203125
10692,8,C6,150,2.502,a,S1 obj,41,co2a0000375,0.5859375
10693,8,C6,151,2.014,a,S1 obj,41,co2a0000375,0.58984375
10694,8,C6,152,1.038,a,S1 obj,41,co2a0000375,0.59375
10695,8,C6,153,0.061,a,S1 obj,41,co2a0000375,0.59765625
10696,8,C6,154,0.061,a,S1 obj,41,co2a0000375,0.6015625
10697,8,C6,155,1.526,a,S1 obj,41,co2a0000375,0.60546875
10698,8,C6,156,2.991,a,S1 obj,41,co2a0000375,0.609375
10699,8,C6,157,2.991,a,S1 obj,41,co2a0000375,0.61328125
10700,8,C6,158,1.038,a,S1 obj,41,co2a0000375,0.6171875
10701,8,C6,159,-1.892,a,S1 obj,41,co2a0000375,0.62109375
10702,8,C6,160,-3.845,a,S1 obj,41,co2a0000375,0.625
10703,8,C6,161,-4.333,a,S1 obj,41,co2a0000375,0.62890625
10704,8,C6,162,-3.357,a,S1 obj,41,co2a0000375,0.6328125
10705,8,C6,163,-2.38,a,S1 obj,41,co2a0000375,0.63671875
10706,8,C6,164,-2.38,a,S1 obj,41,co2a0000375,0.640625
10707,8,C6,165,-4.333,a,S1 obj,41,co2a0000375,0.64453125
10708,8,C6,166,-6.287,a,S1 obj,41,co2a0000375,0.6484375
10709,8,C6,167,-6.287,a,S1 obj,41,co2a0000375,0.65234375
10710,8,C6,168,-3.357,a,S1 obj,41,co2a0000375,0.65625
10711,8,C6,169,0.549,a,S1 obj,41,co2a0000375,0.66015625
10712,8,C6,170,3.479,a,S1 obj,41,co2a0000375,0.6640625
10713,8,C6,171,3.479,a,S1 obj,41,co2a0000375,0.66796875
10714,8,C6,172,0.549,a,S1 obj,41,co2a0000375,0.671875
10715,8,C6,173,-2.869,a,S1 obj,41,co2a0000375,0.67578125
10716,8,C6,174,-4.822,a,S1 obj,41,co2a0000375,0.6796875
10717,8,C6,175,-4.822,a,S1 obj,41,co2a0000375,0.68359375
10718,8,C6,176,-3.845,a,S1 obj,41,co2a0000375,0.6875
10719,8,C6,177,-3.357,a,S1 obj,41,co2a0000375,0.69140625
10720,8,C6,178,-4.333,a,S1 obj,41,co2a0000375,0.6953125
10721,8,C6,179,-5.31,a,S1 obj,41,co2a0000375,0.69921875
10722,8,C6,180,-6.287,a,S1 obj,41,co2a0000375,0.703125
10723,8,C6,181,-5.31,a,S1 obj,41,co2a0000375,0.70703125
10724,8,C6,182,-3.845,a,S1 obj,41,co2a0000375,0.7109375
10725,8,C6,183,-2.869,a,S1 obj,41,co2a0000375,0.71484375
10726,8,C6,184,-2.38,a,S1 obj,41,co2a0000375,0.71875
10727,8,C6,185,-2.38,a,S1 obj,41,co2a0000375,0.72265625
10728,8,C6,186,-2.869,a,S1 obj,41,co2a0000375,0.7265625
10729,8,C6,187,-1.892,a,S1 obj,41,co2a0000375,0.73046875
10730,8,C6,188,-0.427,a,S1 obj,41,co2a0000375,0.734375
10731,8,C6,189,1.526,a,S1 obj,41,co2a0000375,0.73828125
10732,8,C6,190,2.991,a,S1 obj,41,co2a0000375,0.7421875
10733,8,C6,191,2.991,a,S1 obj,41,co2a0000375,0.74609375
10734,8,C6,192,2.502,a,S1 obj,41,co2a0000375,0.75
10735,8,C6,193,1.526,a,S1 obj,41,co2a0000375,0.75390625
10736,8,C6,194,1.038,a,S1 obj,41,co2a0000375,0.7578125
10737,8,C6,195,0.549,a,S1 obj,41,co2a0000375,0.76171875
10738,8,C6,196,-0.916,a,S1 obj,41,co2a0000375,0.765625
10739,8,C6,197,-2.38,a,S1 obj,41,co2a0000375,0.76953125
10740,8,C6,198,-3.845,a,S1 obj,41,co2a0000375,0.7734375
10741,8,C6,199,-3.845,a,S1 obj,41,co2a0000375,0.77734375
10742,8,C6,200,-1.892,a,S1 obj,41,co2a0000375,0.78125
10743,8,C6,201,1.526,a,S1 obj,41,co2a0000375,0.78515625
10744,8,C6,202,4.456,a,S1 obj,41,co2a0000375,0.7890625
10745,8,C6,203,6.409,a,S1 obj,41,co2a0000375,0.79296875
10746,8,C6,204,5.92,a,S1 obj,41,co2a0000375,0.796875
10747,8,C6,205,2.991,a,S1 obj,41,co2a0000375,0.80078125
10748,8,C6,206,0.549,a,S1 obj,41,co2a0000375,0.8046875
10749,8,C6,207,-0.916,a,S1 obj,41,co2a0000375,0.80859375
10750,8,C6,208,-0.427,a,S1 obj,41,co2a0000375,0.8125
10751,8,C6,209,1.038,a,S1 obj,41,co2a0000375,0.81640625
10752,8,C6,210,2.502,a,S1 obj,41,co2a0000375,0.8203125
10753,8,C6,211,3.479,a,S1 obj,41,co2a0000375,0.82421875
10754,8,C6,212,3.479,a,S1 obj,41,co2a0000375,0.828125
10755,8,C6,213,3.967,a,S1 obj,41,co2a0000375,0.83203125
10756,8,C6,214,4.944,a,S1 obj,41,co2a0000375,0.8359375
10757,8,C6,215,6.897,a,S1 obj,41,co2a0000375,0.83984375
10758,8,C6,216,8.85,a,S1 obj,41,co2a0000375,0.84375
10759,8,C6,217,9.338,a,S1 obj,41,co2a0000375,0.84765625
10760,8,C6,218,8.85,a,S1 obj,41,co2a0000375,0.8515625
10761,8,C6,219,6.897,a,S1 obj,41,co2a0000375,0.85546875
10762,8,C6,220,4.944,a,S1 obj,41,co2a0000375,0.859375
10763,8,C6,221,3.967,a,S1 obj,41,co2a0000375,0.86328125
10764,8,C6,222,2.991,a,S1 obj,41,co2a0000375,0.8671875
10765,8,C6,223,3.967,a,S1 obj,41,co2a0000375,0.87109375
10766,8,C6,224,5.432,a,S1 obj,41,co2a0000375,0.875
10767,8,C6,225,6.409,a,S1 obj,41,co2a0000375,0.87890625
10768,8,C6,226,5.92,a,S1 obj,41,co2a0000375,0.8828125
10769,8,C6,227,2.991,a,S1 obj,41,co2a0000375,0.88671875
10770,8,C6,228,0.061,a,S1 obj,41,co2a0000375,0.890625
10771,8,C6,229,-0.916,a,S1 obj,41,co2a0000375,0.89453125
10772,8,C6,230,1.526,a,S1 obj,41,co2a0000375,0.8984375
10773,8,C6,231,6.409,a,S1 obj,41,co2a0000375,0.90234375
10774,8,C6,232,11.292,a,S1 obj,41,co2a0000375,0.90625
10775,8,C6,233,12.756,a,S1 obj,41,co2a0000375,0.91015625
10776,8,C6,234,10.315,a,S1 obj,41,co2a0000375,0.9140625
10777,8,C6,235,5.92,a,S1 obj,41,co2a0000375,0.91796875
10778,8,C6,236,2.502,a,S1 obj,41,co2a0000375,0.921875
10779,8,C6,237,1.038,a,S1 obj,41,co2a0000375,0.92578125
10780,8,C6,238,2.014,a,S1 obj,41,co2a0000375,0.9296875
10781,8,C6,239,3.967,a,S1 obj,41,co2a0000375,0.93359375
10782,8,C6,240,5.432,a,S1 obj,41,co2a0000375,0.9375
10783,8,C6,241,6.409,a,S1 obj,41,co2a0000375,0.94140625
10784,8,C6,242,7.874,a,S1 obj,41,co2a0000375,0.9453125
10785,8,C6,243,9.338,a,S1 obj,41,co2a0000375,0.94921875
10786,8,C6,244,9.338,a,S1 obj,41,co2a0000375,0.953125
10787,8,C6,245,6.897,a,S1 obj,41,co2a0000375,0.95703125
10788,8,C6,246,2.502,a,S1 obj,41,co2a0000375,0.9609375
10789,8,C6,247,-2.38,a,S1 obj,41,co2a0000375,0.96484375
10790,8,C6,248,-5.31,a,S1 obj,41,co2a0000375,0.96875
10791,8,C6,249,-3.845,a,S1 obj,41,co2a0000375,0.97265625
10792,8,C6,250,0.061,a,S1 obj,41,co2a0000375,0.9765625
10793,8,C6,251,5.432,a,S1 obj,41,co2a0000375,0.98046875
10794,8,C6,252,8.362,a,S1 obj,41,co2a0000375,0.984375
10795,8,C6,253,8.85,a,S1 obj,41,co2a0000375,0.98828125
10796,8,C6,254,7.874,a,S1 obj,41,co2a0000375,0.9921875
10797,8,C6,255,6.897,a,S1 obj,41,co2a0000375,0.99609375
10799,8,C5,0,4.791,a,S1 obj,42,co2a0000375,0.0
10800,8,C5,1,4.303,a,S1 obj,42,co2a0000375,0.00390625
10801,8,C5,2,3.815,a,S1 obj,42,co2a0000375,0.0078125
10802,8,C5,3,5.28,a,S1 obj,42,co2a0000375,0.01171875
10803,8,C5,4,7.233,a,S1 obj,42,co2a0000375,0.015625
10804,8,C5,5,9.674,a,S1 obj,42,co2a0000375,0.01953125
10805,8,C5,6,10.651,a,S1 obj,42,co2a0000375,0.0234375
10806,8,C5,7,9.186,a,S1 obj,42,co2a0000375,0.02734375
10807,8,C5,8,6.744,a,S1 obj,42,co2a0000375,0.03125
10808,8,C5,9,3.326,a,S1 obj,42,co2a0000375,0.03515625
10809,8,C5,10,0.397,a,S1 obj,42,co2a0000375,0.0390625
10810,8,C5,11,-1.556,a,S1 obj,42,co2a0000375,0.04296875
10811,8,C5,12,-1.068,a,S1 obj,42,co2a0000375,0.046875
10812,8,C5,13,-0.092,a,S1 obj,42,co2a0000375,0.05078125
10813,8,C5,14,2.35,a,S1 obj,42,co2a0000375,0.0546875
10814,8,C5,15,3.815,a,S1 obj,42,co2a0000375,0.05859375
10815,8,C5,16,4.791,a,S1 obj,42,co2a0000375,0.0625
10816,8,C5,17,4.791,a,S1 obj,42,co2a0000375,0.06640625
10817,8,C5,18,4.303,a,S1 obj,42,co2a0000375,0.0703125
10818,8,C5,19,4.791,a,S1 obj,42,co2a0000375,0.07421875
10819,8,C5,20,5.768,a,S1 obj,42,co2a0000375,0.078125
10820,8,C5,21,7.233,a,S1 obj,42,co2a0000375,0.08203125
10821,8,C5,22,9.186,a,S1 obj,42,co2a0000375,0.0859375
10822,8,C5,23,10.651,a,S1 obj,42,co2a0000375,0.08984375
10823,8,C5,24,11.139,a,S1 obj,42,co2a0000375,0.09375
10824,8,C5,25,11.139,a,S1 obj,42,co2a0000375,0.09765625
10825,8,C5,26,10.162,a,S1 obj,42,co2a0000375,0.1015625
10826,8,C5,27,9.186,a,S1 obj,42,co2a0000375,0.10546875
10827,8,C5,28,8.209,a,S1 obj,42,co2a0000375,0.109375
10828,8,C5,29,6.744,a,S1 obj,42,co2a0000375,0.11328125
10829,8,C5,30,5.768,a,S1 obj,42,co2a0000375,0.1171875
10830,8,C5,31,5.768,a,S1 obj,42,co2a0000375,0.12109375
10831,8,C5,32,6.256,a,S1 obj,42,co2a0000375,0.125
10832,8,C5,33,7.233,a,S1 obj,42,co2a0000375,0.12890625
10833,8,C5,34,7.721,a,S1 obj,42,co2a0000375,0.1328125
10834,8,C5,35,7.233,a,S1 obj,42,co2a0000375,0.13671875
10835,8,C5,36,5.768,a,S1 obj,42,co2a0000375,0.140625
10836,8,C5,37,3.815,a,S1 obj,42,co2a0000375,0.14453125
10837,8,C5,38,2.838,a,S1 obj,42,co2a0000375,0.1484375
10838,8,C5,39,3.326,a,S1 obj,42,co2a0000375,0.15234375
10839,8,C5,40,5.28,a,S1 obj,42,co2a0000375,0.15625
10840,8,C5,41,7.233,a,S1 obj,42,co2a0000375,0.16015625
10841,8,C5,42,8.698,a,S1 obj,42,co2a0000375,0.1640625
10842,8,C5,43,9.186,a,S1 obj,42,co2a0000375,0.16796875
10843,8,C5,44,8.209,a,S1 obj,42,co2a0000375,0.171875
10844,8,C5,45,7.721,a,S1 obj,42,co2a0000375,0.17578125
10845,8,C5,46,7.233,a,S1 obj,42,co2a0000375,0.1796875
10846,8,C5,47,6.744,a,S1 obj,42,co2a0000375,0.18359375
10847,8,C5,48,6.256,a,S1 obj,42,co2a0000375,0.1875
10848,8,C5,49,5.28,a,S1 obj,42,co2a0000375,0.19140625
10849,8,C5,50,4.791,a,S1 obj,42,co2a0000375,0.1953125
10850,8,C5,51,4.791,a,S1 obj,42,co2a0000375,0.19921875
10851,8,C5,52,4.791,a,S1 obj,42,co2a0000375,0.203125
10852,8,C5,53,4.791,a,S1 obj,42,co2a0000375,0.20703125
10853,8,C5,54,4.303,a,S1 obj,42,co2a0000375,0.2109375
10854,8,C5,55,2.838,a,S1 obj,42,co2a0000375,0.21484375
10855,8,C5,56,1.373,a,S1 obj,42,co2a0000375,0.21875
10856,8,C5,57,0.885,a,S1 obj,42,co2a0000375,0.22265625
10857,8,C5,58,1.862,a,S1 obj,42,co2a0000375,0.2265625
10858,8,C5,59,3.815,a,S1 obj,42,co2a0000375,0.23046875
10859,8,C5,60,6.744,a,S1 obj,42,co2a0000375,0.234375
10860,8,C5,61,8.698,a,S1 obj,42,co2a0000375,0.23828125
10861,8,C5,62,10.651,a,S1 obj,42,co2a0000375,0.2421875
10862,8,C5,63,11.627,a,S1 obj,42,co2a0000375,0.24609375
10863,8,C5,64,12.115,a,S1 obj,42,co2a0000375,0.25
10864,8,C5,65,11.627,a,S1 obj,42,co2a0000375,0.25390625
10865,8,C5,66,10.162,a,S1 obj,42,co2a0000375,0.2578125
10866,8,C5,67,8.698,a,S1 obj,42,co2a0000375,0.26171875
10867,8,C5,68,7.721,a,S1 obj,42,co2a0000375,0.265625
10868,8,C5,69,7.233,a,S1 obj,42,co2a0000375,0.26953125
10869,8,C5,70,7.233,a,S1 obj,42,co2a0000375,0.2734375
10870,8,C5,71,7.721,a,S1 obj,42,co2a0000375,0.27734375
10871,8,C5,72,8.698,a,S1 obj,42,co2a0000375,0.28125
10872,8,C5,73,9.674,a,S1 obj,42,co2a0000375,0.28515625
10873,8,C5,74,10.162,a,S1 obj,42,co2a0000375,0.2890625
10874,8,C5,75,9.186,a,S1 obj,42,co2a0000375,0.29296875
10875,8,C5,76,7.233,a,S1 obj,42,co2a0000375,0.296875
10876,8,C5,77,4.303,a,S1 obj,42,co2a0000375,0.30078125
10877,8,C5,78,2.838,a,S1 obj,42,co2a0000375,0.3046875
10878,8,C5,79,2.35,a,S1 obj,42,co2a0000375,0.30859375
10879,8,C5,80,4.303,a,S1 obj,42,co2a0000375,0.3125
10880,8,C5,81,7.721,a,S1 obj,42,co2a0000375,0.31640625
10881,8,C5,82,11.139,a,S1 obj,42,co2a0000375,0.3203125
10882,8,C5,83,13.58,a,S1 obj,42,co2a0000375,0.32421875
10883,8,C5,84,13.58,a,S1 obj,42,co2a0000375,0.328125
10884,8,C5,85,12.604,a,S1 obj,42,co2a0000375,0.33203125
10885,8,C5,86,11.139,a,S1 obj,42,co2a0000375,0.3359375
10886,8,C5,87,10.651,a,S1 obj,42,co2a0000375,0.33984375
10887,8,C5,88,10.651,a,S1 obj,42,co2a0000375,0.34375
10888,8,C5,89,11.139,a,S1 obj,42,co2a0000375,0.34765625
10889,8,C5,90,12.115,a,S1 obj,42,co2a0000375,0.3515625
10890,8,C5,91,12.115,a,S1 obj,42,co2a0000375,0.35546875
10891,8,C5,92,12.115,a,S1 obj,42,co2a0000375,0.359375
10892,8,C5,93,12.604,a,S1 obj,42,co2a0000375,0.36328125
10893,8,C5,94,12.604,a,S1 obj,42,co2a0000375,0.3671875
10894,8,C5,95,11.627,a,S1 obj,42,co2a0000375,0.37109375
10895,8,C5,96,9.186,a,S1 obj,42,co2a0000375,0.375
10896,8,C5,97,5.28,a,S1 obj,42,co2a0000375,0.37890625
10897,8,C5,98,2.35,a,S1 obj,42,co2a0000375,0.3828125
10898,8,C5,99,0.885,a,S1 obj,42,co2a0000375,0.38671875
10899,8,C5,100,3.326,a,S1 obj,42,co2a0000375,0.390625
10900,8,C5,101,8.209,a,S1 obj,42,co2a0000375,0.39453125
10901,8,C5,102,13.092,a,S1 obj,42,co2a0000375,0.3984375
10902,8,C5,103,16.022,a,S1 obj,42,co2a0000375,0.40234375
10903,8,C5,104,14.557,a,S1 obj,42,co2a0000375,0.40625
10904,8,C5,105,10.651,a,S1 obj,42,co2a0000375,0.41015625
10905,8,C5,106,6.744,a,S1 obj,42,co2a0000375,0.4140625
10906,8,C5,107,4.303,a,S1 obj,42,co2a0000375,0.41796875
10907,8,C5,108,4.303,a,S1 obj,42,co2a0000375,0.421875
10908,8,C5,109,4.303,a,S1 obj,42,co2a0000375,0.42578125
10909,8,C5,110,3.326,a,S1 obj,42,co2a0000375,0.4296875
10910,8,C5,111,0.397,a,S1 obj,42,co2a0000375,0.43359375
10911,8,C5,112,-1.556,a,S1 obj,42,co2a0000375,0.4375
10912,8,C5,113,-0.58,a,S1 obj,42,co2a0000375,0.44140625
10913,8,C5,114,4.303,a,S1 obj,42,co2a0000375,0.4453125
10914,8,C5,115,10.162,a,S1 obj,42,co2a0000375,0.44921875
10915,8,C5,116,12.604,a,S1 obj,42,co2a0000375,0.453125
10916,8,C5,117,8.698,a,S1 obj,42,co2a0000375,0.45703125
10917,8,C5,118,-0.58,a,S1 obj,42,co2a0000375,0.4609375
10918,8,C5,119,-9.369,a,S1 obj,42,co2a0000375,0.46484375
10919,8,C5,120,-13.275,a,S1 obj,42,co2a0000375,0.46875
10920,8,C5,121,-10.834,a,S1 obj,42,co2a0000375,0.47265625
10921,8,C5,122,-4.974,a,S1 obj,42,co2a0000375,0.4765625
10922,8,C5,123,-0.092,a,S1 obj,42,co2a0000375,0.48046875
10923,8,C5,124,1.373,a,S1 obj,42,co2a0000375,0.484375
10924,8,C5,125,0.397,a,S1 obj,42,co2a0000375,0.48828125
10925,8,C5,126,-0.092,a,S1 obj,42,co2a0000375,0.4921875
10926,8,C5,127,3.326,a,S1 obj,42,co2a0000375,0.49609375
10927,8,C5,128,8.698,a,S1 obj,42,co2a0000375,0.5
10928,8,C5,129,12.604,a,S1 obj,42,co2a0000375,0.50390625
10929,8,C5,130,12.115,a,S1 obj,42,co2a0000375,0.5078125
10930,8,C5,131,6.256,a,S1 obj,42,co2a0000375,0.51171875
10931,8,C5,132,-2.045,a,S1 obj,42,co2a0000375,0.515625
10932,8,C5,133,-7.904,a,S1 obj,42,co2a0000375,0.51953125
10933,8,C5,134,-8.881,a,S1 obj,42,co2a0000375,0.5234375
10934,8,C5,135,-4.974,a,S1 obj,42,co2a0000375,0.52734375
10935,8,C5,136,-1.068,a,S1 obj,42,co2a0000375,0.53125
10936,8,C5,137,0.885,a,S1 obj,42,co2a0000375,0.53515625
10937,8,C5,138,-0.58,a,S1 obj,42,co2a0000375,0.5390625
10938,8,C5,139,-3.51,a,S1 obj,42,co2a0000375,0.54296875
10939,8,C5,140,-5.463,a,S1 obj,42,co2a0000375,0.546875
10940,8,C5,141,-4.974,a,S1 obj,42,co2a0000375,0.55078125
10941,8,C5,142,-2.533,a,S1 obj,42,co2a0000375,0.5546875
10942,8,C5,143,-0.58,a,S1 obj,42,co2a0000375,0.55859375
10943,8,C5,144,1.373,a,S1 obj,42,co2a0000375,0.5625
10944,8,C5,145,2.838,a,S1 obj,42,co2a0000375,0.56640625
10945,8,C5,146,4.303,a,S1 obj,42,co2a0000375,0.5703125
10946,8,C5,147,6.256,a,S1 obj,42,co2a0000375,0.57421875
10947,8,C5,148,7.721,a,S1 obj,42,co2a0000375,0.578125
10948,8,C5,149,7.721,a,S1 obj,42,co2a0000375,0.58203125
10949,8,C5,150,6.256,a,S1 obj,42,co2a0000375,0.5859375
10950,8,C5,151,4.303,a,S1 obj,42,co2a0000375,0.58984375
10951,8,C5,152,3.326,a,S1 obj,42,co2a0000375,0.59375
10952,8,C5,153,3.815,a,S1 obj,42,co2a0000375,0.59765625
10953,8,C5,154,4.303,a,S1 obj,42,co2a0000375,0.6015625
10954,8,C5,155,4.791,a,S1 obj,42,co2a0000375,0.60546875
10955,8,C5,156,3.326,a,S1 obj,42,co2a0000375,0.609375
10956,8,C5,157,0.397,a,S1 obj,42,co2a0000375,0.61328125
10957,8,C5,158,-2.533,a,S1 obj,42,co2a0000375,0.6171875
10958,8,C5,159,-4.486,a,S1 obj,42,co2a0000375,0.62109375
10959,8,C5,160,-4.486,a,S1 obj,42,co2a0000375,0.625
10960,8,C5,161,-2.045,a,S1 obj,42,co2a0000375,0.62890625
10961,8,C5,162,0.885,a,S1 obj,42,co2a0000375,0.6328125
10962,8,C5,163,2.838,a,S1 obj,42,co2a0000375,0.63671875
10963,8,C5,164,2.35,a,S1 obj,42,co2a0000375,0.640625
10964,8,C5,165,-0.58,a,S1 obj,42,co2a0000375,0.64453125
10965,8,C5,166,-3.51,a,S1 obj,42,co2a0000375,0.6484375
10966,8,C5,167,-4.974,a,S1 obj,42,co2a0000375,0.65234375
10967,8,C5,168,-3.51,a,S1 obj,42,co2a0000375,0.65625
10968,8,C5,169,-1.068,a,S1 obj,42,co2a0000375,0.66015625
10969,8,C5,170,0.885,a,S1 obj,42,co2a0000375,0.6640625
10970,8,C5,171,1.373,a,S1 obj,42,co2a0000375,0.66796875
10971,8,C5,172,0.397,a,S1 obj,42,co2a0000375,0.671875
10972,8,C5,173,-1.068,a,S1 obj,42,co2a0000375,0.67578125
10973,8,C5,174,-1.068,a,S1 obj,42,co2a0000375,0.6796875
10974,8,C5,175,-0.092,a,S1 obj,42,co2a0000375,0.68359375
10975,8,C5,176,0.885,a,S1 obj,42,co2a0000375,0.6875
10976,8,C5,177,0.885,a,S1 obj,42,co2a0000375,0.69140625
10977,8,C5,178,0.397,a,S1 obj,42,co2a0000375,0.6953125
10978,8,C5,179,-0.58,a,S1 obj,42,co2a0000375,0.69921875
10979,8,C5,180,-0.58,a,S1 obj,42,co2a0000375,0.703125
10980,8,C5,181,-0.092,a,S1 obj,42,co2a0000375,0.70703125
10981,8,C5,182,-0.092,a,S1 obj,42,co2a0000375,0.7109375
10982,8,C5,183,-0.58,a,S1 obj,42,co2a0000375,0.71484375
10983,8,C5,184,-2.045,a,S1 obj,42,co2a0000375,0.71875
10984,8,C5,185,-3.51,a,S1 obj,42,co2a0000375,0.72265625
10985,8,C5,186,-3.51,a,S1 obj,42,co2a0000375,0.7265625
10986,8,C5,187,-1.556,a,S1 obj,42,co2a0000375,0.73046875
10987,8,C5,188,1.373,a,S1 obj,42,co2a0000375,0.734375
10988,8,C5,189,3.815,a,S1 obj,42,co2a0000375,0.73828125
10989,8,C5,190,5.768,a,S1 obj,42,co2a0000375,0.7421875
10990,8,C5,191,5.28,a,S1 obj,42,co2a0000375,0.74609375
10991,8,C5,192,3.815,a,S1 obj,42,co2a0000375,0.75
10992,8,C5,193,2.838,a,S1 obj,42,co2a0000375,0.75390625
10993,8,C5,194,2.838,a,S1 obj,42,co2a0000375,0.7578125
10994,8,C5,195,2.838,a,S1 obj,42,co2a0000375,0.76171875
10995,8,C5,196,2.35,a,S1 obj,42,co2a0000375,0.765625
10996,8,C5,197,2.35,a,S1 obj,42,co2a0000375,0.76953125
10997,8,C5,198,2.35,a,S1 obj,42,co2a0000375,0.7734375
10998,8,C5,199,4.303,a,S1 obj,42,co2a0000375,0.77734375
10999,8,C5,200,6.744,a,S1 obj,42,co2a0000375,0.78125
11000,8,C5,201,9.186,a,S1 obj,42,co2a0000375,0.78515625
11001,8,C5,202,10.162,a,S1 obj,42,co2a0000375,0.7890625
11002,8,C5,203,9.186,a,S1 obj,42,co2a0000375,0.79296875
11003,8,C5,204,7.233,a,S1 obj,42,co2a0000375,0.796875
11004,8,C5,205,5.768,a,S1 obj,42,co2a0000375,0.80078125
11005,8,C5,206,4.791,a,S1 obj,42,co2a0000375,0.8046875
11006,8,C5,207,5.28,a,S1 obj,42,co2a0000375,0.80859375
11007,8,C5,208,7.233,a,S1 obj,42,co2a0000375,0.8125
11008,8,C5,209,11.139,a,S1 obj,42,co2a0000375,0.81640625
11009,8,C5,210,15.533,a,S1 obj,42,co2a0000375,0.8203125
11010,8,C5,211,18.951,a,S1 obj,42,co2a0000375,0.82421875
11011,8,C5,212,18.463,a,S1 obj,42,co2a0000375,0.828125
11012,8,C5,213,14.557,a,S1 obj,42,co2a0000375,0.83203125
11013,8,C5,214,9.674,a,S1 obj,42,co2a0000375,0.8359375
11014,8,C5,215,8.209,a,S1 obj,42,co2a0000375,0.83984375
11015,8,C5,216,10.651,a,S1 obj,42,co2a0000375,0.84375
11016,8,C5,217,15.533,a,S1 obj,42,co2a0000375,0.84765625
11017,8,C5,218,17.975,a,S1 obj,42,co2a0000375,0.8515625
11018,8,C5,219,15.533,a,S1 obj,42,co2a0000375,0.85546875
11019,8,C5,220,9.186,a,S1 obj,42,co2a0000375,0.859375
11020,8,C5,221,4.303,a,S1 obj,42,co2a0000375,0.86328125
11021,8,C5,222,3.815,a,S1 obj,42,co2a0000375,0.8671875
11022,8,C5,223,8.209,a,S1 obj,42,co2a0000375,0.87109375
11023,8,C5,224,13.092,a,S1 obj,42,co2a0000375,0.875
11024,8,C5,225,13.58,a,S1 obj,42,co2a0000375,0.87890625
11025,8,C5,226,9.674,a,S1 obj,42,co2a0000375,0.8828125
11026,8,C5,227,2.838,a,S1 obj,42,co2a0000375,0.88671875
11027,8,C5,228,-1.556,a,S1 obj,42,co2a0000375,0.890625
11028,8,C5,229,-1.556,a,S1 obj,42,co2a0000375,0.89453125
11029,8,C5,230,2.35,a,S1 obj,42,co2a0000375,0.8984375
11030,8,C5,231,7.233,a,S1 obj,42,co2a0000375,0.90234375
11031,8,C5,232,10.162,a,S1 obj,42,co2a0000375,0.90625
11032,8,C5,233,10.651,a,S1 obj,42,co2a0000375,0.91015625
11033,8,C5,234,9.674,a,S1 obj,42,co2a0000375,0.9140625
11034,8,C5,235,8.698,a,S1 obj,42,co2a0000375,0.91796875
11035,8,C5,236,8.698,a,S1 obj,42,co2a0000375,0.921875
11036,8,C5,237,8.209,a,S1 obj,42,co2a0000375,0.92578125
11037,8,C5,238,6.744,a,S1 obj,42,co2a0000375,0.9296875
11038,8,C5,239,4.303,a,S1 obj,42,co2a0000375,0.93359375
11039,8,C5,240,2.35,a,S1 obj,42,co2a0000375,0.9375
11040,8,C5,241,2.838,a,S1 obj,42,co2a0000375,0.94140625
11041,8,C5,242,4.791,a,S1 obj,42,co2a0000375,0.9453125
11042,8,C5,243,7.721,a,S1 obj,42,co2a0000375,0.94921875
11043,8,C5,244,8.698,a,S1 obj,42,co2a0000375,0.953125
11044,8,C5,245,7.233,a,S1 obj,42,co2a0000375,0.95703125
11045,8,C5,246,4.303,a,S1 obj,42,co2a0000375,0.9609375
11046,8,C5,247,3.326,a,S1 obj,42,co2a0000375,0.96484375
11047,8,C5,248,5.28,a,S1 obj,42,co2a0000375,0.96875
11048,8,C5,249,10.162,a,S1 obj,42,co2a0000375,0.97265625
11049,8,C5,250,14.069,a,S1 obj,42,co2a0000375,0.9765625
11050,8,C5,251,15.045,a,S1 obj,42,co2a0000375,0.98046875
11051,8,C5,252,13.092,a,S1 obj,42,co2a0000375,0.984375
11052,8,C5,253,10.651,a,S1 obj,42,co2a0000375,0.98828125
11053,8,C5,254,10.162,a,S1 obj,42,co2a0000375,0.9921875
11054,8,C5,255,12.115,a,S1 obj,42,co2a0000375,0.99609375
11056,8,F2,0,0.631,a,S1 obj,43,co2a0000375,0.0
11057,8,F2,1,1.119,a,S1 obj,43,co2a0000375,0.00390625
11058,8,F2,2,3.56,a,S1 obj,43,co2a0000375,0.0078125
11059,8,F2,3,6.002,a,S1 obj,43,co2a0000375,0.01171875
11060,8,F2,4,8.443,a,S1 obj,43,co2a0000375,0.015625
11061,8,F2,5,8.931,a,S1 obj,43,co2a0000375,0.01953125
11062,8,F2,6,8.443,a,S1 obj,43,co2a0000375,0.0234375
11063,8,F2,7,7.955,a,S1 obj,43,co2a0000375,0.02734375
11064,8,F2,8,6.49,a,S1 obj,43,co2a0000375,0.03125
11065,8,F2,9,4.049,a,S1 obj,43,co2a0000375,0.03515625
11066,8,F2,10,1.119,a,S1 obj,43,co2a0000375,0.0390625
11067,8,F2,11,-1.811,a,S1 obj,43,co2a0000375,0.04296875
11068,8,F2,12,-3.276,a,S1 obj,43,co2a0000375,0.046875
11069,8,F2,13,-1.811,a,S1 obj,43,co2a0000375,0.05078125
11070,8,F2,14,1.119,a,S1 obj,43,co2a0000375,0.0546875
11071,8,F2,15,4.537,a,S1 obj,43,co2a0000375,0.05859375
11072,8,F2,16,5.514,a,S1 obj,43,co2a0000375,0.0625
11073,8,F2,17,4.537,a,S1 obj,43,co2a0000375,0.06640625
11074,8,F2,18,2.584,a,S1 obj,43,co2a0000375,0.0703125
11075,8,F2,19,1.119,a,S1 obj,43,co2a0000375,0.07421875
11076,8,F2,20,3.072,a,S1 obj,43,co2a0000375,0.078125
11077,8,F2,21,6.002,a,S1 obj,43,co2a0000375,0.08203125
11078,8,F2,22,9.42,a,S1 obj,43,co2a0000375,0.0859375
11079,8,F2,23,11.373,a,S1 obj,43,co2a0000375,0.08984375
11080,8,F2,24,11.373,a,S1 obj,43,co2a0000375,0.09375
11081,8,F2,25,10.885,a,S1 obj,43,co2a0000375,0.09765625
11082,8,F2,26,11.373,a,S1 obj,43,co2a0000375,0.1015625
11083,8,F2,27,12.349,a,S1 obj,43,co2a0000375,0.10546875
11084,8,F2,28,12.349,a,S1 obj,43,co2a0000375,0.109375
11085,8,F2,29,10.396,a,S1 obj,43,co2a0000375,0.11328125
11086,8,F2,30,6.978,a,S1 obj,43,co2a0000375,0.1171875
11087,8,F2,31,2.584,a,S1 obj,43,co2a0000375,0.12109375
11088,8,F2,32,0.142,a,S1 obj,43,co2a0000375,0.125
11089,8,F2,33,0.142,a,S1 obj,43,co2a0000375,0.12890625
11090,8,F2,34,3.072,a,S1 obj,43,co2a0000375,0.1328125
11091,8,F2,35,6.978,a,S1 obj,43,co2a0000375,0.13671875
11092,8,F2,36,9.42,a,S1 obj,43,co2a0000375,0.140625
11093,8,F2,37,9.908,a,S1 obj,43,co2a0000375,0.14453125
11094,8,F2,38,8.931,a,S1 obj,43,co2a0000375,0.1484375
11095,8,F2,39,6.978,a,S1 obj,43,co2a0000375,0.15234375
11096,8,F2,40,5.514,a,S1 obj,43,co2a0000375,0.15625
11097,8,F2,41,6.002,a,S1 obj,43,co2a0000375,0.16015625
11098,8,F2,42,7.955,a,S1 obj,43,co2a0000375,0.1640625
11099,8,F2,43,10.885,a,S1 obj,43,co2a0000375,0.16796875
11100,8,F2,44,13.326,a,S1 obj,43,co2a0000375,0.171875
11101,8,F2,45,13.814,a,S1 obj,43,co2a0000375,0.17578125
11102,8,F2,46,11.373,a,S1 obj,43,co2a0000375,0.1796875
11103,8,F2,47,7.467,a,S1 obj,43,co2a0000375,0.18359375
11104,8,F2,48,3.56,a,S1 obj,43,co2a0000375,0.1875
11105,8,F2,49,1.119,a,S1 obj,43,co2a0000375,0.19140625
11106,8,F2,50,1.607,a,S1 obj,43,co2a0000375,0.1953125
11107,8,F2,51,4.049,a,S1 obj,43,co2a0000375,0.19921875
11108,8,F2,52,6.002,a,S1 obj,43,co2a0000375,0.203125
11109,8,F2,53,7.467,a,S1 obj,43,co2a0000375,0.20703125
11110,8,F2,54,6.978,a,S1 obj,43,co2a0000375,0.2109375
11111,8,F2,55,5.025,a,S1 obj,43,co2a0000375,0.21484375
11112,8,F2,56,4.537,a,S1 obj,43,co2a0000375,0.21875
11113,8,F2,57,5.514,a,S1 obj,43,co2a0000375,0.22265625
11114,8,F2,58,7.955,a,S1 obj,43,co2a0000375,0.2265625
11115,8,F2,59,11.373,a,S1 obj,43,co2a0000375,0.23046875
11116,8,F2,60,13.814,a,S1 obj,43,co2a0000375,0.234375
11117,8,F2,61,14.791,a,S1 obj,43,co2a0000375,0.23828125
11118,8,F2,62,14.791,a,S1 obj,43,co2a0000375,0.2421875
11119,8,F2,63,13.814,a,S1 obj,43,co2a0000375,0.24609375
11120,8,F2,64,13.326,a,S1 obj,43,co2a0000375,0.25
11121,8,F2,65,12.838,a,S1 obj,43,co2a0000375,0.25390625
11122,8,F2,66,12.349,a,S1 obj,43,co2a0000375,0.2578125
11123,8,F2,67,12.349,a,S1 obj,43,co2a0000375,0.26171875
11124,8,F2,68,11.373,a,S1 obj,43,co2a0000375,0.265625
11125,8,F2,69,11.373,a,S1 obj,43,co2a0000375,0.26953125
11126,8,F2,70,11.861,a,S1 obj,43,co2a0000375,0.2734375
11127,8,F2,71,12.349,a,S1 obj,43,co2a0000375,0.27734375
11128,8,F2,72,12.349,a,S1 obj,43,co2a0000375,0.28125
11129,8,F2,73,11.373,a,S1 obj,43,co2a0000375,0.28515625
11130,8,F2,74,9.42,a,S1 obj,43,co2a0000375,0.2890625
11131,8,F2,75,7.467,a,S1 obj,43,co2a0000375,0.29296875
11132,8,F2,76,6.978,a,S1 obj,43,co2a0000375,0.296875
11133,8,F2,77,7.467,a,S1 obj,43,co2a0000375,0.30078125
11134,8,F2,78,8.931,a,S1 obj,43,co2a0000375,0.3046875
11135,8,F2,79,10.885,a,S1 obj,43,co2a0000375,0.30859375
11136,8,F2,80,11.861,a,S1 obj,43,co2a0000375,0.3125
11137,8,F2,81,11.861,a,S1 obj,43,co2a0000375,0.31640625
11138,8,F2,82,11.373,a,S1 obj,43,co2a0000375,0.3203125
11139,8,F2,83,10.396,a,S1 obj,43,co2a0000375,0.32421875
11140,8,F2,84,9.42,a,S1 obj,43,co2a0000375,0.328125
11141,8,F2,85,8.931,a,S1 obj,43,co2a0000375,0.33203125
11142,8,F2,86,8.931,a,S1 obj,43,co2a0000375,0.3359375
11143,8,F2,87,8.443,a,S1 obj,43,co2a0000375,0.33984375
11144,8,F2,88,8.443,a,S1 obj,43,co2a0000375,0.34375
11145,8,F2,89,7.955,a,S1 obj,43,co2a0000375,0.34765625
11146,8,F2,90,6.978,a,S1 obj,43,co2a0000375,0.3515625
11147,8,F2,91,6.49,a,S1 obj,43,co2a0000375,0.35546875
11148,8,F2,92,6.002,a,S1 obj,43,co2a0000375,0.359375
11149,8,F2,93,6.49,a,S1 obj,43,co2a0000375,0.36328125
11150,8,F2,94,6.002,a,S1 obj,43,co2a0000375,0.3671875
11151,8,F2,95,5.514,a,S1 obj,43,co2a0000375,0.37109375
11152,8,F2,96,4.049,a,S1 obj,43,co2a0000375,0.375
11153,8,F2,97,2.584,a,S1 obj,43,co2a0000375,0.37890625
11154,8,F2,98,1.607,a,S1 obj,43,co2a0000375,0.3828125
11155,8,F2,99,2.096,a,S1 obj,43,co2a0000375,0.38671875
11156,8,F2,100,3.56,a,S1 obj,43,co2a0000375,0.390625
11157,8,F2,101,5.514,a,S1 obj,43,co2a0000375,0.39453125
11158,8,F2,102,7.467,a,S1 obj,43,co2a0000375,0.3984375
11159,8,F2,103,8.443,a,S1 obj,43,co2a0000375,0.40234375
11160,8,F2,104,8.443,a,S1 obj,43,co2a0000375,0.40625
11161,8,F2,105,7.955,a,S1 obj,43,co2a0000375,0.41015625
11162,8,F2,106,6.978,a,S1 obj,43,co2a0000375,0.4140625
11163,8,F2,107,6.002,a,S1 obj,43,co2a0000375,0.41796875
11164,8,F2,108,6.002,a,S1 obj,43,co2a0000375,0.421875
11165,8,F2,109,6.002,a,S1 obj,43,co2a0000375,0.42578125
11166,8,F2,110,6.002,a,S1 obj,43,co2a0000375,0.4296875
11167,8,F2,111,5.514,a,S1 obj,43,co2a0000375,0.43359375
11168,8,F2,112,4.537,a,S1 obj,43,co2a0000375,0.4375
11169,8,F2,113,3.072,a,S1 obj,43,co2a0000375,0.44140625
11170,8,F2,114,2.096,a,S1 obj,43,co2a0000375,0.4453125
11171,8,F2,115,2.096,a,S1 obj,43,co2a0000375,0.44921875
11172,8,F2,116,2.096,a,S1 obj,43,co2a0000375,0.453125
11173,8,F2,117,2.096,a,S1 obj,43,co2a0000375,0.45703125
11174,8,F2,118,1.119,a,S1 obj,43,co2a0000375,0.4609375
11175,8,F2,119,1.119,a,S1 obj,43,co2a0000375,0.46484375
11176,8,F2,120,0.631,a,S1 obj,43,co2a0000375,0.46875
11177,8,F2,121,1.119,a,S1 obj,43,co2a0000375,0.47265625
11178,8,F2,122,2.096,a,S1 obj,43,co2a0000375,0.4765625
11179,8,F2,123,3.072,a,S1 obj,43,co2a0000375,0.48046875
11180,8,F2,124,3.56,a,S1 obj,43,co2a0000375,0.484375
11181,8,F2,125,4.049,a,S1 obj,43,co2a0000375,0.48828125
11182,8,F2,126,4.537,a,S1 obj,43,co2a0000375,0.4921875
11183,8,F2,127,5.514,a,S1 obj,43,co2a0000375,0.49609375
11184,8,F2,128,6.978,a,S1 obj,43,co2a0000375,0.5
11185,8,F2,129,8.443,a,S1 obj,43,co2a0000375,0.50390625
11186,8,F2,130,9.42,a,S1 obj,43,co2a0000375,0.5078125
11187,8,F2,131,9.42,a,S1 obj,43,co2a0000375,0.51171875
11188,8,F2,132,9.42,a,S1 obj,43,co2a0000375,0.515625
11189,8,F2,133,8.443,a,S1 obj,43,co2a0000375,0.51953125
11190,8,F2,134,6.978,a,S1 obj,43,co2a0000375,0.5234375
11191,8,F2,135,5.514,a,S1 obj,43,co2a0000375,0.52734375
11192,8,F2,136,4.049,a,S1 obj,43,co2a0000375,0.53125
11193,8,F2,137,3.072,a,S1 obj,43,co2a0000375,0.53515625
11194,8,F2,138,3.56,a,S1 obj,43,co2a0000375,0.5390625
11195,8,F2,139,4.537,a,S1 obj,43,co2a0000375,0.54296875
11196,8,F2,140,5.514,a,S1 obj,43,co2a0000375,0.546875
11197,8,F2,141,5.514,a,S1 obj,43,co2a0000375,0.55078125
11198,8,F2,142,5.025,a,S1 obj,43,co2a0000375,0.5546875
11199,8,F2,143,4.537,a,S1 obj,43,co2a0000375,0.55859375
11200,8,F2,144,5.514,a,S1 obj,43,co2a0000375,0.5625
11201,8,F2,145,8.443,a,S1 obj,43,co2a0000375,0.56640625
11202,8,F2,146,12.349,a,S1 obj,43,co2a0000375,0.5703125
11203,8,F2,147,14.791,a,S1 obj,43,co2a0000375,0.57421875
11204,8,F2,148,15.767,a,S1 obj,43,co2a0000375,0.578125
11205,8,F2,149,14.791,a,S1 obj,43,co2a0000375,0.58203125
11206,8,F2,150,13.326,a,S1 obj,43,co2a0000375,0.5859375
11207,8,F2,151,11.861,a,S1 obj,43,co2a0000375,0.58984375
11208,8,F2,152,11.373,a,S1 obj,43,co2a0000375,0.59375
11209,8,F2,153,10.885,a,S1 obj,43,co2a0000375,0.59765625
11210,8,F2,154,10.396,a,S1 obj,43,co2a0000375,0.6015625
11211,8,F2,155,9.908,a,S1 obj,43,co2a0000375,0.60546875
11212,8,F2,156,9.42,a,S1 obj,43,co2a0000375,0.609375
11213,8,F2,157,9.42,a,S1 obj,43,co2a0000375,0.61328125
11214,8,F2,158,9.42,a,S1 obj,43,co2a0000375,0.6171875
11215,8,F2,159,9.42,a,S1 obj,43,co2a0000375,0.62109375
11216,8,F2,160,9.42,a,S1 obj,43,co2a0000375,0.625
11217,8,F2,161,8.443,a,S1 obj,43,co2a0000375,0.62890625
11218,8,F2,162,7.467,a,S1 obj,43,co2a0000375,0.6328125
11219,8,F2,163,6.978,a,S1 obj,43,co2a0000375,0.63671875
11220,8,F2,164,6.978,a,S1 obj,43,co2a0000375,0.640625
11221,8,F2,165,7.467,a,S1 obj,43,co2a0000375,0.64453125
11222,8,F2,166,9.908,a,S1 obj,43,co2a0000375,0.6484375
11223,8,F2,167,13.326,a,S1 obj,43,co2a0000375,0.65234375
11224,8,F2,168,17.232,a,S1 obj,43,co2a0000375,0.65625
11225,8,F2,169,20.162,a,S1 obj,43,co2a0000375,0.66015625
11226,8,F2,170,20.65,a,S1 obj,43,co2a0000375,0.6640625
11227,8,F2,171,18.209,a,S1 obj,43,co2a0000375,0.66796875
11228,8,F2,172,13.814,a,S1 obj,43,co2a0000375,0.671875
11229,8,F2,173,10.885,a,S1 obj,43,co2a0000375,0.67578125
11230,8,F2,174,10.885,a,S1 obj,43,co2a0000375,0.6796875
11231,8,F2,175,12.838,a,S1 obj,43,co2a0000375,0.68359375
11232,8,F2,176,14.791,a,S1 obj,43,co2a0000375,0.6875
11233,8,F2,177,15.767,a,S1 obj,43,co2a0000375,0.69140625
11234,8,F2,178,14.303,a,S1 obj,43,co2a0000375,0.6953125
11235,8,F2,179,11.861,a,S1 obj,43,co2a0000375,0.69921875
11236,8,F2,180,11.373,a,S1 obj,43,co2a0000375,0.703125
11237,8,F2,181,12.838,a,S1 obj,43,co2a0000375,0.70703125
11238,8,F2,182,15.279,a,S1 obj,43,co2a0000375,0.7109375
11239,8,F2,183,17.232,a,S1 obj,43,co2a0000375,0.71484375
11240,8,F2,184,17.232,a,S1 obj,43,co2a0000375,0.71875
11241,8,F2,185,16.256,a,S1 obj,43,co2a0000375,0.72265625
11242,8,F2,186,15.279,a,S1 obj,43,co2a0000375,0.7265625
11243,8,F2,187,15.767,a,S1 obj,43,co2a0000375,0.73046875
11244,8,F2,188,18.209,a,S1 obj,43,co2a0000375,0.734375
11245,8,F2,189,20.162,a,S1 obj,43,co2a0000375,0.73828125
11246,8,F2,190,22.115,a,S1 obj,43,co2a0000375,0.7421875
11247,8,F2,191,22.603,a,S1 obj,43,co2a0000375,0.74609375
11248,8,F2,192,22.603,a,S1 obj,43,co2a0000375,0.75
11249,8,F2,193,22.115,a,S1 obj,43,co2a0000375,0.75390625
11250,8,F2,194,21.627,a,S1 obj,43,co2a0000375,0.7578125
11251,8,F2,195,21.139,a,S1 obj,43,co2a0000375,0.76171875
11252,8,F2,196,21.627,a,S1 obj,43,co2a0000375,0.765625
11253,8,F2,197,22.115,a,S1 obj,43,co2a0000375,0.76953125
11254,8,F2,198,22.603,a,S1 obj,43,co2a0000375,0.7734375
11255,8,F2,199,22.603,a,S1 obj,43,co2a0000375,0.77734375
11256,8,F2,200,22.603,a,S1 obj,43,co2a0000375,0.78125
11257,8,F2,201,23.092,a,S1 obj,43,co2a0000375,0.78515625
11258,8,F2,202,24.068,a,S1 obj,43,co2a0000375,0.7890625
11259,8,F2,203,25.045,a,S1 obj,43,co2a0000375,0.79296875
11260,8,F2,204,25.533,a,S1 obj,43,co2a0000375,0.796875
11261,8,F2,205,25.045,a,S1 obj,43,co2a0000375,0.80078125
11262,8,F2,206,24.068,a,S1 obj,43,co2a0000375,0.8046875
11263,8,F2,207,23.092,a,S1 obj,43,co2a0000375,0.80859375
11264,8,F2,208,22.603,a,S1 obj,43,co2a0000375,0.8125
11265,8,F2,209,23.58,a,S1 obj,43,co2a0000375,0.81640625
11266,8,F2,210,25.045,a,S1 obj,43,co2a0000375,0.8203125
11267,8,F2,211,26.021,a,S1 obj,43,co2a0000375,0.82421875
11268,8,F2,212,26.021,a,S1 obj,43,co2a0000375,0.828125
11269,8,F2,213,26.021,a,S1 obj,43,co2a0000375,0.83203125
11270,8,F2,214,25.533,a,S1 obj,43,co2a0000375,0.8359375
11271,8,F2,215,25.045,a,S1 obj,43,co2a0000375,0.83984375
11272,8,F2,216,23.58,a,S1 obj,43,co2a0000375,0.84375
11273,8,F2,217,21.627,a,S1 obj,43,co2a0000375,0.84765625
11274,8,F2,218,18.697,a,S1 obj,43,co2a0000375,0.8515625
11275,8,F2,219,15.767,a,S1 obj,43,co2a0000375,0.85546875
11276,8,F2,220,15.279,a,S1 obj,43,co2a0000375,0.859375
11277,8,F2,221,16.744,a,S1 obj,43,co2a0000375,0.86328125
11278,8,F2,222,19.185,a,S1 obj,43,co2a0000375,0.8671875
11279,8,F2,223,21.139,a,S1 obj,43,co2a0000375,0.87109375
11280,8,F2,224,21.627,a,S1 obj,43,co2a0000375,0.875
11281,8,F2,225,20.65,a,S1 obj,43,co2a0000375,0.87890625
11282,8,F2,226,18.697,a,S1 obj,43,co2a0000375,0.8828125
11283,8,F2,227,17.721,a,S1 obj,43,co2a0000375,0.88671875
11284,8,F2,228,17.721,a,S1 obj,43,co2a0000375,0.890625
11285,8,F2,229,19.674,a,S1 obj,43,co2a0000375,0.89453125
11286,8,F2,230,21.627,a,S1 obj,43,co2a0000375,0.8984375
11287,8,F2,231,22.115,a,S1 obj,43,co2a0000375,0.90234375
11288,8,F2,232,21.627,a,S1 obj,43,co2a0000375,0.90625
11289,8,F2,233,19.674,a,S1 obj,43,co2a0000375,0.91015625
11290,8,F2,234,18.697,a,S1 obj,43,co2a0000375,0.9140625
11291,8,F2,235,19.185,a,S1 obj,43,co2a0000375,0.91796875
11292,8,F2,236,22.603,a,S1 obj,43,co2a0000375,0.921875
11293,8,F2,237,26.998,a,S1 obj,43,co2a0000375,0.92578125
11294,8,F2,238,29.439,a,S1 obj,43,co2a0000375,0.9296875
11295,8,F2,239,28.951,a,S1 obj,43,co2a0000375,0.93359375
11296,8,F2,240,24.556,a,S1 obj,43,co2a0000375,0.9375
11297,8,F2,241,19.674,a,S1 obj,43,co2a0000375,0.94140625
11298,8,F2,242,15.767,a,S1 obj,43,co2a0000375,0.9453125
11299,8,F2,243,14.303,a,S1 obj,43,co2a0000375,0.94921875
11300,8,F2,244,14.791,a,S1 obj,43,co2a0000375,0.953125
11301,8,F2,245,16.744,a,S1 obj,43,co2a0000375,0.95703125
11302,8,F2,246,18.697,a,S1 obj,43,co2a0000375,0.9609375
11303,8,F2,247,20.65,a,S1 obj,43,co2a0000375,0.96484375
11304,8,F2,248,22.603,a,S1 obj,43,co2a0000375,0.96875
11305,8,F2,249,24.068,a,S1 obj,43,co2a0000375,0.97265625
11306,8,F2,250,24.068,a,S1 obj,43,co2a0000375,0.9765625
11307,8,F2,251,21.627,a,S1 obj,43,co2a0000375,0.98046875
11308,8,F2,252,18.697,a,S1 obj,43,co2a0000375,0.984375
11309,8,F2,253,15.767,a,S1 obj,43,co2a0000375,0.98828125
11310,8,F2,254,14.791,a,S1 obj,43,co2a0000375,0.9921875
11311,8,F2,255,15.767,a,S1 obj,43,co2a0000375,0.99609375
11313,8,F1,0,3.296,a,S1 obj,44,co2a0000375,0.0
11314,8,F1,1,4.761,a,S1 obj,44,co2a0000375,0.00390625
11315,8,F1,2,7.69,a,S1 obj,44,co2a0000375,0.0078125
11316,8,F1,3,10.62,a,S1 obj,44,co2a0000375,0.01171875
11317,8,F1,4,12.573,a,S1 obj,44,co2a0000375,0.015625
11318,8,F1,5,12.573,a,S1 obj,44,co2a0000375,0.01953125
11319,8,F1,6,11.597,a,S1 obj,44,co2a0000375,0.0234375
11320,8,F1,7,11.108,a,S1 obj,44,co2a0000375,0.02734375
11321,8,F1,8,9.644,a,S1 obj,44,co2a0000375,0.03125
11322,8,F1,9,7.69,a,S1 obj,44,co2a0000375,0.03515625
11323,8,F1,10,4.761,a,S1 obj,44,co2a0000375,0.0390625
11324,8,F1,11,1.343,a,S1 obj,44,co2a0000375,0.04296875
11325,8,F1,12,-0.61,a,S1 obj,44,co2a0000375,0.046875
11326,8,F1,13,-0.61,a,S1 obj,44,co2a0000375,0.05078125
11327,8,F1,14,1.343,a,S1 obj,44,co2a0000375,0.0546875
11328,8,F1,15,4.272,a,S1 obj,44,co2a0000375,0.05859375
11329,8,F1,16,5.249,a,S1 obj,44,co2a0000375,0.0625
11330,8,F1,17,5.249,a,S1 obj,44,co2a0000375,0.06640625
11331,8,F1,18,4.272,a,S1 obj,44,co2a0000375,0.0703125
11332,8,F1,19,4.272,a,S1 obj,44,co2a0000375,0.07421875
11333,8,F1,20,6.226,a,S1 obj,44,co2a0000375,0.078125
11334,8,F1,21,9.644,a,S1 obj,44,co2a0000375,0.08203125
11335,8,F1,22,13.062,a,S1 obj,44,co2a0000375,0.0859375
11336,8,F1,23,14.526,a,S1 obj,44,co2a0000375,0.08984375
11337,8,F1,24,14.526,a,S1 obj,44,co2a0000375,0.09375
11338,8,F1,25,14.038,a,S1 obj,44,co2a0000375,0.09765625
11339,8,F1,26,13.55,a,S1 obj,44,co2a0000375,0.1015625
11340,8,F1,27,14.038,a,S1 obj,44,co2a0000375,0.10546875
11341,8,F1,28,15.015,a,S1 obj,44,co2a0000375,0.109375
11342,8,F1,29,14.038,a,S1 obj,44,co2a0000375,0.11328125
11343,8,F1,30,10.62,a,S1 obj,44,co2a0000375,0.1171875
11344,8,F1,31,6.226,a,S1 obj,44,co2a0000375,0.12109375
11345,8,F1,32,2.808,a,S1 obj,44,co2a0000375,0.125
11346,8,F1,33,1.343,a,S1 obj,44,co2a0000375,0.12890625
11347,8,F1,34,2.319,a,S1 obj,44,co2a0000375,0.1328125
11348,8,F1,35,5.737,a,S1 obj,44,co2a0000375,0.13671875
11349,8,F1,36,9.155,a,S1 obj,44,co2a0000375,0.140625
11350,8,F1,37,10.62,a,S1 obj,44,co2a0000375,0.14453125
11351,8,F1,38,10.132,a,S1 obj,44,co2a0000375,0.1484375
11352,8,F1,39,8.667,a,S1 obj,44,co2a0000375,0.15234375
11353,8,F1,40,7.69,a,S1 obj,44,co2a0000375,0.15625
11354,8,F1,41,8.179,a,S1 obj,44,co2a0000375,0.16015625
11355,8,F1,42,10.62,a,S1 obj,44,co2a0000375,0.1640625
11356,8,F1,43,13.55,a,S1 obj,44,co2a0000375,0.16796875
11357,8,F1,44,15.503,a,S1 obj,44,co2a0000375,0.171875
11358,8,F1,45,15.503,a,S1 obj,44,co2a0000375,0.17578125
11359,8,F1,46,13.55,a,S1 obj,44,co2a0000375,0.1796875
11360,8,F1,47,10.62,a,S1 obj,44,co2a0000375,0.18359375
11361,8,F1,48,7.69,a,S1 obj,44,co2a0000375,0.1875
11362,8,F1,49,6.226,a,S1 obj,44,co2a0000375,0.19140625
11363,8,F1,50,5.737,a,S1 obj,44,co2a0000375,0.1953125
11364,8,F1,51,6.226,a,S1 obj,44,co2a0000375,0.19921875
11365,8,F1,52,7.202,a,S1 obj,44,co2a0000375,0.203125
11366,8,F1,53,7.202,a,S1 obj,44,co2a0000375,0.20703125
11367,8,F1,54,7.202,a,S1 obj,44,co2a0000375,0.2109375
11368,8,F1,55,7.202,a,S1 obj,44,co2a0000375,0.21484375
11369,8,F1,56,7.202,a,S1 obj,44,co2a0000375,0.21875
11370,8,F1,57,8.179,a,S1 obj,44,co2a0000375,0.22265625
11371,8,F1,58,9.644,a,S1 obj,44,co2a0000375,0.2265625
11372,8,F1,59,11.597,a,S1 obj,44,co2a0000375,0.23046875
11373,8,F1,60,13.55,a,S1 obj,44,co2a0000375,0.234375
11374,8,F1,61,14.526,a,S1 obj,44,co2a0000375,0.23828125
11375,8,F1,62,15.503,a,S1 obj,44,co2a0000375,0.2421875
11376,8,F1,63,15.015,a,S1 obj,44,co2a0000375,0.24609375
11377,8,F1,64,14.526,a,S1 obj,44,co2a0000375,0.25
11378,8,F1,65,13.55,a,S1 obj,44,co2a0000375,0.25390625
11379,8,F1,66,12.573,a,S1 obj,44,co2a0000375,0.2578125
11380,8,F1,67,11.108,a,S1 obj,44,co2a0000375,0.26171875
11381,8,F1,68,10.132,a,S1 obj,44,co2a0000375,0.265625
11382,8,F1,69,9.644,a,S1 obj,44,co2a0000375,0.26953125
11383,8,F1,70,9.155,a,S1 obj,44,co2a0000375,0.2734375
11384,8,F1,71,10.132,a,S1 obj,44,co2a0000375,0.27734375
11385,8,F1,72,11.108,a,S1 obj,44,co2a0000375,0.28125
11386,8,F1,73,11.597,a,S1 obj,44,co2a0000375,0.28515625
11387,8,F1,74,11.108,a,S1 obj,44,co2a0000375,0.2890625
11388,8,F1,75,9.644,a,S1 obj,44,co2a0000375,0.29296875
11389,8,F1,76,8.179,a,S1 obj,44,co2a0000375,0.296875
11390,8,F1,77,7.202,a,S1 obj,44,co2a0000375,0.30078125
11391,8,F1,78,7.202,a,S1 obj,44,co2a0000375,0.3046875
11392,8,F1,79,8.179,a,S1 obj,44,co2a0000375,0.30859375
11393,8,F1,80,8.179,a,S1 obj,44,co2a0000375,0.3125
11394,8,F1,81,9.644,a,S1 obj,44,co2a0000375,0.31640625
11395,8,F1,82,10.132,a,S1 obj,44,co2a0000375,0.3203125
11396,8,F1,83,10.132,a,S1 obj,44,co2a0000375,0.32421875
11397,8,F1,84,10.132,a,S1 obj,44,co2a0000375,0.328125
11398,8,F1,85,10.132,a,S1 obj,44,co2a0000375,0.33203125
11399,8,F1,86,9.155,a,S1 obj,44,co2a0000375,0.3359375
11400,8,F1,87,7.69,a,S1 obj,44,co2a0000375,0.33984375
11401,8,F1,88,6.226,a,S1 obj,44,co2a0000375,0.34375
11402,8,F1,89,5.249,a,S1 obj,44,co2a0000375,0.34765625
11403,8,F1,90,4.272,a,S1 obj,44,co2a0000375,0.3515625
11404,8,F1,91,4.272,a,S1 obj,44,co2a0000375,0.35546875
11405,8,F1,92,4.761,a,S1 obj,44,co2a0000375,0.359375
11406,8,F1,93,5.249,a,S1 obj,44,co2a0000375,0.36328125
11407,8,F1,94,4.761,a,S1 obj,44,co2a0000375,0.3671875
11408,8,F1,95,3.784,a,S1 obj,44,co2a0000375,0.37109375
11409,8,F1,96,1.831,a,S1 obj,44,co2a0000375,0.375
11410,8,F1,97,0.366,a,S1 obj,44,co2a0000375,0.37890625
11411,8,F1,98,-0.61,a,S1 obj,44,co2a0000375,0.3828125
11412,8,F1,99,-0.61,a,S1 obj,44,co2a0000375,0.38671875
11413,8,F1,100,0.366,a,S1 obj,44,co2a0000375,0.390625
11414,8,F1,101,2.319,a,S1 obj,44,co2a0000375,0.39453125
11415,8,F1,102,4.272,a,S1 obj,44,co2a0000375,0.3984375
11416,8,F1,103,5.737,a,S1 obj,44,co2a0000375,0.40234375
11417,8,F1,104,6.226,a,S1 obj,44,co2a0000375,0.40625
11418,8,F1,105,5.249,a,S1 obj,44,co2a0000375,0.41015625
11419,8,F1,106,3.296,a,S1 obj,44,co2a0000375,0.4140625
11420,8,F1,107,0.854,a,S1 obj,44,co2a0000375,0.41796875
11421,8,F1,108,-0.122,a,S1 obj,44,co2a0000375,0.421875
11422,8,F1,109,-0.122,a,S1 obj,44,co2a0000375,0.42578125
11423,8,F1,110,0.854,a,S1 obj,44,co2a0000375,0.4296875
11424,8,F1,111,0.854,a,S1 obj,44,co2a0000375,0.43359375
11425,8,F1,112,0.366,a,S1 obj,44,co2a0000375,0.4375
11426,8,F1,113,-1.099,a,S1 obj,44,co2a0000375,0.44140625
11427,8,F1,114,-2.563,a,S1 obj,44,co2a0000375,0.4453125
11428,8,F1,115,-2.563,a,S1 obj,44,co2a0000375,0.44921875
11429,8,F1,116,-2.075,a,S1 obj,44,co2a0000375,0.453125
11430,8,F1,117,-1.587,a,S1 obj,44,co2a0000375,0.45703125
11431,8,F1,118,-2.075,a,S1 obj,44,co2a0000375,0.4609375
11432,8,F1,119,-3.54,a,S1 obj,44,co2a0000375,0.46484375
11433,8,F1,120,-5.005,a,S1 obj,44,co2a0000375,0.46875
11434,8,F1,121,-5.493,a,S1 obj,44,co2a0000375,0.47265625
11435,8,F1,122,-5.005,a,S1 obj,44,co2a0000375,0.4765625
11436,8,F1,123,-4.028,a,S1 obj,44,co2a0000375,0.48046875
11437,8,F1,124,-2.563,a,S1 obj,44,co2a0000375,0.484375
11438,8,F1,125,-1.587,a,S1 obj,44,co2a0000375,0.48828125
11439,8,F1,126,-0.61,a,S1 obj,44,co2a0000375,0.4921875
11440,8,F1,127,0.366,a,S1 obj,44,co2a0000375,0.49609375
11441,8,F1,128,1.343,a,S1 obj,44,co2a0000375,0.5
11442,8,F1,129,1.831,a,S1 obj,44,co2a0000375,0.50390625
11443,8,F1,130,1.831,a,S1 obj,44,co2a0000375,0.5078125
11444,8,F1,131,1.343,a,S1 obj,44,co2a0000375,0.51171875
11445,8,F1,132,0.366,a,S1 obj,44,co2a0000375,0.515625
11446,8,F1,133,-0.122,a,S1 obj,44,co2a0000375,0.51953125
11447,8,F1,134,-1.099,a,S1 obj,44,co2a0000375,0.5234375
11448,8,F1,135,-1.587,a,S1 obj,44,co2a0000375,0.52734375
11449,8,F1,136,-2.563,a,S1 obj,44,co2a0000375,0.53125
11450,8,F1,137,-3.052,a,S1 obj,44,co2a0000375,0.53515625
11451,8,F1,138,-1.587,a,S1 obj,44,co2a0000375,0.5390625
11452,8,F1,139,-0.122,a,S1 obj,44,co2a0000375,0.54296875
11453,8,F1,140,0.854,a,S1 obj,44,co2a0000375,0.546875
11454,8,F1,141,0.854,a,S1 obj,44,co2a0000375,0.55078125
11455,8,F1,142,-0.61,a,S1 obj,44,co2a0000375,0.5546875
11456,8,F1,143,-1.587,a,S1 obj,44,co2a0000375,0.55859375
11457,8,F1,144,-0.61,a,S1 obj,44,co2a0000375,0.5625
11458,8,F1,145,2.808,a,S1 obj,44,co2a0000375,0.56640625
11459,8,F1,146,7.69,a,S1 obj,44,co2a0000375,0.5703125
11460,8,F1,147,11.108,a,S1 obj,44,co2a0000375,0.57421875
11461,8,F1,148,12.085,a,S1 obj,44,co2a0000375,0.578125
11462,8,F1,149,10.132,a,S1 obj,44,co2a0000375,0.58203125
11463,8,F1,150,8.179,a,S1 obj,44,co2a0000375,0.5859375
11464,8,F1,151,6.714,a,S1 obj,44,co2a0000375,0.58984375
11465,8,F1,152,6.714,a,S1 obj,44,co2a0000375,0.59375
11466,8,F1,153,6.714,a,S1 obj,44,co2a0000375,0.59765625
11467,8,F1,154,5.737,a,S1 obj,44,co2a0000375,0.6015625
11468,8,F1,155,4.272,a,S1 obj,44,co2a0000375,0.60546875
11469,8,F1,156,3.296,a,S1 obj,44,co2a0000375,0.609375
11470,8,F1,157,2.808,a,S1 obj,44,co2a0000375,0.61328125
11471,8,F1,158,3.296,a,S1 obj,44,co2a0000375,0.6171875
11472,8,F1,159,4.272,a,S1 obj,44,co2a0000375,0.62109375
11473,8,F1,160,3.296,a,S1 obj,44,co2a0000375,0.625
11474,8,F1,161,2.319,a,S1 obj,44,co2a0000375,0.62890625
11475,8,F1,162,1.343,a,S1 obj,44,co2a0000375,0.6328125
11476,8,F1,163,0.366,a,S1 obj,44,co2a0000375,0.63671875
11477,8,F1,164,1.343,a,S1 obj,44,co2a0000375,0.640625
11478,8,F1,165,3.296,a,S1 obj,44,co2a0000375,0.64453125
11479,8,F1,166,6.226,a,S1 obj,44,co2a0000375,0.6484375
11480,8,F1,167,9.155,a,S1 obj,44,co2a0000375,0.65234375
11481,8,F1,168,11.597,a,S1 obj,44,co2a0000375,0.65625
11482,8,F1,169,13.062,a,S1 obj,44,co2a0000375,0.66015625
11483,8,F1,170,12.573,a,S1 obj,44,co2a0000375,0.6640625
11484,8,F1,171,10.132,a,S1 obj,44,co2a0000375,0.66796875
11485,8,F1,172,7.69,a,S1 obj,44,co2a0000375,0.671875
11486,8,F1,173,5.737,a,S1 obj,44,co2a0000375,0.67578125
11487,8,F1,174,6.226,a,S1 obj,44,co2a0000375,0.6796875
11488,8,F1,175,8.179,a,S1 obj,44,co2a0000375,0.68359375
11489,8,F1,176,9.644,a,S1 obj,44,co2a0000375,0.6875
11490,8,F1,177,10.132,a,S1 obj,44,co2a0000375,0.69140625
11491,8,F1,178,8.667,a,S1 obj,44,co2a0000375,0.6953125
11492,8,F1,179,7.69,a,S1 obj,44,co2a0000375,0.69921875
11493,8,F1,180,7.69,a,S1 obj,44,co2a0000375,0.703125
11494,8,F1,181,9.644,a,S1 obj,44,co2a0000375,0.70703125
11495,8,F1,182,11.597,a,S1 obj,44,co2a0000375,0.7109375
11496,8,F1,183,12.573,a,S1 obj,44,co2a0000375,0.71484375
11497,8,F1,184,11.597,a,S1 obj,44,co2a0000375,0.71875
11498,8,F1,185,9.644,a,S1 obj,44,co2a0000375,0.72265625
11499,8,F1,186,9.155,a,S1 obj,44,co2a0000375,0.7265625
11500,8,F1,187,10.132,a,S1 obj,44,co2a0000375,0.73046875
11501,8,F1,188,13.062,a,S1 obj,44,co2a0000375,0.734375
11502,8,F1,189,16.479,a,S1 obj,44,co2a0000375,0.73828125
11503,8,F1,190,18.433,a,S1 obj,44,co2a0000375,0.7421875
11504,8,F1,191,19.897,a,S1 obj,44,co2a0000375,0.74609375
11505,8,F1,192,19.897,a,S1 obj,44,co2a0000375,0.75
11506,8,F1,193,19.409,a,S1 obj,44,co2a0000375,0.75390625
11507,8,F1,194,18.921,a,S1 obj,44,co2a0000375,0.7578125
11508,8,F1,195,18.433,a,S1 obj,44,co2a0000375,0.76171875
11509,8,F1,196,18.433,a,S1 obj,44,co2a0000375,0.765625
11510,8,F1,197,18.433,a,S1 obj,44,co2a0000375,0.76953125
11511,8,F1,198,18.921,a,S1 obj,44,co2a0000375,0.7734375
11512,8,F1,199,19.409,a,S1 obj,44,co2a0000375,0.77734375
11513,8,F1,200,19.897,a,S1 obj,44,co2a0000375,0.78125
11514,8,F1,201,20.874,a,S1 obj,44,co2a0000375,0.78515625
11515,8,F1,202,22.339,a,S1 obj,44,co2a0000375,0.7890625
11516,8,F1,203,23.315,a,S1 obj,44,co2a0000375,0.79296875
11517,8,F1,204,24.292,a,S1 obj,44,co2a0000375,0.796875
11518,8,F1,205,24.292,a,S1 obj,44,co2a0000375,0.80078125
11519,8,F1,206,23.315,a,S1 obj,44,co2a0000375,0.8046875
11520,8,F1,207,21.851,a,S1 obj,44,co2a0000375,0.80859375
11521,8,F1,208,21.362,a,S1 obj,44,co2a0000375,0.8125
11522,8,F1,209,22.339,a,S1 obj,44,co2a0000375,0.81640625
11523,8,F1,210,24.78,a,S1 obj,44,co2a0000375,0.8203125
11524,8,F1,211,25.757,a,S1 obj,44,co2a0000375,0.82421875
11525,8,F1,212,26.245,a,S1 obj,44,co2a0000375,0.828125
11526,8,F1,213,25.757,a,S1 obj,44,co2a0000375,0.83203125
11527,8,F1,214,24.78,a,S1 obj,44,co2a0000375,0.8359375
11528,8,F1,215,24.292,a,S1 obj,44,co2a0000375,0.83984375
11529,8,F1,216,23.315,a,S1 obj,44,co2a0000375,0.84375
11530,8,F1,217,21.851,a,S1 obj,44,co2a0000375,0.84765625
11531,8,F1,218,19.409,a,S1 obj,44,co2a0000375,0.8515625
11532,8,F1,219,16.968,a,S1 obj,44,co2a0000375,0.85546875
11533,8,F1,220,15.503,a,S1 obj,44,co2a0000375,0.859375
11534,8,F1,221,15.991,a,S1 obj,44,co2a0000375,0.86328125
11535,8,F1,222,18.433,a,S1 obj,44,co2a0000375,0.8671875
11536,8,F1,223,19.409,a,S1 obj,44,co2a0000375,0.87109375
11537,8,F1,224,18.921,a,S1 obj,44,co2a0000375,0.875
11538,8,F1,225,16.479,a,S1 obj,44,co2a0000375,0.87890625
11539,8,F1,226,13.55,a,S1 obj,44,co2a0000375,0.8828125
11540,8,F1,227,13.55,a,S1 obj,44,co2a0000375,0.88671875
11541,8,F1,228,15.503,a,S1 obj,44,co2a0000375,0.890625
11542,8,F1,229,18.921,a,S1 obj,44,co2a0000375,0.89453125
11543,8,F1,230,22.339,a,S1 obj,44,co2a0000375,0.8984375
11544,8,F1,231,22.339,a,S1 obj,44,co2a0000375,0.90234375
11545,8,F1,232,20.386,a,S1 obj,44,co2a0000375,0.90625
11546,8,F1,233,17.944,a,S1 obj,44,co2a0000375,0.91015625
11547,8,F1,234,16.479,a,S1 obj,44,co2a0000375,0.9140625
11548,8,F1,235,18.433,a,S1 obj,44,co2a0000375,0.91796875
11549,8,F1,236,22.339,a,S1 obj,44,co2a0000375,0.921875
11550,8,F1,237,25.757,a,S1 obj,44,co2a0000375,0.92578125
11551,8,F1,238,26.733,a,S1 obj,44,co2a0000375,0.9296875
11552,8,F1,239,25.269,a,S1 obj,44,co2a0000375,0.93359375
11553,8,F1,240,21.362,a,S1 obj,44,co2a0000375,0.9375
11554,8,F1,241,16.968,a,S1 obj,44,co2a0000375,0.94140625
11555,8,F1,242,14.526,a,S1 obj,44,co2a0000375,0.9453125
11556,8,F1,243,13.55,a,S1 obj,44,co2a0000375,0.94921875
11557,8,F1,244,13.55,a,S1 obj,44,co2a0000375,0.953125
11558,8,F1,245,14.526,a,S1 obj,44,co2a0000375,0.95703125
11559,8,F1,246,16.968,a,S1 obj,44,co2a0000375,0.9609375
11560,8,F1,247,19.897,a,S1 obj,44,co2a0000375,0.96484375
11561,8,F1,248,22.827,a,S1 obj,44,co2a0000375,0.96875
11562,8,F1,249,25.269,a,S1 obj,44,co2a0000375,0.97265625
11563,8,F1,250,25.269,a,S1 obj,44,co2a0000375,0.9765625
11564,8,F1,251,22.339,a,S1 obj,44,co2a0000375,0.98046875
11565,8,F1,252,18.433,a,S1 obj,44,co2a0000375,0.984375
11566,8,F1,253,15.503,a,S1 obj,44,co2a0000375,0.98828125
11567,8,F1,254,14.038,a,S1 obj,44,co2a0000375,0.9921875
11568,8,F1,255,14.526,a,S1 obj,44,co2a0000375,0.99609375
11570,8,TP8,0,1.75,a,S1 obj,45,co2a0000375,0.0
11571,8,TP8,1,-1.18,a,S1 obj,45,co2a0000375,0.00390625
11572,8,TP8,2,-4.598,a,S1 obj,45,co2a0000375,0.0078125
11573,8,TP8,3,-5.575,a,S1 obj,45,co2a0000375,0.01171875
11574,8,TP8,4,-4.11,a,S1 obj,45,co2a0000375,0.015625
11575,8,TP8,5,-0.692,a,S1 obj,45,co2a0000375,0.01953125
11576,8,TP8,6,2.726,a,S1 obj,45,co2a0000375,0.0234375
11577,8,TP8,7,5.168,a,S1 obj,45,co2a0000375,0.02734375
11578,8,TP8,8,4.679,a,S1 obj,45,co2a0000375,0.03125
11579,8,TP8,9,2.238,a,S1 obj,45,co2a0000375,0.03515625
11580,8,TP8,10,-1.668,a,S1 obj,45,co2a0000375,0.0390625
11581,8,TP8,11,-5.086,a,S1 obj,45,co2a0000375,0.04296875
11582,8,TP8,12,-8.016,a,S1 obj,45,co2a0000375,0.046875
11583,8,TP8,13,-8.993,a,S1 obj,45,co2a0000375,0.05078125
11584,8,TP8,14,-8.016,a,S1 obj,45,co2a0000375,0.0546875
11585,8,TP8,15,-6.063,a,S1 obj,45,co2a0000375,0.05859375
11586,8,TP8,16,-3.621,a,S1 obj,45,co2a0000375,0.0625
11587,8,TP8,17,-1.668,a,S1 obj,45,co2a0000375,0.06640625
11588,8,TP8,18,-0.203,a,S1 obj,45,co2a0000375,0.0703125
11589,8,TP8,19,0.773,a,S1 obj,45,co2a0000375,0.07421875
11590,8,TP8,20,2.238,a,S1 obj,45,co2a0000375,0.078125
11591,8,TP8,21,4.191,a,S1 obj,45,co2a0000375,0.08203125
11592,8,TP8,22,5.656,a,S1 obj,45,co2a0000375,0.0859375
11593,8,TP8,23,6.632,a,S1 obj,45,co2a0000375,0.08984375
11594,8,TP8,24,6.632,a,S1 obj,45,co2a0000375,0.09375
11595,8,TP8,25,5.656,a,S1 obj,45,co2a0000375,0.09765625
11596,8,TP8,26,5.168,a,S1 obj,45,co2a0000375,0.1015625
11597,8,TP8,27,5.168,a,S1 obj,45,co2a0000375,0.10546875
11598,8,TP8,28,5.656,a,S1 obj,45,co2a0000375,0.109375
11599,8,TP8,29,5.656,a,S1 obj,45,co2a0000375,0.11328125
11600,8,TP8,30,4.679,a,S1 obj,45,co2a0000375,0.1171875
11601,8,TP8,31,2.238,a,S1 obj,45,co2a0000375,0.12109375
11602,8,TP8,32,-0.203,a,S1 obj,45,co2a0000375,0.125
11603,8,TP8,33,-1.668,a,S1 obj,45,co2a0000375,0.12890625
11604,8,TP8,34,-0.692,a,S1 obj,45,co2a0000375,0.1328125
11605,8,TP8,35,1.261,a,S1 obj,45,co2a0000375,0.13671875
11606,8,TP8,36,2.726,a,S1 obj,45,co2a0000375,0.140625
11607,8,TP8,37,2.238,a,S1 obj,45,co2a0000375,0.14453125
11608,8,TP8,38,0.773,a,S1 obj,45,co2a0000375,0.1484375
11609,8,TP8,39,-2.157,a,S1 obj,45,co2a0000375,0.15234375
11610,8,TP8,40,-3.621,a,S1 obj,45,co2a0000375,0.15625
11611,8,TP8,41,-4.598,a,S1 obj,45,co2a0000375,0.16015625
11612,8,TP8,42,-4.598,a,S1 obj,45,co2a0000375,0.1640625
11613,8,TP8,43,-6.063,a,S1 obj,45,co2a0000375,0.16796875
11614,8,TP8,44,-8.016,a,S1 obj,45,co2a0000375,0.171875
11615,8,TP8,45,-10.946,a,S1 obj,45,co2a0000375,0.17578125
11616,8,TP8,46,-13.875,a,S1 obj,45,co2a0000375,0.1796875
11617,8,TP8,47,-14.852,a,S1 obj,45,co2a0000375,0.18359375
11618,8,TP8,48,-13.387,a,S1 obj,45,co2a0000375,0.1875
11619,8,TP8,49,-10.457,a,S1 obj,45,co2a0000375,0.19140625
11620,8,TP8,50,-6.551,a,S1 obj,45,co2a0000375,0.1953125
11621,8,TP8,51,-3.133,a,S1 obj,45,co2a0000375,0.19921875
11622,8,TP8,52,-2.157,a,S1 obj,45,co2a0000375,0.203125
11623,8,TP8,53,-3.133,a,S1 obj,45,co2a0000375,0.20703125
11624,8,TP8,54,-4.598,a,S1 obj,45,co2a0000375,0.2109375
11625,8,TP8,55,-4.598,a,S1 obj,45,co2a0000375,0.21484375
11626,8,TP8,56,-2.645,a,S1 obj,45,co2a0000375,0.21875
11627,8,TP8,57,1.261,a,S1 obj,45,co2a0000375,0.22265625
11628,8,TP8,58,4.679,a,S1 obj,45,co2a0000375,0.2265625
11629,8,TP8,59,6.632,a,S1 obj,45,co2a0000375,0.23046875
11630,8,TP8,60,6.632,a,S1 obj,45,co2a0000375,0.234375
11631,8,TP8,61,6.144,a,S1 obj,45,co2a0000375,0.23828125
11632,8,TP8,62,6.632,a,S1 obj,45,co2a0000375,0.2421875
11633,8,TP8,63,8.586,a,S1 obj,45,co2a0000375,0.24609375
11634,8,TP8,64,11.515,a,S1 obj,45,co2a0000375,0.25
11635,8,TP8,65,13.468,a,S1 obj,45,co2a0000375,0.25390625
11636,8,TP8,66,14.933,a,S1 obj,45,co2a0000375,0.2578125
11637,8,TP8,67,14.445,a,S1 obj,45,co2a0000375,0.26171875
11638,8,TP8,68,13.468,a,S1 obj,45,co2a0000375,0.265625
11639,8,TP8,69,12.492,a,S1 obj,45,co2a0000375,0.26953125
11640,8,TP8,70,11.515,a,S1 obj,45,co2a0000375,0.2734375
11641,8,TP8,71,10.05,a,S1 obj,45,co2a0000375,0.27734375
11642,8,TP8,72,7.609,a,S1 obj,45,co2a0000375,0.28125
11643,8,TP8,73,4.679,a,S1 obj,45,co2a0000375,0.28515625
11644,8,TP8,74,2.726,a,S1 obj,45,co2a0000375,0.2890625
11645,8,TP8,75,1.75,a,S1 obj,45,co2a0000375,0.29296875
11646,8,TP8,76,1.261,a,S1 obj,45,co2a0000375,0.296875
11647,8,TP8,77,1.261,a,S1 obj,45,co2a0000375,0.30078125
11648,8,TP8,78,1.75,a,S1 obj,45,co2a0000375,0.3046875
11649,8,TP8,79,2.238,a,S1 obj,45,co2a0000375,0.30859375
11650,8,TP8,80,3.703,a,S1 obj,45,co2a0000375,0.3125
11651,8,TP8,81,5.656,a,S1 obj,45,co2a0000375,0.31640625
11652,8,TP8,82,7.121,a,S1 obj,45,co2a0000375,0.3203125
11653,8,TP8,83,7.609,a,S1 obj,45,co2a0000375,0.32421875
11654,8,TP8,84,6.632,a,S1 obj,45,co2a0000375,0.328125
11655,8,TP8,85,6.144,a,S1 obj,45,co2a0000375,0.33203125
11656,8,TP8,86,6.632,a,S1 obj,45,co2a0000375,0.3359375
11657,8,TP8,87,8.097,a,S1 obj,45,co2a0000375,0.33984375
11658,8,TP8,88,9.074,a,S1 obj,45,co2a0000375,0.34375
11659,8,TP8,89,7.609,a,S1 obj,45,co2a0000375,0.34765625
11660,8,TP8,90,4.191,a,S1 obj,45,co2a0000375,0.3515625
11661,8,TP8,91,-0.203,a,S1 obj,45,co2a0000375,0.35546875
11662,8,TP8,92,-3.133,a,S1 obj,45,co2a0000375,0.359375
11663,8,TP8,93,-4.598,a,S1 obj,45,co2a0000375,0.36328125
11664,8,TP8,94,-5.086,a,S1 obj,45,co2a0000375,0.3671875
11665,8,TP8,95,-4.598,a,S1 obj,45,co2a0000375,0.37109375
11666,8,TP8,96,-5.086,a,S1 obj,45,co2a0000375,0.375
11667,8,TP8,97,-5.575,a,S1 obj,45,co2a0000375,0.37890625
11668,8,TP8,98,-5.086,a,S1 obj,45,co2a0000375,0.3828125
11669,8,TP8,99,-4.11,a,S1 obj,45,co2a0000375,0.38671875
11670,8,TP8,100,-3.133,a,S1 obj,45,co2a0000375,0.390625
11671,8,TP8,101,-3.133,a,S1 obj,45,co2a0000375,0.39453125
11672,8,TP8,102,-3.621,a,S1 obj,45,co2a0000375,0.3984375
11673,8,TP8,103,-3.133,a,S1 obj,45,co2a0000375,0.40234375
11674,8,TP8,104,-1.668,a,S1 obj,45,co2a0000375,0.40625
11675,8,TP8,105,1.261,a,S1 obj,45,co2a0000375,0.41015625
11676,8,TP8,106,4.191,a,S1 obj,45,co2a0000375,0.4140625
11677,8,TP8,107,5.168,a,S1 obj,45,co2a0000375,0.41796875
11678,8,TP8,108,3.703,a,S1 obj,45,co2a0000375,0.421875
11679,8,TP8,109,0.773,a,S1 obj,45,co2a0000375,0.42578125
11680,8,TP8,110,-2.157,a,S1 obj,45,co2a0000375,0.4296875
11681,8,TP8,111,-3.621,a,S1 obj,45,co2a0000375,0.43359375
11682,8,TP8,112,-4.11,a,S1 obj,45,co2a0000375,0.4375
11683,8,TP8,113,-4.598,a,S1 obj,45,co2a0000375,0.44140625
11684,8,TP8,114,-6.063,a,S1 obj,45,co2a0000375,0.4453125
11685,8,TP8,115,-7.528,a,S1 obj,45,co2a0000375,0.44921875
11686,8,TP8,116,-9.481,a,S1 obj,45,co2a0000375,0.453125
11687,8,TP8,117,-11.922,a,S1 obj,45,co2a0000375,0.45703125
11688,8,TP8,118,-14.852,a,S1 obj,45,co2a0000375,0.4609375
11689,8,TP8,119,-17.782,a,S1 obj,45,co2a0000375,0.46484375
11690,8,TP8,120,-19.735,a,S1 obj,45,co2a0000375,0.46875
11691,8,TP8,121,-20.223,a,S1 obj,45,co2a0000375,0.47265625
11692,8,TP8,122,-17.293,a,S1 obj,45,co2a0000375,0.4765625
11693,8,TP8,123,-13.387,a,S1 obj,45,co2a0000375,0.48046875
11694,8,TP8,124,-9.481,a,S1 obj,45,co2a0000375,0.484375
11695,8,TP8,125,-7.039,a,S1 obj,45,co2a0000375,0.48828125
11696,8,TP8,126,-7.039,a,S1 obj,45,co2a0000375,0.4921875
11697,8,TP8,127,-7.039,a,S1 obj,45,co2a0000375,0.49609375
11698,8,TP8,128,-7.039,a,S1 obj,45,co2a0000375,0.5
11699,8,TP8,129,-7.039,a,S1 obj,45,co2a0000375,0.50390625
11700,8,TP8,130,-7.039,a,S1 obj,45,co2a0000375,0.5078125
11701,8,TP8,131,-8.016,a,S1 obj,45,co2a0000375,0.51171875
11702,8,TP8,132,-9.969,a,S1 obj,45,co2a0000375,0.515625
11703,8,TP8,133,-12.41,a,S1 obj,45,co2a0000375,0.51953125
11704,8,TP8,134,-13.387,a,S1 obj,45,co2a0000375,0.5234375
11705,8,TP8,135,-14.364,a,S1 obj,45,co2a0000375,0.52734375
11706,8,TP8,136,-14.852,a,S1 obj,45,co2a0000375,0.53125
11707,8,TP8,137,-15.828,a,S1 obj,45,co2a0000375,0.53515625
11708,8,TP8,138,-16.805,a,S1 obj,45,co2a0000375,0.5390625
11709,8,TP8,139,-17.293,a,S1 obj,45,co2a0000375,0.54296875
11710,8,TP8,140,-16.805,a,S1 obj,45,co2a0000375,0.546875
11711,8,TP8,141,-15.34,a,S1 obj,45,co2a0000375,0.55078125
11712,8,TP8,142,-14.364,a,S1 obj,45,co2a0000375,0.5546875
11713,8,TP8,143,-13.875,a,S1 obj,45,co2a0000375,0.55859375
11714,8,TP8,144,-13.387,a,S1 obj,45,co2a0000375,0.5625
11715,8,TP8,145,-11.922,a,S1 obj,45,co2a0000375,0.56640625
11716,8,TP8,146,-8.993,a,S1 obj,45,co2a0000375,0.5703125
11717,8,TP8,147,-4.598,a,S1 obj,45,co2a0000375,0.57421875
11718,8,TP8,148,-1.668,a,S1 obj,45,co2a0000375,0.578125
11719,8,TP8,149,-1.18,a,S1 obj,45,co2a0000375,0.58203125
11720,8,TP8,150,-3.133,a,S1 obj,45,co2a0000375,0.5859375
11721,8,TP8,151,-6.063,a,S1 obj,45,co2a0000375,0.58984375
11722,8,TP8,152,-8.504,a,S1 obj,45,co2a0000375,0.59375
11723,8,TP8,153,-8.993,a,S1 obj,45,co2a0000375,0.59765625
11724,8,TP8,154,-8.504,a,S1 obj,45,co2a0000375,0.6015625
11725,8,TP8,155,-7.039,a,S1 obj,45,co2a0000375,0.60546875
11726,8,TP8,156,-7.039,a,S1 obj,45,co2a0000375,0.609375
11727,8,TP8,157,-7.528,a,S1 obj,45,co2a0000375,0.61328125
11728,8,TP8,158,-9.481,a,S1 obj,45,co2a0000375,0.6171875
11729,8,TP8,159,-11.434,a,S1 obj,45,co2a0000375,0.62109375
11730,8,TP8,160,-12.899,a,S1 obj,45,co2a0000375,0.625
11731,8,TP8,161,-14.364,a,S1 obj,45,co2a0000375,0.62890625
11732,8,TP8,162,-14.364,a,S1 obj,45,co2a0000375,0.6328125
11733,8,TP8,163,-14.364,a,S1 obj,45,co2a0000375,0.63671875
11734,8,TP8,164,-13.387,a,S1 obj,45,co2a0000375,0.640625
11735,8,TP8,165,-13.387,a,S1 obj,45,co2a0000375,0.64453125
11736,8,TP8,166,-14.364,a,S1 obj,45,co2a0000375,0.6484375
11737,8,TP8,167,-15.34,a,S1 obj,45,co2a0000375,0.65234375
11738,8,TP8,168,-14.852,a,S1 obj,45,co2a0000375,0.65625
11739,8,TP8,169,-12.899,a,S1 obj,45,co2a0000375,0.66015625
11740,8,TP8,170,-10.457,a,S1 obj,45,co2a0000375,0.6640625
11741,8,TP8,171,-8.993,a,S1 obj,45,co2a0000375,0.66796875
11742,8,TP8,172,-10.457,a,S1 obj,45,co2a0000375,0.671875
11743,8,TP8,173,-14.852,a,S1 obj,45,co2a0000375,0.67578125
11744,8,TP8,174,-19.735,a,S1 obj,45,co2a0000375,0.6796875
11745,8,TP8,175,-21.2,a,S1 obj,45,co2a0000375,0.68359375
11746,8,TP8,176,-19.735,a,S1 obj,45,co2a0000375,0.6875
11747,8,TP8,177,-16.317,a,S1 obj,45,co2a0000375,0.69140625
11748,8,TP8,178,-13.875,a,S1 obj,45,co2a0000375,0.6953125
11749,8,TP8,179,-13.875,a,S1 obj,45,co2a0000375,0.69921875
11750,8,TP8,180,-15.34,a,S1 obj,45,co2a0000375,0.703125
11751,8,TP8,181,-17.293,a,S1 obj,45,co2a0000375,0.70703125
11752,8,TP8,182,-17.293,a,S1 obj,45,co2a0000375,0.7109375
11753,8,TP8,183,-16.317,a,S1 obj,45,co2a0000375,0.71484375
11754,8,TP8,184,-15.34,a,S1 obj,45,co2a0000375,0.71875
11755,8,TP8,185,-16.317,a,S1 obj,45,co2a0000375,0.72265625
11756,8,TP8,186,-18.27,a,S1 obj,45,co2a0000375,0.7265625
11757,8,TP8,187,-19.246,a,S1 obj,45,co2a0000375,0.73046875
11758,8,TP8,188,-18.27,a,S1 obj,45,co2a0000375,0.734375
11759,8,TP8,189,-14.364,a,S1 obj,45,co2a0000375,0.73828125
11760,8,TP8,190,-8.993,a,S1 obj,45,co2a0000375,0.7421875
11761,8,TP8,191,-4.11,a,S1 obj,45,co2a0000375,0.74609375
11762,8,TP8,192,-2.157,a,S1 obj,45,co2a0000375,0.75
11763,8,TP8,193,-3.621,a,S1 obj,45,co2a0000375,0.75390625
11764,8,TP8,194,-7.528,a,S1 obj,45,co2a0000375,0.7578125
11765,8,TP8,195,-12.41,a,S1 obj,45,co2a0000375,0.76171875
11766,8,TP8,196,-16.317,a,S1 obj,45,co2a0000375,0.765625
11767,8,TP8,197,-17.293,a,S1 obj,45,co2a0000375,0.76953125
11768,8,TP8,198,-15.34,a,S1 obj,45,co2a0000375,0.7734375
11769,8,TP8,199,-12.41,a,S1 obj,45,co2a0000375,0.77734375
11770,8,TP8,200,-9.969,a,S1 obj,45,co2a0000375,0.78125
11771,8,TP8,201,-8.504,a,S1 obj,45,co2a0000375,0.78515625
11772,8,TP8,202,-8.016,a,S1 obj,45,co2a0000375,0.7890625
11773,8,TP8,203,-8.016,a,S1 obj,45,co2a0000375,0.79296875
11774,8,TP8,204,-7.528,a,S1 obj,45,co2a0000375,0.796875
11775,8,TP8,205,-7.528,a,S1 obj,45,co2a0000375,0.80078125
11776,8,TP8,206,-8.016,a,S1 obj,45,co2a0000375,0.8046875
11777,8,TP8,207,-9.481,a,S1 obj,45,co2a0000375,0.80859375
11778,8,TP8,208,-10.946,a,S1 obj,45,co2a0000375,0.8125
11779,8,TP8,209,-10.946,a,S1 obj,45,co2a0000375,0.81640625
11780,8,TP8,210,-8.993,a,S1 obj,45,co2a0000375,0.8203125
11781,8,TP8,211,-5.086,a,S1 obj,45,co2a0000375,0.82421875
11782,8,TP8,212,-1.18,a,S1 obj,45,co2a0000375,0.828125
11783,8,TP8,213,0.773,a,S1 obj,45,co2a0000375,0.83203125
11784,8,TP8,214,1.75,a,S1 obj,45,co2a0000375,0.8359375
11785,8,TP8,215,1.261,a,S1 obj,45,co2a0000375,0.83984375
11786,8,TP8,216,1.261,a,S1 obj,45,co2a0000375,0.84375
11787,8,TP8,217,1.261,a,S1 obj,45,co2a0000375,0.84765625
11788,8,TP8,218,1.261,a,S1 obj,45,co2a0000375,0.8515625
11789,8,TP8,219,0.285,a,S1 obj,45,co2a0000375,0.85546875
11790,8,TP8,220,-2.645,a,S1 obj,45,co2a0000375,0.859375
11791,8,TP8,221,-4.11,a,S1 obj,45,co2a0000375,0.86328125
11792,8,TP8,222,-5.086,a,S1 obj,45,co2a0000375,0.8671875
11793,8,TP8,223,-5.086,a,S1 obj,45,co2a0000375,0.87109375
11794,8,TP8,224,-4.11,a,S1 obj,45,co2a0000375,0.875
11795,8,TP8,225,-4.598,a,S1 obj,45,co2a0000375,0.87890625
11796,8,TP8,226,-7.039,a,S1 obj,45,co2a0000375,0.8828125
11797,8,TP8,227,-9.481,a,S1 obj,45,co2a0000375,0.88671875
11798,8,TP8,228,-10.946,a,S1 obj,45,co2a0000375,0.890625
11799,8,TP8,229,-9.969,a,S1 obj,45,co2a0000375,0.89453125
11800,8,TP8,230,-6.551,a,S1 obj,45,co2a0000375,0.8984375
11801,8,TP8,231,-2.645,a,S1 obj,45,co2a0000375,0.90234375
11802,8,TP8,232,-0.203,a,S1 obj,45,co2a0000375,0.90625
11803,8,TP8,233,0.285,a,S1 obj,45,co2a0000375,0.91015625
11804,8,TP8,234,-1.668,a,S1 obj,45,co2a0000375,0.9140625
11805,8,TP8,235,-5.086,a,S1 obj,45,co2a0000375,0.91796875
11806,8,TP8,236,-8.993,a,S1 obj,45,co2a0000375,0.921875
11807,8,TP8,237,-11.922,a,S1 obj,45,co2a0000375,0.92578125
11808,8,TP8,238,-12.41,a,S1 obj,45,co2a0000375,0.9296875
11809,8,TP8,239,-9.969,a,S1 obj,45,co2a0000375,0.93359375
11810,8,TP8,240,-6.063,a,S1 obj,45,co2a0000375,0.9375
11811,8,TP8,241,-2.645,a,S1 obj,45,co2a0000375,0.94140625
11812,8,TP8,242,-0.203,a,S1 obj,45,co2a0000375,0.9453125
11813,8,TP8,243,-0.692,a,S1 obj,45,co2a0000375,0.94921875
11814,8,TP8,244,-3.621,a,S1 obj,45,co2a0000375,0.953125
11815,8,TP8,245,-7.039,a,S1 obj,45,co2a0000375,0.95703125
11816,8,TP8,246,-9.481,a,S1 obj,45,co2a0000375,0.9609375
11817,8,TP8,247,-11.434,a,S1 obj,45,co2a0000375,0.96484375
11818,8,TP8,248,-11.922,a,S1 obj,45,co2a0000375,0.96875
11819,8,TP8,249,-11.434,a,S1 obj,45,co2a0000375,0.97265625
11820,8,TP8,250,-9.481,a,S1 obj,45,co2a0000375,0.9765625
11821,8,TP8,251,-6.551,a,S1 obj,45,co2a0000375,0.98046875
11822,8,TP8,252,-3.133,a,S1 obj,45,co2a0000375,0.984375
11823,8,TP8,253,-0.203,a,S1 obj,45,co2a0000375,0.98828125
11824,8,TP8,254,2.238,a,S1 obj,45,co2a0000375,0.9921875
11825,8,TP8,255,3.215,a,S1 obj,45,co2a0000375,0.99609375
11827,8,TP7,0,4.985,a,S1 obj,46,co2a0000375,0.0
11828,8,TP7,1,4.496,a,S1 obj,46,co2a0000375,0.00390625
11829,8,TP7,2,4.496,a,S1 obj,46,co2a0000375,0.0078125
11830,8,TP7,3,5.473,a,S1 obj,46,co2a0000375,0.01171875
11831,8,TP7,4,7.426,a,S1 obj,46,co2a0000375,0.015625
11832,8,TP7,5,9.867,a,S1 obj,46,co2a0000375,0.01953125
11833,8,TP7,6,10.844,a,S1 obj,46,co2a0000375,0.0234375
11834,8,TP7,7,10.356,a,S1 obj,46,co2a0000375,0.02734375
11835,8,TP7,8,7.426,a,S1 obj,46,co2a0000375,0.03125
11836,8,TP7,9,2.543,a,S1 obj,46,co2a0000375,0.03515625
11837,8,TP7,10,-3.316,a,S1 obj,46,co2a0000375,0.0390625
11838,8,TP7,11,-7.222,a,S1 obj,46,co2a0000375,0.04296875
11839,8,TP7,12,-7.222,a,S1 obj,46,co2a0000375,0.046875
11840,8,TP7,13,-4.293,a,S1 obj,46,co2a0000375,0.05078125
11841,8,TP7,14,1.567,a,S1 obj,46,co2a0000375,0.0546875
11842,8,TP7,15,6.449,a,S1 obj,46,co2a0000375,0.05859375
11843,8,TP7,16,8.891,a,S1 obj,46,co2a0000375,0.0625
11844,8,TP7,17,8.403,a,S1 obj,46,co2a0000375,0.06640625
11845,8,TP7,18,5.961,a,S1 obj,46,co2a0000375,0.0703125
11846,8,TP7,19,4.496,a,S1 obj,46,co2a0000375,0.07421875
11847,8,TP7,20,4.985,a,S1 obj,46,co2a0000375,0.078125
11848,8,TP7,21,7.914,a,S1 obj,46,co2a0000375,0.08203125
11849,8,TP7,22,10.844,a,S1 obj,46,co2a0000375,0.0859375
11850,8,TP7,23,12.797,a,S1 obj,46,co2a0000375,0.08984375
11851,8,TP7,24,12.797,a,S1 obj,46,co2a0000375,0.09375
11852,8,TP7,25,11.332,a,S1 obj,46,co2a0000375,0.09765625
11853,8,TP7,26,10.356,a,S1 obj,46,co2a0000375,0.1015625
11854,8,TP7,27,9.867,a,S1 obj,46,co2a0000375,0.10546875
11855,8,TP7,28,9.379,a,S1 obj,46,co2a0000375,0.109375
11856,8,TP7,29,8.403,a,S1 obj,46,co2a0000375,0.11328125
11857,8,TP7,30,7.426,a,S1 obj,46,co2a0000375,0.1171875
11858,8,TP7,31,5.961,a,S1 obj,46,co2a0000375,0.12109375
11859,8,TP7,32,5.473,a,S1 obj,46,co2a0000375,0.125
11860,8,TP7,33,5.473,a,S1 obj,46,co2a0000375,0.12890625
11861,8,TP7,34,5.961,a,S1 obj,46,co2a0000375,0.1328125
11862,8,TP7,35,5.961,a,S1 obj,46,co2a0000375,0.13671875
11863,8,TP7,36,4.985,a,S1 obj,46,co2a0000375,0.140625
11864,8,TP7,37,3.031,a,S1 obj,46,co2a0000375,0.14453125
11865,8,TP7,38,1.078,a,S1 obj,46,co2a0000375,0.1484375
11866,8,TP7,39,1.078,a,S1 obj,46,co2a0000375,0.15234375
11867,8,TP7,40,2.543,a,S1 obj,46,co2a0000375,0.15625
11868,8,TP7,41,4.008,a,S1 obj,46,co2a0000375,0.16015625
11869,8,TP7,42,5.473,a,S1 obj,46,co2a0000375,0.1640625
11870,8,TP7,43,5.473,a,S1 obj,46,co2a0000375,0.16796875
11871,8,TP7,44,5.473,a,S1 obj,46,co2a0000375,0.171875
11872,8,TP7,45,5.961,a,S1 obj,46,co2a0000375,0.17578125
11873,8,TP7,46,5.961,a,S1 obj,46,co2a0000375,0.1796875
11874,8,TP7,47,5.473,a,S1 obj,46,co2a0000375,0.18359375
11875,8,TP7,48,3.52,a,S1 obj,46,co2a0000375,0.1875
11876,8,TP7,49,1.567,a,S1 obj,46,co2a0000375,0.19140625
11877,8,TP7,50,0.59,a,S1 obj,46,co2a0000375,0.1953125
11878,8,TP7,51,1.078,a,S1 obj,46,co2a0000375,0.19921875
11879,8,TP7,52,3.031,a,S1 obj,46,co2a0000375,0.203125
11880,8,TP7,53,4.008,a,S1 obj,46,co2a0000375,0.20703125
11881,8,TP7,54,3.031,a,S1 obj,46,co2a0000375,0.2109375
11882,8,TP7,55,1.078,a,S1 obj,46,co2a0000375,0.21484375
11883,8,TP7,56,-1.363,a,S1 obj,46,co2a0000375,0.21875
11884,8,TP7,57,-1.851,a,S1 obj,46,co2a0000375,0.22265625
11885,8,TP7,58,-0.387,a,S1 obj,46,co2a0000375,0.2265625
11886,8,TP7,59,2.543,a,S1 obj,46,co2a0000375,0.23046875
11887,8,TP7,60,4.985,a,S1 obj,46,co2a0000375,0.234375
11888,8,TP7,61,5.961,a,S1 obj,46,co2a0000375,0.23828125
11889,8,TP7,62,5.961,a,S1 obj,46,co2a0000375,0.2421875
11890,8,TP7,63,6.449,a,S1 obj,46,co2a0000375,0.24609375
11891,8,TP7,64,7.914,a,S1 obj,46,co2a0000375,0.25
11892,8,TP7,65,10.356,a,S1 obj,46,co2a0000375,0.25390625
11893,8,TP7,66,12.309,a,S1 obj,46,co2a0000375,0.2578125
11894,8,TP7,67,12.309,a,S1 obj,46,co2a0000375,0.26171875
11895,8,TP7,68,10.844,a,S1 obj,46,co2a0000375,0.265625
11896,8,TP7,69,7.914,a,S1 obj,46,co2a0000375,0.26953125
11897,8,TP7,70,5.961,a,S1 obj,46,co2a0000375,0.2734375
11898,8,TP7,71,5.473,a,S1 obj,46,co2a0000375,0.27734375
11899,8,TP7,72,7.426,a,S1 obj,46,co2a0000375,0.28125
11900,8,TP7,73,9.379,a,S1 obj,46,co2a0000375,0.28515625
11901,8,TP7,74,9.867,a,S1 obj,46,co2a0000375,0.2890625
11902,8,TP7,75,8.403,a,S1 obj,46,co2a0000375,0.29296875
11903,8,TP7,76,5.961,a,S1 obj,46,co2a0000375,0.296875
11904,8,TP7,77,3.031,a,S1 obj,46,co2a0000375,0.30078125
11905,8,TP7,78,2.543,a,S1 obj,46,co2a0000375,0.3046875
11906,8,TP7,79,3.52,a,S1 obj,46,co2a0000375,0.30859375
11907,8,TP7,80,5.961,a,S1 obj,46,co2a0000375,0.3125
11908,8,TP7,81,8.891,a,S1 obj,46,co2a0000375,0.31640625
11909,8,TP7,82,10.356,a,S1 obj,46,co2a0000375,0.3203125
11910,8,TP7,83,10.844,a,S1 obj,46,co2a0000375,0.32421875
11911,8,TP7,84,10.356,a,S1 obj,46,co2a0000375,0.328125
11912,8,TP7,85,10.844,a,S1 obj,46,co2a0000375,0.33203125
11913,8,TP7,86,11.332,a,S1 obj,46,co2a0000375,0.3359375
11914,8,TP7,87,12.797,a,S1 obj,46,co2a0000375,0.33984375
11915,8,TP7,88,13.774,a,S1 obj,46,co2a0000375,0.34375
11916,8,TP7,89,13.774,a,S1 obj,46,co2a0000375,0.34765625
11917,8,TP7,90,12.309,a,S1 obj,46,co2a0000375,0.3515625
11918,8,TP7,91,8.891,a,S1 obj,46,co2a0000375,0.35546875
11919,8,TP7,92,5.473,a,S1 obj,46,co2a0000375,0.359375
11920,8,TP7,93,1.567,a,S1 obj,46,co2a0000375,0.36328125
11921,8,TP7,94,0.102,a,S1 obj,46,co2a0000375,0.3671875
11922,8,TP7,95,1.078,a,S1 obj,46,co2a0000375,0.37109375
11923,8,TP7,96,3.031,a,S1 obj,46,co2a0000375,0.375
11924,8,TP7,97,6.449,a,S1 obj,46,co2a0000375,0.37890625
11925,8,TP7,98,7.914,a,S1 obj,46,co2a0000375,0.3828125
11926,8,TP7,99,7.914,a,S1 obj,46,co2a0000375,0.38671875
11927,8,TP7,100,5.961,a,S1 obj,46,co2a0000375,0.390625
11928,8,TP7,101,4.008,a,S1 obj,46,co2a0000375,0.39453125
11929,8,TP7,102,3.52,a,S1 obj,46,co2a0000375,0.3984375
11930,8,TP7,103,4.985,a,S1 obj,46,co2a0000375,0.40234375
11931,8,TP7,104,7.914,a,S1 obj,46,co2a0000375,0.40625
11932,8,TP7,105,10.356,a,S1 obj,46,co2a0000375,0.41015625
11933,8,TP7,106,11.332,a,S1 obj,46,co2a0000375,0.4140625
11934,8,TP7,107,9.867,a,S1 obj,46,co2a0000375,0.41796875
11935,8,TP7,108,6.449,a,S1 obj,46,co2a0000375,0.421875
11936,8,TP7,109,1.567,a,S1 obj,46,co2a0000375,0.42578125
11937,8,TP7,110,-2.34,a,S1 obj,46,co2a0000375,0.4296875
11938,8,TP7,111,-5.269,a,S1 obj,46,co2a0000375,0.43359375
11939,8,TP7,112,-6.246,a,S1 obj,46,co2a0000375,0.4375
11940,8,TP7,113,-5.758,a,S1 obj,46,co2a0000375,0.44140625
11941,8,TP7,114,-4.293,a,S1 obj,46,co2a0000375,0.4453125
11942,8,TP7,115,-3.316,a,S1 obj,46,co2a0000375,0.44921875
11943,8,TP7,116,-3.316,a,S1 obj,46,co2a0000375,0.453125
11944,8,TP7,117,-4.781,a,S1 obj,46,co2a0000375,0.45703125
11945,8,TP7,118,-7.222,a,S1 obj,46,co2a0000375,0.4609375
11946,8,TP7,119,-10.64,a,S1 obj,46,co2a0000375,0.46484375
11947,8,TP7,120,-13.57,a,S1 obj,46,co2a0000375,0.46875
11948,8,TP7,121,-15.035,a,S1 obj,46,co2a0000375,0.47265625
11949,8,TP7,122,-15.523,a,S1 obj,46,co2a0000375,0.4765625
11950,8,TP7,123,-14.058,a,S1 obj,46,co2a0000375,0.48046875
11951,8,TP7,124,-10.64,a,S1 obj,46,co2a0000375,0.484375
11952,8,TP7,125,-5.758,a,S1 obj,46,co2a0000375,0.48828125
11953,8,TP7,126,-1.363,a,S1 obj,46,co2a0000375,0.4921875
11954,8,TP7,127,2.543,a,S1 obj,46,co2a0000375,0.49609375
11955,8,TP7,128,3.031,a,S1 obj,46,co2a0000375,0.5
11956,8,TP7,129,1.078,a,S1 obj,46,co2a0000375,0.50390625
11957,8,TP7,130,-1.851,a,S1 obj,46,co2a0000375,0.5078125
11958,8,TP7,131,-4.781,a,S1 obj,46,co2a0000375,0.51171875
11959,8,TP7,132,-6.246,a,S1 obj,46,co2a0000375,0.515625
11960,8,TP7,133,-6.734,a,S1 obj,46,co2a0000375,0.51953125
11961,8,TP7,134,-7.222,a,S1 obj,46,co2a0000375,0.5234375
11962,8,TP7,135,-9.664,a,S1 obj,46,co2a0000375,0.52734375
11963,8,TP7,136,-12.105,a,S1 obj,46,co2a0000375,0.53125
11964,8,TP7,137,-14.058,a,S1 obj,46,co2a0000375,0.53515625
11965,8,TP7,138,-13.57,a,S1 obj,46,co2a0000375,0.5390625
11966,8,TP7,139,-11.617,a,S1 obj,46,co2a0000375,0.54296875
11967,8,TP7,140,-9.664,a,S1 obj,46,co2a0000375,0.546875
11968,8,TP7,141,-10.152,a,S1 obj,46,co2a0000375,0.55078125
11969,8,TP7,142,-12.105,a,S1 obj,46,co2a0000375,0.5546875
11970,8,TP7,143,-13.57,a,S1 obj,46,co2a0000375,0.55859375
11971,8,TP7,144,-12.594,a,S1 obj,46,co2a0000375,0.5625
11972,8,TP7,145,-8.199,a,S1 obj,46,co2a0000375,0.56640625
11973,8,TP7,146,-2.34,a,S1 obj,46,co2a0000375,0.5703125
11974,8,TP7,147,2.055,a,S1 obj,46,co2a0000375,0.57421875
11975,8,TP7,148,2.543,a,S1 obj,46,co2a0000375,0.578125
11976,8,TP7,149,1.078,a,S1 obj,46,co2a0000375,0.58203125
11977,8,TP7,150,-1.363,a,S1 obj,46,co2a0000375,0.5859375
11978,8,TP7,151,-2.34,a,S1 obj,46,co2a0000375,0.58984375
11979,8,TP7,152,-2.828,a,S1 obj,46,co2a0000375,0.59375
11980,8,TP7,153,-2.828,a,S1 obj,46,co2a0000375,0.59765625
11981,8,TP7,154,-4.293,a,S1 obj,46,co2a0000375,0.6015625
11982,8,TP7,155,-6.734,a,S1 obj,46,co2a0000375,0.60546875
11983,8,TP7,156,-9.176,a,S1 obj,46,co2a0000375,0.609375
11984,8,TP7,157,-10.152,a,S1 obj,46,co2a0000375,0.61328125
11985,8,TP7,158,-9.664,a,S1 obj,46,co2a0000375,0.6171875
11986,8,TP7,159,-9.176,a,S1 obj,46,co2a0000375,0.62109375
11987,8,TP7,160,-9.664,a,S1 obj,46,co2a0000375,0.625
11988,8,TP7,161,-11.129,a,S1 obj,46,co2a0000375,0.62890625
11989,8,TP7,162,-12.105,a,S1 obj,46,co2a0000375,0.6328125
11990,8,TP7,163,-11.617,a,S1 obj,46,co2a0000375,0.63671875
11991,8,TP7,164,-10.152,a,S1 obj,46,co2a0000375,0.640625
11992,8,TP7,165,-9.176,a,S1 obj,46,co2a0000375,0.64453125
11993,8,TP7,166,-10.152,a,S1 obj,46,co2a0000375,0.6484375
11994,8,TP7,167,-12.594,a,S1 obj,46,co2a0000375,0.65234375
11995,8,TP7,168,-14.547,a,S1 obj,46,co2a0000375,0.65625
11996,8,TP7,169,-14.547,a,S1 obj,46,co2a0000375,0.66015625
11997,8,TP7,170,-11.617,a,S1 obj,46,co2a0000375,0.6640625
11998,8,TP7,171,-8.199,a,S1 obj,46,co2a0000375,0.66796875
11999,8,TP7,172,-6.734,a,S1 obj,46,co2a0000375,0.671875
12000,8,TP7,173,-8.687,a,S1 obj,46,co2a0000375,0.67578125
12001,8,TP7,174,-12.594,a,S1 obj,46,co2a0000375,0.6796875
12002,8,TP7,175,-16.012,a,S1 obj,46,co2a0000375,0.68359375
12003,8,TP7,176,-16.5,a,S1 obj,46,co2a0000375,0.6875
12004,8,TP7,177,-14.058,a,S1 obj,46,co2a0000375,0.69140625
12005,8,TP7,178,-10.64,a,S1 obj,46,co2a0000375,0.6953125
12006,8,TP7,179,-8.687,a,S1 obj,46,co2a0000375,0.69921875
12007,8,TP7,180,-9.664,a,S1 obj,46,co2a0000375,0.703125
12008,8,TP7,181,-12.105,a,S1 obj,46,co2a0000375,0.70703125
12009,8,TP7,182,-14.058,a,S1 obj,46,co2a0000375,0.7109375
12010,8,TP7,183,-14.058,a,S1 obj,46,co2a0000375,0.71484375
12011,8,TP7,184,-12.594,a,S1 obj,46,co2a0000375,0.71875
12012,8,TP7,185,-11.129,a,S1 obj,46,co2a0000375,0.72265625
12013,8,TP7,186,-11.129,a,S1 obj,46,co2a0000375,0.7265625
12014,8,TP7,187,-12.105,a,S1 obj,46,co2a0000375,0.73046875
12015,8,TP7,188,-13.082,a,S1 obj,46,co2a0000375,0.734375
12016,8,TP7,189,-12.105,a,S1 obj,46,co2a0000375,0.73828125
12017,8,TP7,190,-8.687,a,S1 obj,46,co2a0000375,0.7421875
12018,8,TP7,191,-4.293,a,S1 obj,46,co2a0000375,0.74609375
12019,8,TP7,192,-1.363,a,S1 obj,46,co2a0000375,0.75
12020,8,TP7,193,-2.34,a,S1 obj,46,co2a0000375,0.75390625
12021,8,TP7,194,-7.222,a,S1 obj,46,co2a0000375,0.7578125
12022,8,TP7,195,-12.594,a,S1 obj,46,co2a0000375,0.76171875
12023,8,TP7,196,-16.012,a,S1 obj,46,co2a0000375,0.765625
12024,8,TP7,197,-15.523,a,S1 obj,46,co2a0000375,0.76953125
12025,8,TP7,198,-11.129,a,S1 obj,46,co2a0000375,0.7734375
12026,8,TP7,199,-6.246,a,S1 obj,46,co2a0000375,0.77734375
12027,8,TP7,200,-2.34,a,S1 obj,46,co2a0000375,0.78125
12028,8,TP7,201,-1.363,a,S1 obj,46,co2a0000375,0.78515625
12029,8,TP7,202,-2.34,a,S1 obj,46,co2a0000375,0.7890625
12030,8,TP7,203,-3.316,a,S1 obj,46,co2a0000375,0.79296875
12031,8,TP7,204,-3.805,a,S1 obj,46,co2a0000375,0.796875
12032,8,TP7,205,-4.781,a,S1 obj,46,co2a0000375,0.80078125
12033,8,TP7,206,-6.734,a,S1 obj,46,co2a0000375,0.8046875
12034,8,TP7,207,-9.176,a,S1 obj,46,co2a0000375,0.80859375
12035,8,TP7,208,-10.64,a,S1 obj,46,co2a0000375,0.8125
12036,8,TP7,209,-9.664,a,S1 obj,46,co2a0000375,0.81640625
12037,8,TP7,210,-5.758,a,S1 obj,46,co2a0000375,0.8203125
12038,8,TP7,211,-0.387,a,S1 obj,46,co2a0000375,0.82421875
12039,8,TP7,212,3.52,a,S1 obj,46,co2a0000375,0.828125
12040,8,TP7,213,4.985,a,S1 obj,46,co2a0000375,0.83203125
12041,8,TP7,214,4.985,a,S1 obj,46,co2a0000375,0.8359375
12042,8,TP7,215,4.496,a,S1 obj,46,co2a0000375,0.83984375
12043,8,TP7,216,4.985,a,S1 obj,46,co2a0000375,0.84375
12044,8,TP7,217,6.449,a,S1 obj,46,co2a0000375,0.84765625
12045,8,TP7,218,7.914,a,S1 obj,46,co2a0000375,0.8515625
12046,8,TP7,219,7.426,a,S1 obj,46,co2a0000375,0.85546875
12047,8,TP7,220,5.473,a,S1 obj,46,co2a0000375,0.859375
12048,8,TP7,221,2.055,a,S1 obj,46,co2a0000375,0.86328125
12049,8,TP7,222,-0.875,a,S1 obj,46,co2a0000375,0.8671875
12050,8,TP7,223,-3.316,a,S1 obj,46,co2a0000375,0.87109375
12051,8,TP7,224,-4.781,a,S1 obj,46,co2a0000375,0.875
12052,8,TP7,225,-6.734,a,S1 obj,46,co2a0000375,0.87890625
12053,8,TP7,226,-8.199,a,S1 obj,46,co2a0000375,0.8828125
12054,8,TP7,227,-8.687,a,S1 obj,46,co2a0000375,0.88671875
12055,8,TP7,228,-8.199,a,S1 obj,46,co2a0000375,0.890625
12056,8,TP7,229,-6.734,a,S1 obj,46,co2a0000375,0.89453125
12057,8,TP7,230,-5.269,a,S1 obj,46,co2a0000375,0.8984375
12058,8,TP7,231,-4.293,a,S1 obj,46,co2a0000375,0.90234375
12059,8,TP7,232,-3.316,a,S1 obj,46,co2a0000375,0.90625
12060,8,TP7,233,-1.851,a,S1 obj,46,co2a0000375,0.91015625
12061,8,TP7,234,-0.875,a,S1 obj,46,co2a0000375,0.9140625
12062,8,TP7,235,-0.387,a,S1 obj,46,co2a0000375,0.91796875
12063,8,TP7,236,-2.34,a,S1 obj,46,co2a0000375,0.921875
12064,8,TP7,237,-5.269,a,S1 obj,46,co2a0000375,0.92578125
12065,8,TP7,238,-9.176,a,S1 obj,46,co2a0000375,0.9296875
12066,8,TP7,239,-11.129,a,S1 obj,46,co2a0000375,0.93359375
12067,8,TP7,240,-11.129,a,S1 obj,46,co2a0000375,0.9375
12068,8,TP7,241,-9.176,a,S1 obj,46,co2a0000375,0.94140625
12069,8,TP7,242,-6.734,a,S1 obj,46,co2a0000375,0.9453125
12070,8,TP7,243,-5.269,a,S1 obj,46,co2a0000375,0.94921875
12071,8,TP7,244,-5.269,a,S1 obj,46,co2a0000375,0.953125
12072,8,TP7,245,-5.758,a,S1 obj,46,co2a0000375,0.95703125
12073,8,TP7,246,-6.246,a,S1 obj,46,co2a0000375,0.9609375
12074,8,TP7,247,-7.222,a,S1 obj,46,co2a0000375,0.96484375
12075,8,TP7,248,-6.734,a,S1 obj,46,co2a0000375,0.96875
12076,8,TP7,249,-5.269,a,S1 obj,46,co2a0000375,0.97265625
12077,8,TP7,250,-2.828,a,S1 obj,46,co2a0000375,0.9765625
12078,8,TP7,251,0.59,a,S1 obj,46,co2a0000375,0.98046875
12079,8,TP7,252,3.52,a,S1 obj,46,co2a0000375,0.984375
12080,8,TP7,253,5.473,a,S1 obj,46,co2a0000375,0.98828125
12081,8,TP7,254,5.961,a,S1 obj,46,co2a0000375,0.9921875
12082,8,TP7,255,5.961,a,S1 obj,46,co2a0000375,0.99609375
12084,8,AFZ,0,1.007,a,S1 obj,47,co2a0000375,0.0
12085,8,AFZ,1,1.007,a,S1 obj,47,co2a0000375,0.00390625
12086,8,AFZ,2,3.937,a,S1 obj,47,co2a0000375,0.0078125
12087,8,AFZ,3,7.355,a,S1 obj,47,co2a0000375,0.01171875
12088,8,AFZ,4,10.773,a,S1 obj,47,co2a0000375,0.015625
12089,8,AFZ,5,12.726,a,S1 obj,47,co2a0000375,0.01953125
12090,8,AFZ,6,13.214,a,S1 obj,47,co2a0000375,0.0234375
12091,8,AFZ,7,12.238,a,S1 obj,47,co2a0000375,0.02734375
12092,8,AFZ,8,10.284,a,S1 obj,47,co2a0000375,0.03125
12093,8,AFZ,9,7.355,a,S1 obj,47,co2a0000375,0.03515625
12094,8,AFZ,10,3.937,a,S1 obj,47,co2a0000375,0.0390625
12095,8,AFZ,11,0.031,a,S1 obj,47,co2a0000375,0.04296875
12096,8,AFZ,12,-1.434,a,S1 obj,47,co2a0000375,0.046875
12097,8,AFZ,13,-0.458,a,S1 obj,47,co2a0000375,0.05078125
12098,8,AFZ,14,2.472,a,S1 obj,47,co2a0000375,0.0546875
12099,8,AFZ,15,5.402,a,S1 obj,47,co2a0000375,0.05859375
12100,8,AFZ,16,6.866,a,S1 obj,47,co2a0000375,0.0625
12101,8,AFZ,17,6.866,a,S1 obj,47,co2a0000375,0.06640625
12102,8,AFZ,18,5.402,a,S1 obj,47,co2a0000375,0.0703125
12103,8,AFZ,19,4.913,a,S1 obj,47,co2a0000375,0.07421875
12104,8,AFZ,20,6.866,a,S1 obj,47,co2a0000375,0.078125
12105,8,AFZ,21,10.773,a,S1 obj,47,co2a0000375,0.08203125
12106,8,AFZ,22,13.702,a,S1 obj,47,co2a0000375,0.0859375
12107,8,AFZ,23,15.167,a,S1 obj,47,co2a0000375,0.08984375
12108,8,AFZ,24,15.656,a,S1 obj,47,co2a0000375,0.09375
12109,8,AFZ,25,14.679,a,S1 obj,47,co2a0000375,0.09765625
12110,8,AFZ,26,15.167,a,S1 obj,47,co2a0000375,0.1015625
12111,8,AFZ,27,15.656,a,S1 obj,47,co2a0000375,0.10546875
12112,8,AFZ,28,16.144,a,S1 obj,47,co2a0000375,0.109375
12113,8,AFZ,29,14.191,a,S1 obj,47,co2a0000375,0.11328125
12114,8,AFZ,30,10.284,a,S1 obj,47,co2a0000375,0.1171875
12115,8,AFZ,31,4.913,a,S1 obj,47,co2a0000375,0.12109375
12116,8,AFZ,32,0.519,a,S1 obj,47,co2a0000375,0.125
12117,8,AFZ,33,-0.946,a,S1 obj,47,co2a0000375,0.12890625
12118,8,AFZ,34,1.007,a,S1 obj,47,co2a0000375,0.1328125
12119,8,AFZ,35,4.913,a,S1 obj,47,co2a0000375,0.13671875
12120,8,AFZ,36,8.331,a,S1 obj,47,co2a0000375,0.140625
12121,8,AFZ,37,10.284,a,S1 obj,47,co2a0000375,0.14453125
12122,8,AFZ,38,9.796,a,S1 obj,47,co2a0000375,0.1484375
12123,8,AFZ,39,6.866,a,S1 obj,47,co2a0000375,0.15234375
12124,8,AFZ,40,5.402,a,S1 obj,47,co2a0000375,0.15625
12125,8,AFZ,41,4.913,a,S1 obj,47,co2a0000375,0.16015625
12126,8,AFZ,42,7.355,a,S1 obj,47,co2a0000375,0.1640625
12127,8,AFZ,43,10.773,a,S1 obj,47,co2a0000375,0.16796875
12128,8,AFZ,44,13.214,a,S1 obj,47,co2a0000375,0.171875
12129,8,AFZ,45,13.702,a,S1 obj,47,co2a0000375,0.17578125
12130,8,AFZ,46,11.261,a,S1 obj,47,co2a0000375,0.1796875
12131,8,AFZ,47,7.355,a,S1 obj,47,co2a0000375,0.18359375
12132,8,AFZ,48,2.96,a,S1 obj,47,co2a0000375,0.1875
12133,8,AFZ,49,1.495,a,S1 obj,47,co2a0000375,0.19140625
12134,8,AFZ,50,1.984,a,S1 obj,47,co2a0000375,0.1953125
12135,8,AFZ,51,3.937,a,S1 obj,47,co2a0000375,0.19921875
12136,8,AFZ,52,5.89,a,S1 obj,47,co2a0000375,0.203125
12137,8,AFZ,53,7.355,a,S1 obj,47,co2a0000375,0.20703125
12138,8,AFZ,54,6.378,a,S1 obj,47,co2a0000375,0.2109375
12139,8,AFZ,55,5.402,a,S1 obj,47,co2a0000375,0.21484375
12140,8,AFZ,56,4.913,a,S1 obj,47,co2a0000375,0.21875
12141,8,AFZ,57,6.866,a,S1 obj,47,co2a0000375,0.22265625
12142,8,AFZ,58,9.308,a,S1 obj,47,co2a0000375,0.2265625
12143,8,AFZ,59,12.238,a,S1 obj,47,co2a0000375,0.23046875
12144,8,AFZ,60,15.167,a,S1 obj,47,co2a0000375,0.234375
12145,8,AFZ,61,16.632,a,S1 obj,47,co2a0000375,0.23828125
12146,8,AFZ,62,16.632,a,S1 obj,47,co2a0000375,0.2421875
12147,8,AFZ,63,16.144,a,S1 obj,47,co2a0000375,0.24609375
12148,8,AFZ,64,15.656,a,S1 obj,47,co2a0000375,0.25
12149,8,AFZ,65,15.167,a,S1 obj,47,co2a0000375,0.25390625
12150,8,AFZ,66,14.679,a,S1 obj,47,co2a0000375,0.2578125
12151,8,AFZ,67,14.191,a,S1 obj,47,co2a0000375,0.26171875
12152,8,AFZ,68,13.214,a,S1 obj,47,co2a0000375,0.265625
12153,8,AFZ,69,12.726,a,S1 obj,47,co2a0000375,0.26953125
12154,8,AFZ,70,12.238,a,S1 obj,47,co2a0000375,0.2734375
12155,8,AFZ,71,12.726,a,S1 obj,47,co2a0000375,0.27734375
12156,8,AFZ,72,13.214,a,S1 obj,47,co2a0000375,0.28125
12157,8,AFZ,73,13.214,a,S1 obj,47,co2a0000375,0.28515625
12158,8,AFZ,74,11.749,a,S1 obj,47,co2a0000375,0.2890625
12159,8,AFZ,75,9.796,a,S1 obj,47,co2a0000375,0.29296875
12160,8,AFZ,76,7.843,a,S1 obj,47,co2a0000375,0.296875
12161,8,AFZ,77,6.866,a,S1 obj,47,co2a0000375,0.30078125
12162,8,AFZ,78,7.355,a,S1 obj,47,co2a0000375,0.3046875
12163,8,AFZ,79,9.308,a,S1 obj,47,co2a0000375,0.30859375
12164,8,AFZ,80,10.773,a,S1 obj,47,co2a0000375,0.3125
12165,8,AFZ,81,11.749,a,S1 obj,47,co2a0000375,0.31640625
12166,8,AFZ,82,11.749,a,S1 obj,47,co2a0000375,0.3203125
12167,8,AFZ,83,11.261,a,S1 obj,47,co2a0000375,0.32421875
12168,8,AFZ,84,10.284,a,S1 obj,47,co2a0000375,0.328125
12169,8,AFZ,85,9.796,a,S1 obj,47,co2a0000375,0.33203125
12170,8,AFZ,86,8.82,a,S1 obj,47,co2a0000375,0.3359375
12171,8,AFZ,87,8.331,a,S1 obj,47,co2a0000375,0.33984375
12172,8,AFZ,88,7.355,a,S1 obj,47,co2a0000375,0.34375
12173,8,AFZ,89,6.378,a,S1 obj,47,co2a0000375,0.34765625
12174,8,AFZ,90,4.913,a,S1 obj,47,co2a0000375,0.3515625
12175,8,AFZ,91,4.913,a,S1 obj,47,co2a0000375,0.35546875
12176,8,AFZ,92,4.913,a,S1 obj,47,co2a0000375,0.359375
12177,8,AFZ,93,4.913,a,S1 obj,47,co2a0000375,0.36328125
12178,8,AFZ,94,4.913,a,S1 obj,47,co2a0000375,0.3671875
12179,8,AFZ,95,3.937,a,S1 obj,47,co2a0000375,0.37109375
12180,8,AFZ,96,1.984,a,S1 obj,47,co2a0000375,0.375
12181,8,AFZ,97,1.007,a,S1 obj,47,co2a0000375,0.37890625
12182,8,AFZ,98,0.031,a,S1 obj,47,co2a0000375,0.3828125
12183,8,AFZ,99,0.519,a,S1 obj,47,co2a0000375,0.38671875
12184,8,AFZ,100,1.984,a,S1 obj,47,co2a0000375,0.390625
12185,8,AFZ,101,4.913,a,S1 obj,47,co2a0000375,0.39453125
12186,8,AFZ,102,6.866,a,S1 obj,47,co2a0000375,0.3984375
12187,8,AFZ,103,9.308,a,S1 obj,47,co2a0000375,0.40234375
12188,8,AFZ,104,9.796,a,S1 obj,47,co2a0000375,0.40625
12189,8,AFZ,105,8.82,a,S1 obj,47,co2a0000375,0.41015625
12190,8,AFZ,106,7.355,a,S1 obj,47,co2a0000375,0.4140625
12191,8,AFZ,107,5.89,a,S1 obj,47,co2a0000375,0.41796875
12192,8,AFZ,108,4.913,a,S1 obj,47,co2a0000375,0.421875
12193,8,AFZ,109,4.913,a,S1 obj,47,co2a0000375,0.42578125
12194,8,AFZ,110,5.89,a,S1 obj,47,co2a0000375,0.4296875
12195,8,AFZ,111,5.89,a,S1 obj,47,co2a0000375,0.43359375
12196,8,AFZ,112,4.913,a,S1 obj,47,co2a0000375,0.4375
12197,8,AFZ,113,3.448,a,S1 obj,47,co2a0000375,0.44140625
12198,8,AFZ,114,1.495,a,S1 obj,47,co2a0000375,0.4453125
12199,8,AFZ,115,1.007,a,S1 obj,47,co2a0000375,0.44921875
12200,8,AFZ,116,1.007,a,S1 obj,47,co2a0000375,0.453125
12201,8,AFZ,117,1.495,a,S1 obj,47,co2a0000375,0.45703125
12202,8,AFZ,118,1.007,a,S1 obj,47,co2a0000375,0.4609375
12203,8,AFZ,119,0.031,a,S1 obj,47,co2a0000375,0.46484375
12204,8,AFZ,120,-1.434,a,S1 obj,47,co2a0000375,0.46875
12205,8,AFZ,121,-2.899,a,S1 obj,47,co2a0000375,0.47265625
12206,8,AFZ,122,-2.899,a,S1 obj,47,co2a0000375,0.4765625
12207,8,AFZ,123,-2.411,a,S1 obj,47,co2a0000375,0.48046875
12208,8,AFZ,124,-1.434,a,S1 obj,47,co2a0000375,0.484375
12209,8,AFZ,125,1.007,a,S1 obj,47,co2a0000375,0.48828125
12210,8,AFZ,126,2.472,a,S1 obj,47,co2a0000375,0.4921875
12211,8,AFZ,127,3.937,a,S1 obj,47,co2a0000375,0.49609375
12212,8,AFZ,128,4.913,a,S1 obj,47,co2a0000375,0.5
12213,8,AFZ,129,4.913,a,S1 obj,47,co2a0000375,0.50390625
12214,8,AFZ,130,4.913,a,S1 obj,47,co2a0000375,0.5078125
12215,8,AFZ,131,4.425,a,S1 obj,47,co2a0000375,0.51171875
12216,8,AFZ,132,3.937,a,S1 obj,47,co2a0000375,0.515625
12217,8,AFZ,133,3.937,a,S1 obj,47,co2a0000375,0.51953125
12218,8,AFZ,134,2.96,a,S1 obj,47,co2a0000375,0.5234375
12219,8,AFZ,135,1.495,a,S1 obj,47,co2a0000375,0.52734375
12220,8,AFZ,136,0.031,a,S1 obj,47,co2a0000375,0.53125
12221,8,AFZ,137,-0.458,a,S1 obj,47,co2a0000375,0.53515625
12222,8,AFZ,138,0.519,a,S1 obj,47,co2a0000375,0.5390625
12223,8,AFZ,139,2.472,a,S1 obj,47,co2a0000375,0.54296875
12224,8,AFZ,140,3.937,a,S1 obj,47,co2a0000375,0.546875
12225,8,AFZ,141,3.937,a,S1 obj,47,co2a0000375,0.55078125
12226,8,AFZ,142,2.96,a,S1 obj,47,co2a0000375,0.5546875
12227,8,AFZ,143,1.984,a,S1 obj,47,co2a0000375,0.55859375
12228,8,AFZ,144,3.448,a,S1 obj,47,co2a0000375,0.5625
12229,8,AFZ,145,7.355,a,S1 obj,47,co2a0000375,0.56640625
12230,8,AFZ,146,13.214,a,S1 obj,47,co2a0000375,0.5703125
12231,8,AFZ,147,17.609,a,S1 obj,47,co2a0000375,0.57421875
12232,8,AFZ,148,19.073,a,S1 obj,47,co2a0000375,0.578125
12233,8,AFZ,149,18.097,a,S1 obj,47,co2a0000375,0.58203125
12234,8,AFZ,150,16.144,a,S1 obj,47,co2a0000375,0.5859375
12235,8,AFZ,151,13.702,a,S1 obj,47,co2a0000375,0.58984375
12236,8,AFZ,152,12.726,a,S1 obj,47,co2a0000375,0.59375
12237,8,AFZ,153,12.238,a,S1 obj,47,co2a0000375,0.59765625
12238,8,AFZ,154,11.749,a,S1 obj,47,co2a0000375,0.6015625
12239,8,AFZ,155,10.773,a,S1 obj,47,co2a0000375,0.60546875
12240,8,AFZ,156,10.284,a,S1 obj,47,co2a0000375,0.609375
12241,8,AFZ,157,9.796,a,S1 obj,47,co2a0000375,0.61328125
12242,8,AFZ,158,10.773,a,S1 obj,47,co2a0000375,0.6171875
12243,8,AFZ,159,10.773,a,S1 obj,47,co2a0000375,0.62109375
12244,8,AFZ,160,10.284,a,S1 obj,47,co2a0000375,0.625
12245,8,AFZ,161,9.308,a,S1 obj,47,co2a0000375,0.62890625
12246,8,AFZ,162,8.331,a,S1 obj,47,co2a0000375,0.6328125
12247,8,AFZ,163,7.843,a,S1 obj,47,co2a0000375,0.63671875
12248,8,AFZ,164,8.331,a,S1 obj,47,co2a0000375,0.640625
12249,8,AFZ,165,9.796,a,S1 obj,47,co2a0000375,0.64453125
12250,8,AFZ,166,12.238,a,S1 obj,47,co2a0000375,0.6484375
12251,8,AFZ,167,16.144,a,S1 obj,47,co2a0000375,0.65234375
12252,8,AFZ,168,20.538,a,S1 obj,47,co2a0000375,0.65625
12253,8,AFZ,169,23.468,a,S1 obj,47,co2a0000375,0.66015625
12254,8,AFZ,170,23.956,a,S1 obj,47,co2a0000375,0.6640625
12255,8,AFZ,171,21.515,a,S1 obj,47,co2a0000375,0.66796875
12256,8,AFZ,172,17.609,a,S1 obj,47,co2a0000375,0.671875
12257,8,AFZ,173,13.702,a,S1 obj,47,co2a0000375,0.67578125
12258,8,AFZ,174,13.214,a,S1 obj,47,co2a0000375,0.6796875
12259,8,AFZ,175,15.167,a,S1 obj,47,co2a0000375,0.68359375
12260,8,AFZ,176,18.097,a,S1 obj,47,co2a0000375,0.6875
12261,8,AFZ,177,19.562,a,S1 obj,47,co2a0000375,0.69140625
12262,8,AFZ,178,18.585,a,S1 obj,47,co2a0000375,0.6953125
12263,8,AFZ,179,17.12,a,S1 obj,47,co2a0000375,0.69921875
12264,8,AFZ,180,15.656,a,S1 obj,47,co2a0000375,0.703125
12265,8,AFZ,181,17.12,a,S1 obj,47,co2a0000375,0.70703125
12266,8,AFZ,182,19.562,a,S1 obj,47,co2a0000375,0.7109375
12267,8,AFZ,183,21.515,a,S1 obj,47,co2a0000375,0.71484375
12268,8,AFZ,184,21.515,a,S1 obj,47,co2a0000375,0.71875
12269,8,AFZ,185,20.538,a,S1 obj,47,co2a0000375,0.72265625
12270,8,AFZ,186,20.05,a,S1 obj,47,co2a0000375,0.7265625
12271,8,AFZ,187,20.05,a,S1 obj,47,co2a0000375,0.73046875
12272,8,AFZ,188,22.003,a,S1 obj,47,co2a0000375,0.734375
12273,8,AFZ,189,25.421,a,S1 obj,47,co2a0000375,0.73828125
12274,8,AFZ,190,28.351,a,S1 obj,47,co2a0000375,0.7421875
12275,8,AFZ,191,30.792,a,S1 obj,47,co2a0000375,0.74609375
12276,8,AFZ,192,31.281,a,S1 obj,47,co2a0000375,0.75
12277,8,AFZ,193,30.304,a,S1 obj,47,co2a0000375,0.75390625
12278,8,AFZ,194,28.351,a,S1 obj,47,co2a0000375,0.7578125
12279,8,AFZ,195,26.886,a,S1 obj,47,co2a0000375,0.76171875
12280,8,AFZ,196,26.398,a,S1 obj,47,co2a0000375,0.765625
12281,8,AFZ,197,27.863,a,S1 obj,47,co2a0000375,0.76953125
12282,8,AFZ,198,29.327,a,S1 obj,47,co2a0000375,0.7734375
12283,8,AFZ,199,30.792,a,S1 obj,47,co2a0000375,0.77734375
12284,8,AFZ,200,31.769,a,S1 obj,47,co2a0000375,0.78125
12285,8,AFZ,201,32.257,a,S1 obj,47,co2a0000375,0.78515625
12286,8,AFZ,202,32.745,a,S1 obj,47,co2a0000375,0.7890625
12287,8,AFZ,203,34.21,a,S1 obj,47,co2a0000375,0.79296875
12288,8,AFZ,204,36.163,a,S1 obj,47,co2a0000375,0.796875
12289,8,AFZ,205,36.652,a,S1 obj,47,co2a0000375,0.80078125
12290,8,AFZ,206,36.163,a,S1 obj,47,co2a0000375,0.8046875
12291,8,AFZ,207,34.698,a,S1 obj,47,co2a0000375,0.80859375
12292,8,AFZ,208,33.722,a,S1 obj,47,co2a0000375,0.8125
12293,8,AFZ,209,34.21,a,S1 obj,47,co2a0000375,0.81640625
12294,8,AFZ,210,35.675,a,S1 obj,47,co2a0000375,0.8203125
12295,8,AFZ,211,37.628,a,S1 obj,47,co2a0000375,0.82421875
12296,8,AFZ,212,38.116,a,S1 obj,47,co2a0000375,0.828125
12297,8,AFZ,213,37.628,a,S1 obj,47,co2a0000375,0.83203125
12298,8,AFZ,214,36.652,a,S1 obj,47,co2a0000375,0.8359375
12299,8,AFZ,215,36.163,a,S1 obj,47,co2a0000375,0.83984375
12300,8,AFZ,216,34.698,a,S1 obj,47,co2a0000375,0.84375
12301,8,AFZ,217,32.257,a,S1 obj,47,co2a0000375,0.84765625
12302,8,AFZ,218,29.327,a,S1 obj,47,co2a0000375,0.8515625
12303,8,AFZ,219,26.398,a,S1 obj,47,co2a0000375,0.85546875
12304,8,AFZ,220,24.933,a,S1 obj,47,co2a0000375,0.859375
12305,8,AFZ,221,25.421,a,S1 obj,47,co2a0000375,0.86328125
12306,8,AFZ,222,27.374,a,S1 obj,47,co2a0000375,0.8671875
12307,8,AFZ,223,28.839,a,S1 obj,47,co2a0000375,0.87109375
12308,8,AFZ,224,28.839,a,S1 obj,47,co2a0000375,0.875
12309,8,AFZ,225,26.886,a,S1 obj,47,co2a0000375,0.87890625
12310,8,AFZ,226,23.956,a,S1 obj,47,co2a0000375,0.8828125
12311,8,AFZ,227,22.98,a,S1 obj,47,co2a0000375,0.88671875
12312,8,AFZ,228,24.445,a,S1 obj,47,co2a0000375,0.890625
12313,8,AFZ,229,27.863,a,S1 obj,47,co2a0000375,0.89453125
12314,8,AFZ,230,30.792,a,S1 obj,47,co2a0000375,0.8984375
12315,8,AFZ,231,31.769,a,S1 obj,47,co2a0000375,0.90234375
12316,8,AFZ,232,30.304,a,S1 obj,47,co2a0000375,0.90625
12317,8,AFZ,233,27.374,a,S1 obj,47,co2a0000375,0.91015625
12318,8,AFZ,234,25.909,a,S1 obj,47,co2a0000375,0.9140625
12319,8,AFZ,235,26.398,a,S1 obj,47,co2a0000375,0.91796875
12320,8,AFZ,236,30.304,a,S1 obj,47,co2a0000375,0.921875
12321,8,AFZ,237,34.21,a,S1 obj,47,co2a0000375,0.92578125
12322,8,AFZ,238,37.14,a,S1 obj,47,co2a0000375,0.9296875
12323,8,AFZ,239,36.163,a,S1 obj,47,co2a0000375,0.93359375
12324,8,AFZ,240,32.257,a,S1 obj,47,co2a0000375,0.9375
12325,8,AFZ,241,26.886,a,S1 obj,47,co2a0000375,0.94140625
12326,8,AFZ,242,22.003,a,S1 obj,47,co2a0000375,0.9453125
12327,8,AFZ,243,19.073,a,S1 obj,47,co2a0000375,0.94921875
12328,8,AFZ,244,18.585,a,S1 obj,47,co2a0000375,0.953125
12329,8,AFZ,245,20.538,a,S1 obj,47,co2a0000375,0.95703125
12330,8,AFZ,246,23.468,a,S1 obj,47,co2a0000375,0.9609375
12331,8,AFZ,247,27.374,a,S1 obj,47,co2a0000375,0.96484375
12332,8,AFZ,248,30.304,a,S1 obj,47,co2a0000375,0.96875
12333,8,AFZ,249,31.769,a,S1 obj,47,co2a0000375,0.97265625
12334,8,AFZ,250,30.792,a,S1 obj,47,co2a0000375,0.9765625
12335,8,AFZ,251,28.351,a,S1 obj,47,co2a0000375,0.98046875
12336,8,AFZ,252,25.421,a,S1 obj,47,co2a0000375,0.984375
12337,8,AFZ,253,22.491,a,S1 obj,47,co2a0000375,0.98828125
12338,8,AFZ,254,21.515,a,S1 obj,47,co2a0000375,0.9921875
12339,8,AFZ,255,21.515,a,S1 obj,47,co2a0000375,0.99609375
12341,8,CP3,0,1.353,a,S1 obj,48,co2a0000375,0.0
12342,8,CP3,1,1.353,a,S1 obj,48,co2a0000375,0.00390625
12343,8,CP3,2,1.841,a,S1 obj,48,co2a0000375,0.0078125
12344,8,CP3,3,3.794,a,S1 obj,48,co2a0000375,0.01171875
12345,8,CP3,4,5.259,a,S1 obj,48,co2a0000375,0.015625
12346,8,CP3,5,6.724,a,S1 obj,48,co2a0000375,0.01953125
12347,8,CP3,6,6.724,a,S1 obj,48,co2a0000375,0.0234375
12348,8,CP3,7,5.259,a,S1 obj,48,co2a0000375,0.02734375
12349,8,CP3,8,2.818,a,S1 obj,48,co2a0000375,0.03125
12350,8,CP3,9,0.376,a,S1 obj,48,co2a0000375,0.03515625
12351,8,CP3,10,-1.088,a,S1 obj,48,co2a0000375,0.0390625
12352,8,CP3,11,-0.6,a,S1 obj,48,co2a0000375,0.04296875
12353,8,CP3,12,1.353,a,S1 obj,48,co2a0000375,0.046875
12354,8,CP3,13,4.771,a,S1 obj,48,co2a0000375,0.05078125
12355,8,CP3,14,7.212,a,S1 obj,48,co2a0000375,0.0546875
12356,8,CP3,15,8.677,a,S1 obj,48,co2a0000375,0.05859375
12357,8,CP3,16,8.189,a,S1 obj,48,co2a0000375,0.0625
12358,8,CP3,17,6.236,a,S1 obj,48,co2a0000375,0.06640625
12359,8,CP3,18,4.771,a,S1 obj,48,co2a0000375,0.0703125
12360,8,CP3,19,3.794,a,S1 obj,48,co2a0000375,0.07421875
12361,8,CP3,20,4.283,a,S1 obj,48,co2a0000375,0.078125
12362,8,CP3,21,4.771,a,S1 obj,48,co2a0000375,0.08203125
12363,8,CP3,22,4.771,a,S1 obj,48,co2a0000375,0.0859375
12364,8,CP3,23,4.283,a,S1 obj,48,co2a0000375,0.08984375
12365,8,CP3,24,3.306,a,S1 obj,48,co2a0000375,0.09375
12366,8,CP3,25,2.33,a,S1 obj,48,co2a0000375,0.09765625
12367,8,CP3,26,1.841,a,S1 obj,48,co2a0000375,0.1015625
12368,8,CP3,27,1.353,a,S1 obj,48,co2a0000375,0.10546875
12369,8,CP3,28,2.33,a,S1 obj,48,co2a0000375,0.109375
12370,8,CP3,29,3.794,a,S1 obj,48,co2a0000375,0.11328125
12371,8,CP3,30,5.747,a,S1 obj,48,co2a0000375,0.1171875
12372,8,CP3,31,7.701,a,S1 obj,48,co2a0000375,0.12109375
12373,8,CP3,32,10.142,a,S1 obj,48,co2a0000375,0.125
12374,8,CP3,33,11.119,a,S1 obj,48,co2a0000375,0.12890625
12375,8,CP3,34,11.119,a,S1 obj,48,co2a0000375,0.1328125
12376,8,CP3,35,8.677,a,S1 obj,48,co2a0000375,0.13671875
12377,8,CP3,36,5.747,a,S1 obj,48,co2a0000375,0.140625
12378,8,CP3,37,2.818,a,S1 obj,48,co2a0000375,0.14453125
12379,8,CP3,38,2.818,a,S1 obj,48,co2a0000375,0.1484375
12380,8,CP3,39,3.794,a,S1 obj,48,co2a0000375,0.15234375
12381,8,CP3,40,5.747,a,S1 obj,48,co2a0000375,0.15625
12382,8,CP3,41,6.236,a,S1 obj,48,co2a0000375,0.16015625
12383,8,CP3,42,5.747,a,S1 obj,48,co2a0000375,0.1640625
12384,8,CP3,43,4.771,a,S1 obj,48,co2a0000375,0.16796875
12385,8,CP3,44,4.283,a,S1 obj,48,co2a0000375,0.171875
12386,8,CP3,45,4.771,a,S1 obj,48,co2a0000375,0.17578125
12387,8,CP3,46,5.747,a,S1 obj,48,co2a0000375,0.1796875
12388,8,CP3,47,6.236,a,S1 obj,48,co2a0000375,0.18359375
12389,8,CP3,48,6.236,a,S1 obj,48,co2a0000375,0.1875
12390,8,CP3,49,6.236,a,S1 obj,48,co2a0000375,0.19140625
12391,8,CP3,50,5.747,a,S1 obj,48,co2a0000375,0.1953125
12392,8,CP3,51,4.771,a,S1 obj,48,co2a0000375,0.19921875
12393,8,CP3,52,4.283,a,S1 obj,48,co2a0000375,0.203125
12394,8,CP3,53,2.33,a,S1 obj,48,co2a0000375,0.20703125
12395,8,CP3,54,0.865,a,S1 obj,48,co2a0000375,0.2109375
12396,8,CP3,55,-0.6,a,S1 obj,48,co2a0000375,0.21484375
12397,8,CP3,56,-0.6,a,S1 obj,48,co2a0000375,0.21875
12398,8,CP3,57,-0.112,a,S1 obj,48,co2a0000375,0.22265625
12399,8,CP3,58,0.376,a,S1 obj,48,co2a0000375,0.2265625
12400,8,CP3,59,1.841,a,S1 obj,48,co2a0000375,0.23046875
12401,8,CP3,60,2.818,a,S1 obj,48,co2a0000375,0.234375
12402,8,CP3,61,4.283,a,S1 obj,48,co2a0000375,0.23828125
12403,8,CP3,62,5.747,a,S1 obj,48,co2a0000375,0.2421875
12404,8,CP3,63,6.724,a,S1 obj,48,co2a0000375,0.24609375
12405,8,CP3,64,7.212,a,S1 obj,48,co2a0000375,0.25
12406,8,CP3,65,7.212,a,S1 obj,48,co2a0000375,0.25390625
12407,8,CP3,66,6.236,a,S1 obj,48,co2a0000375,0.2578125
12408,8,CP3,67,5.747,a,S1 obj,48,co2a0000375,0.26171875
12409,8,CP3,68,5.259,a,S1 obj,48,co2a0000375,0.265625
12410,8,CP3,69,5.259,a,S1 obj,48,co2a0000375,0.26953125
12411,8,CP3,70,5.747,a,S1 obj,48,co2a0000375,0.2734375
12412,8,CP3,71,6.236,a,S1 obj,48,co2a0000375,0.27734375
12413,8,CP3,72,6.236,a,S1 obj,48,co2a0000375,0.28125
12414,8,CP3,73,6.236,a,S1 obj,48,co2a0000375,0.28515625
12415,8,CP3,74,6.724,a,S1 obj,48,co2a0000375,0.2890625
12416,8,CP3,75,7.212,a,S1 obj,48,co2a0000375,0.29296875
12417,8,CP3,76,6.724,a,S1 obj,48,co2a0000375,0.296875
12418,8,CP3,77,5.259,a,S1 obj,48,co2a0000375,0.30078125
12419,8,CP3,78,3.794,a,S1 obj,48,co2a0000375,0.3046875
12420,8,CP3,79,2.818,a,S1 obj,48,co2a0000375,0.30859375
12421,8,CP3,80,4.771,a,S1 obj,48,co2a0000375,0.3125
12422,8,CP3,81,7.701,a,S1 obj,48,co2a0000375,0.31640625
12423,8,CP3,82,10.142,a,S1 obj,48,co2a0000375,0.3203125
12424,8,CP3,83,11.607,a,S1 obj,48,co2a0000375,0.32421875
12425,8,CP3,84,11.607,a,S1 obj,48,co2a0000375,0.328125
12426,8,CP3,85,11.607,a,S1 obj,48,co2a0000375,0.33203125
12427,8,CP3,86,11.607,a,S1 obj,48,co2a0000375,0.3359375
12428,8,CP3,87,12.583,a,S1 obj,48,co2a0000375,0.33984375
12429,8,CP3,88,14.048,a,S1 obj,48,co2a0000375,0.34375
12430,8,CP3,89,14.537,a,S1 obj,48,co2a0000375,0.34765625
12431,8,CP3,90,14.537,a,S1 obj,48,co2a0000375,0.3515625
12432,8,CP3,91,13.072,a,S1 obj,48,co2a0000375,0.35546875
12433,8,CP3,92,11.607,a,S1 obj,48,co2a0000375,0.359375
12434,8,CP3,93,9.654,a,S1 obj,48,co2a0000375,0.36328125
12435,8,CP3,94,8.189,a,S1 obj,48,co2a0000375,0.3671875
12436,8,CP3,95,7.701,a,S1 obj,48,co2a0000375,0.37109375
12437,8,CP3,96,7.212,a,S1 obj,48,co2a0000375,0.375
12438,8,CP3,97,6.236,a,S1 obj,48,co2a0000375,0.37890625
12439,8,CP3,98,5.259,a,S1 obj,48,co2a0000375,0.3828125
12440,8,CP3,99,4.771,a,S1 obj,48,co2a0000375,0.38671875
12441,8,CP3,100,4.771,a,S1 obj,48,co2a0000375,0.390625
12442,8,CP3,101,5.259,a,S1 obj,48,co2a0000375,0.39453125
12443,8,CP3,102,6.236,a,S1 obj,48,co2a0000375,0.3984375
12444,8,CP3,103,7.212,a,S1 obj,48,co2a0000375,0.40234375
12445,8,CP3,104,7.701,a,S1 obj,48,co2a0000375,0.40625
12446,8,CP3,105,8.189,a,S1 obj,48,co2a0000375,0.41015625
12447,8,CP3,106,8.189,a,S1 obj,48,co2a0000375,0.4140625
12448,8,CP3,107,7.701,a,S1 obj,48,co2a0000375,0.41796875
12449,8,CP3,108,6.236,a,S1 obj,48,co2a0000375,0.421875
12450,8,CP3,109,5.259,a,S1 obj,48,co2a0000375,0.42578125
12451,8,CP3,110,4.283,a,S1 obj,48,co2a0000375,0.4296875
12452,8,CP3,111,4.283,a,S1 obj,48,co2a0000375,0.43359375
12453,8,CP3,112,3.794,a,S1 obj,48,co2a0000375,0.4375
12454,8,CP3,113,2.818,a,S1 obj,48,co2a0000375,0.44140625
12455,8,CP3,114,2.33,a,S1 obj,48,co2a0000375,0.4453125
12456,8,CP3,115,1.841,a,S1 obj,48,co2a0000375,0.44921875
12457,8,CP3,116,1.353,a,S1 obj,48,co2a0000375,0.453125
12458,8,CP3,117,0.376,a,S1 obj,48,co2a0000375,0.45703125
12459,8,CP3,118,-1.577,a,S1 obj,48,co2a0000375,0.4609375
12460,8,CP3,119,-3.042,a,S1 obj,48,co2a0000375,0.46484375
12461,8,CP3,120,-4.018,a,S1 obj,48,co2a0000375,0.46875
12462,8,CP3,121,-4.506,a,S1 obj,48,co2a0000375,0.47265625
12463,8,CP3,122,-4.506,a,S1 obj,48,co2a0000375,0.4765625
12464,8,CP3,123,-4.995,a,S1 obj,48,co2a0000375,0.48046875
12465,8,CP3,124,-5.483,a,S1 obj,48,co2a0000375,0.484375
12466,8,CP3,125,-4.506,a,S1 obj,48,co2a0000375,0.48828125
12467,8,CP3,126,-1.088,a,S1 obj,48,co2a0000375,0.4921875
12468,8,CP3,127,3.306,a,S1 obj,48,co2a0000375,0.49609375
12469,8,CP3,128,6.236,a,S1 obj,48,co2a0000375,0.5
12470,8,CP3,129,5.747,a,S1 obj,48,co2a0000375,0.50390625
12471,8,CP3,130,1.841,a,S1 obj,48,co2a0000375,0.5078125
12472,8,CP3,131,-2.065,a,S1 obj,48,co2a0000375,0.51171875
12473,8,CP3,132,-4.018,a,S1 obj,48,co2a0000375,0.515625
12474,8,CP3,133,-3.042,a,S1 obj,48,co2a0000375,0.51953125
12475,8,CP3,134,-1.577,a,S1 obj,48,co2a0000375,0.5234375
12476,8,CP3,135,-1.088,a,S1 obj,48,co2a0000375,0.52734375
12477,8,CP3,136,-2.553,a,S1 obj,48,co2a0000375,0.53125
12478,8,CP3,137,-4.995,a,S1 obj,48,co2a0000375,0.53515625
12479,8,CP3,138,-6.46,a,S1 obj,48,co2a0000375,0.5390625
12480,8,CP3,139,-6.46,a,S1 obj,48,co2a0000375,0.54296875
12481,8,CP3,140,-5.971,a,S1 obj,48,co2a0000375,0.546875
12482,8,CP3,141,-4.995,a,S1 obj,48,co2a0000375,0.55078125
12483,8,CP3,142,-4.506,a,S1 obj,48,co2a0000375,0.5546875
12484,8,CP3,143,-4.018,a,S1 obj,48,co2a0000375,0.55859375
12485,8,CP3,144,-3.042,a,S1 obj,48,co2a0000375,0.5625
12486,8,CP3,145,-1.577,a,S1 obj,48,co2a0000375,0.56640625
12487,8,CP3,146,-0.112,a,S1 obj,48,co2a0000375,0.5703125
12488,8,CP3,147,0.865,a,S1 obj,48,co2a0000375,0.57421875
12489,8,CP3,148,1.353,a,S1 obj,48,co2a0000375,0.578125
12490,8,CP3,149,1.353,a,S1 obj,48,co2a0000375,0.58203125
12491,8,CP3,150,1.353,a,S1 obj,48,co2a0000375,0.5859375
12492,8,CP3,151,0.376,a,S1 obj,48,co2a0000375,0.58984375
12493,8,CP3,152,-0.6,a,S1 obj,48,co2a0000375,0.59375
12494,8,CP3,153,-1.088,a,S1 obj,48,co2a0000375,0.59765625
12495,8,CP3,154,-2.065,a,S1 obj,48,co2a0000375,0.6015625
12496,8,CP3,155,-2.553,a,S1 obj,48,co2a0000375,0.60546875
12497,8,CP3,156,-2.553,a,S1 obj,48,co2a0000375,0.609375
12498,8,CP3,157,-2.065,a,S1 obj,48,co2a0000375,0.61328125
12499,8,CP3,158,-1.577,a,S1 obj,48,co2a0000375,0.6171875
12500,8,CP3,159,-1.577,a,S1 obj,48,co2a0000375,0.62109375
12501,8,CP3,160,-2.065,a,S1 obj,48,co2a0000375,0.625
12502,8,CP3,161,-3.042,a,S1 obj,48,co2a0000375,0.62890625
12503,8,CP3,162,-2.553,a,S1 obj,48,co2a0000375,0.6328125
12504,8,CP3,163,-2.065,a,S1 obj,48,co2a0000375,0.63671875
12505,8,CP3,164,-1.088,a,S1 obj,48,co2a0000375,0.640625
12506,8,CP3,165,-1.088,a,S1 obj,48,co2a0000375,0.64453125
12507,8,CP3,166,-2.553,a,S1 obj,48,co2a0000375,0.6484375
12508,8,CP3,167,-4.506,a,S1 obj,48,co2a0000375,0.65234375
12509,8,CP3,168,-6.46,a,S1 obj,48,co2a0000375,0.65625
12510,8,CP3,169,-7.436,a,S1 obj,48,co2a0000375,0.66015625
12511,8,CP3,170,-6.46,a,S1 obj,48,co2a0000375,0.6640625
12512,8,CP3,171,-4.995,a,S1 obj,48,co2a0000375,0.66796875
12513,8,CP3,172,-3.53,a,S1 obj,48,co2a0000375,0.671875
12514,8,CP3,173,-3.53,a,S1 obj,48,co2a0000375,0.67578125
12515,8,CP3,174,-4.018,a,S1 obj,48,co2a0000375,0.6796875
12516,8,CP3,175,-4.506,a,S1 obj,48,co2a0000375,0.68359375
12517,8,CP3,176,-4.995,a,S1 obj,48,co2a0000375,0.6875
12518,8,CP3,177,-3.53,a,S1 obj,48,co2a0000375,0.69140625
12519,8,CP3,178,-1.088,a,S1 obj,48,co2a0000375,0.6953125
12520,8,CP3,179,0.376,a,S1 obj,48,co2a0000375,0.69921875
12521,8,CP3,180,-0.112,a,S1 obj,48,co2a0000375,0.703125
12522,8,CP3,181,-2.065,a,S1 obj,48,co2a0000375,0.70703125
12523,8,CP3,182,-4.506,a,S1 obj,48,co2a0000375,0.7109375
12524,8,CP3,183,-5.971,a,S1 obj,48,co2a0000375,0.71484375
12525,8,CP3,184,-5.971,a,S1 obj,48,co2a0000375,0.71875
12526,8,CP3,185,-5.483,a,S1 obj,48,co2a0000375,0.72265625
12527,8,CP3,186,-5.971,a,S1 obj,48,co2a0000375,0.7265625
12528,8,CP3,187,-6.46,a,S1 obj,48,co2a0000375,0.73046875
12529,8,CP3,188,-6.46,a,S1 obj,48,co2a0000375,0.734375
12530,8,CP3,189,-4.995,a,S1 obj,48,co2a0000375,0.73828125
12531,8,CP3,190,-3.042,a,S1 obj,48,co2a0000375,0.7421875
12532,8,CP3,191,-2.065,a,S1 obj,48,co2a0000375,0.74609375
12533,8,CP3,192,-3.042,a,S1 obj,48,co2a0000375,0.75
12534,8,CP3,193,-4.995,a,S1 obj,48,co2a0000375,0.75390625
12535,8,CP3,194,-6.46,a,S1 obj,48,co2a0000375,0.7578125
12536,8,CP3,195,-6.948,a,S1 obj,48,co2a0000375,0.76171875
12537,8,CP3,196,-5.483,a,S1 obj,48,co2a0000375,0.765625
12538,8,CP3,197,-2.553,a,S1 obj,48,co2a0000375,0.76953125
12539,8,CP3,198,-0.6,a,S1 obj,48,co2a0000375,0.7734375
12540,8,CP3,199,0.865,a,S1 obj,48,co2a0000375,0.77734375
12541,8,CP3,200,0.376,a,S1 obj,48,co2a0000375,0.78125
12542,8,CP3,201,-1.577,a,S1 obj,48,co2a0000375,0.78515625
12543,8,CP3,202,-4.018,a,S1 obj,48,co2a0000375,0.7890625
12544,8,CP3,203,-5.971,a,S1 obj,48,co2a0000375,0.79296875
12545,8,CP3,204,-5.483,a,S1 obj,48,co2a0000375,0.796875
12546,8,CP3,205,-3.53,a,S1 obj,48,co2a0000375,0.80078125
12547,8,CP3,206,-2.553,a,S1 obj,48,co2a0000375,0.8046875
12548,8,CP3,207,-3.042,a,S1 obj,48,co2a0000375,0.80859375
12549,8,CP3,208,-4.018,a,S1 obj,48,co2a0000375,0.8125
12550,8,CP3,209,-4.018,a,S1 obj,48,co2a0000375,0.81640625
12551,8,CP3,210,-2.065,a,S1 obj,48,co2a0000375,0.8203125
12552,8,CP3,211,0.376,a,S1 obj,48,co2a0000375,0.82421875
12553,8,CP3,212,1.841,a,S1 obj,48,co2a0000375,0.828125
12554,8,CP3,213,1.353,a,S1 obj,48,co2a0000375,0.83203125
12555,8,CP3,214,-1.577,a,S1 obj,48,co2a0000375,0.8359375
12556,8,CP3,215,-4.018,a,S1 obj,48,co2a0000375,0.83984375
12557,8,CP3,216,-4.995,a,S1 obj,48,co2a0000375,0.84375
12558,8,CP3,217,-4.018,a,S1 obj,48,co2a0000375,0.84765625
12559,8,CP3,218,-2.065,a,S1 obj,48,co2a0000375,0.8515625
12560,8,CP3,219,-0.6,a,S1 obj,48,co2a0000375,0.85546875
12561,8,CP3,220,-0.6,a,S1 obj,48,co2a0000375,0.859375
12562,8,CP3,221,-1.577,a,S1 obj,48,co2a0000375,0.86328125
12563,8,CP3,222,-2.553,a,S1 obj,48,co2a0000375,0.8671875
12564,8,CP3,223,-2.553,a,S1 obj,48,co2a0000375,0.87109375
12565,8,CP3,224,-1.577,a,S1 obj,48,co2a0000375,0.875
12566,8,CP3,225,-1.577,a,S1 obj,48,co2a0000375,0.87890625
12567,8,CP3,226,-2.553,a,S1 obj,48,co2a0000375,0.8828125
12568,8,CP3,227,-3.53,a,S1 obj,48,co2a0000375,0.88671875
12569,8,CP3,228,-4.018,a,S1 obj,48,co2a0000375,0.890625
12570,8,CP3,229,-4.018,a,S1 obj,48,co2a0000375,0.89453125
12571,8,CP3,230,-3.53,a,S1 obj,48,co2a0000375,0.8984375
12572,8,CP3,231,-3.042,a,S1 obj,48,co2a0000375,0.90234375
12573,8,CP3,232,-2.553,a,S1 obj,48,co2a0000375,0.90625
12574,8,CP3,233,-2.065,a,S1 obj,48,co2a0000375,0.91015625
12575,8,CP3,234,-2.065,a,S1 obj,48,co2a0000375,0.9140625
12576,8,CP3,235,-2.065,a,S1 obj,48,co2a0000375,0.91796875
12577,8,CP3,236,-2.065,a,S1 obj,48,co2a0000375,0.921875
12578,8,CP3,237,-2.553,a,S1 obj,48,co2a0000375,0.92578125
12579,8,CP3,238,-4.018,a,S1 obj,48,co2a0000375,0.9296875
12580,8,CP3,239,-5.483,a,S1 obj,48,co2a0000375,0.93359375
12581,8,CP3,240,-5.971,a,S1 obj,48,co2a0000375,0.9375
12582,8,CP3,241,-4.506,a,S1 obj,48,co2a0000375,0.94140625
12583,8,CP3,242,-1.577,a,S1 obj,48,co2a0000375,0.9453125
12584,8,CP3,243,0.865,a,S1 obj,48,co2a0000375,0.94921875
12585,8,CP3,244,1.353,a,S1 obj,48,co2a0000375,0.953125
12586,8,CP3,245,-0.112,a,S1 obj,48,co2a0000375,0.95703125
12587,8,CP3,246,-2.065,a,S1 obj,48,co2a0000375,0.9609375
12588,8,CP3,247,-2.553,a,S1 obj,48,co2a0000375,0.96484375
12589,8,CP3,248,-1.088,a,S1 obj,48,co2a0000375,0.96875
12590,8,CP3,249,0.865,a,S1 obj,48,co2a0000375,0.97265625
12591,8,CP3,250,2.33,a,S1 obj,48,co2a0000375,0.9765625
12592,8,CP3,251,2.818,a,S1 obj,48,co2a0000375,0.98046875
12593,8,CP3,252,2.33,a,S1 obj,48,co2a0000375,0.984375
12594,8,CP3,253,2.818,a,S1 obj,48,co2a0000375,0.98828125
12595,8,CP3,254,3.794,a,S1 obj,48,co2a0000375,0.9921875
12596,8,CP3,255,4.771,a,S1 obj,48,co2a0000375,0.99609375
12598,8,CP4,0,-0.793,a,S1 obj,49,co2a0000375,0.0
12599,8,CP4,1,-2.747,a,S1 obj,49,co2a0000375,0.00390625
12600,8,CP4,2,-3.723,a,S1 obj,49,co2a0000375,0.0078125
12601,8,CP4,3,-4.211,a,S1 obj,49,co2a0000375,0.01171875
12602,8,CP4,4,-3.235,a,S1 obj,49,co2a0000375,0.015625
12603,8,CP4,5,-1.282,a,S1 obj,49,co2a0000375,0.01953125
12604,8,CP4,6,0.183,a,S1 obj,49,co2a0000375,0.0234375
12605,8,CP4,7,1.16,a,S1 obj,49,co2a0000375,0.02734375
12606,8,CP4,8,1.648,a,S1 obj,49,co2a0000375,0.03125
12607,8,CP4,9,0.671,a,S1 obj,49,co2a0000375,0.03515625
12608,8,CP4,10,-1.77,a,S1 obj,49,co2a0000375,0.0390625
12609,8,CP4,11,-4.7,a,S1 obj,49,co2a0000375,0.04296875
12610,8,CP4,12,-6.653,a,S1 obj,49,co2a0000375,0.046875
12611,8,CP4,13,-6.165,a,S1 obj,49,co2a0000375,0.05078125
12612,8,CP4,14,-4.211,a,S1 obj,49,co2a0000375,0.0546875
12613,8,CP4,15,-1.282,a,S1 obj,49,co2a0000375,0.05859375
12614,8,CP4,16,0.183,a,S1 obj,49,co2a0000375,0.0625
12615,8,CP4,17,0.671,a,S1 obj,49,co2a0000375,0.06640625
12616,8,CP4,18,0.671,a,S1 obj,49,co2a0000375,0.0703125
12617,8,CP4,19,0.671,a,S1 obj,49,co2a0000375,0.07421875
12618,8,CP4,20,2.136,a,S1 obj,49,co2a0000375,0.078125
12619,8,CP4,21,3.601,a,S1 obj,49,co2a0000375,0.08203125
12620,8,CP4,22,4.089,a,S1 obj,49,co2a0000375,0.0859375
12621,8,CP4,23,3.601,a,S1 obj,49,co2a0000375,0.08984375
12622,8,CP4,24,2.625,a,S1 obj,49,co2a0000375,0.09375
12623,8,CP4,25,2.136,a,S1 obj,49,co2a0000375,0.09765625
12624,8,CP4,26,2.136,a,S1 obj,49,co2a0000375,0.1015625
12625,8,CP4,27,2.136,a,S1 obj,49,co2a0000375,0.10546875
12626,8,CP4,28,2.625,a,S1 obj,49,co2a0000375,0.109375
12627,8,CP4,29,3.113,a,S1 obj,49,co2a0000375,0.11328125
12628,8,CP4,30,3.113,a,S1 obj,49,co2a0000375,0.1171875
12629,8,CP4,31,2.136,a,S1 obj,49,co2a0000375,0.12109375
12630,8,CP4,32,1.16,a,S1 obj,49,co2a0000375,0.125
12631,8,CP4,33,0.183,a,S1 obj,49,co2a0000375,0.12890625
12632,8,CP4,34,-0.793,a,S1 obj,49,co2a0000375,0.1328125
12633,8,CP4,35,-0.793,a,S1 obj,49,co2a0000375,0.13671875
12634,8,CP4,36,0.671,a,S1 obj,49,co2a0000375,0.140625
12635,8,CP4,37,1.16,a,S1 obj,49,co2a0000375,0.14453125
12636,8,CP4,38,1.16,a,S1 obj,49,co2a0000375,0.1484375
12637,8,CP4,39,1.16,a,S1 obj,49,co2a0000375,0.15234375
12638,8,CP4,40,0.183,a,S1 obj,49,co2a0000375,0.15625
12639,8,CP4,41,-1.77,a,S1 obj,49,co2a0000375,0.16015625
12640,8,CP4,42,-3.723,a,S1 obj,49,co2a0000375,0.1640625
12641,8,CP4,43,-5.676,a,S1 obj,49,co2a0000375,0.16796875
12642,8,CP4,44,-7.629,a,S1 obj,49,co2a0000375,0.171875
12643,8,CP4,45,-8.118,a,S1 obj,49,co2a0000375,0.17578125
12644,8,CP4,46,-6.653,a,S1 obj,49,co2a0000375,0.1796875
12645,8,CP4,47,-3.723,a,S1 obj,49,co2a0000375,0.18359375
12646,8,CP4,48,-0.793,a,S1 obj,49,co2a0000375,0.1875
12647,8,CP4,49,1.16,a,S1 obj,49,co2a0000375,0.19140625
12648,8,CP4,50,1.16,a,S1 obj,49,co2a0000375,0.1953125
12649,8,CP4,51,0.183,a,S1 obj,49,co2a0000375,0.19921875
12650,8,CP4,52,-0.793,a,S1 obj,49,co2a0000375,0.203125
12651,8,CP4,53,-1.77,a,S1 obj,49,co2a0000375,0.20703125
12652,8,CP4,54,-1.77,a,S1 obj,49,co2a0000375,0.2109375
12653,8,CP4,55,-1.282,a,S1 obj,49,co2a0000375,0.21484375
12654,8,CP4,56,0.183,a,S1 obj,49,co2a0000375,0.21875
12655,8,CP4,57,2.136,a,S1 obj,49,co2a0000375,0.22265625
12656,8,CP4,58,3.601,a,S1 obj,49,co2a0000375,0.2265625
12657,8,CP4,59,4.089,a,S1 obj,49,co2a0000375,0.23046875
12658,8,CP4,60,2.625,a,S1 obj,49,co2a0000375,0.234375
12659,8,CP4,61,1.648,a,S1 obj,49,co2a0000375,0.23828125
12660,8,CP4,62,1.16,a,S1 obj,49,co2a0000375,0.2421875
12661,8,CP4,63,2.625,a,S1 obj,49,co2a0000375,0.24609375
12662,8,CP4,64,4.578,a,S1 obj,49,co2a0000375,0.25
12663,8,CP4,65,7.507,a,S1 obj,49,co2a0000375,0.25390625
12664,8,CP4,66,9.46,a,S1 obj,49,co2a0000375,0.2578125
12665,8,CP4,67,9.949,a,S1 obj,49,co2a0000375,0.26171875
12666,8,CP4,68,9.949,a,S1 obj,49,co2a0000375,0.265625
12667,8,CP4,69,9.46,a,S1 obj,49,co2a0000375,0.26953125
12668,8,CP4,70,8.972,a,S1 obj,49,co2a0000375,0.2734375
12669,8,CP4,71,7.996,a,S1 obj,49,co2a0000375,0.27734375
12670,8,CP4,72,6.531,a,S1 obj,49,co2a0000375,0.28125
12671,8,CP4,73,5.554,a,S1 obj,49,co2a0000375,0.28515625
12672,8,CP4,74,4.089,a,S1 obj,49,co2a0000375,0.2890625
12673,8,CP4,75,3.113,a,S1 obj,49,co2a0000375,0.29296875
12674,8,CP4,76,2.136,a,S1 obj,49,co2a0000375,0.296875
12675,8,CP4,77,1.16,a,S1 obj,49,co2a0000375,0.30078125
12676,8,CP4,78,1.16,a,S1 obj,49,co2a0000375,0.3046875
12677,8,CP4,79,1.648,a,S1 obj,49,co2a0000375,0.30859375
12678,8,CP4,80,2.625,a,S1 obj,49,co2a0000375,0.3125
12679,8,CP4,81,3.601,a,S1 obj,49,co2a0000375,0.31640625
12680,8,CP4,82,3.601,a,S1 obj,49,co2a0000375,0.3203125
12681,8,CP4,83,3.113,a,S1 obj,49,co2a0000375,0.32421875
12682,8,CP4,84,3.113,a,S1 obj,49,co2a0000375,0.328125
12683,8,CP4,85,4.578,a,S1 obj,49,co2a0000375,0.33203125
12684,8,CP4,86,7.019,a,S1 obj,49,co2a0000375,0.3359375
12685,8,CP4,87,9.46,a,S1 obj,49,co2a0000375,0.33984375
12686,8,CP4,88,10.925,a,S1 obj,49,co2a0000375,0.34375
12687,8,CP4,89,9.949,a,S1 obj,49,co2a0000375,0.34765625
12688,8,CP4,90,7.019,a,S1 obj,49,co2a0000375,0.3515625
12689,8,CP4,91,4.089,a,S1 obj,49,co2a0000375,0.35546875
12690,8,CP4,92,2.136,a,S1 obj,49,co2a0000375,0.359375
12691,8,CP4,93,0.671,a,S1 obj,49,co2a0000375,0.36328125
12692,8,CP4,94,-0.793,a,S1 obj,49,co2a0000375,0.3671875
12693,8,CP4,95,-1.282,a,S1 obj,49,co2a0000375,0.37109375
12694,8,CP4,96,-0.793,a,S1 obj,49,co2a0000375,0.375
12695,8,CP4,97,0.183,a,S1 obj,49,co2a0000375,0.37890625
12696,8,CP4,98,2.136,a,S1 obj,49,co2a0000375,0.3828125
12697,8,CP4,99,2.625,a,S1 obj,49,co2a0000375,0.38671875
12698,8,CP4,100,2.136,a,S1 obj,49,co2a0000375,0.390625
12699,8,CP4,101,0.183,a,S1 obj,49,co2a0000375,0.39453125
12700,8,CP4,102,-1.77,a,S1 obj,49,co2a0000375,0.3984375
12701,8,CP4,103,-1.77,a,S1 obj,49,co2a0000375,0.40234375
12702,8,CP4,104,0.183,a,S1 obj,49,co2a0000375,0.40625
12703,8,CP4,105,3.113,a,S1 obj,49,co2a0000375,0.41015625
12704,8,CP4,106,6.042,a,S1 obj,49,co2a0000375,0.4140625
12705,8,CP4,107,6.531,a,S1 obj,49,co2a0000375,0.41796875
12706,8,CP4,108,5.554,a,S1 obj,49,co2a0000375,0.421875
12707,8,CP4,109,4.578,a,S1 obj,49,co2a0000375,0.42578125
12708,8,CP4,110,3.113,a,S1 obj,49,co2a0000375,0.4296875
12709,8,CP4,111,2.136,a,S1 obj,49,co2a0000375,0.43359375
12710,8,CP4,112,1.16,a,S1 obj,49,co2a0000375,0.4375
12711,8,CP4,113,0.671,a,S1 obj,49,co2a0000375,0.44140625
12712,8,CP4,114,0.183,a,S1 obj,49,co2a0000375,0.4453125
12713,8,CP4,115,-0.793,a,S1 obj,49,co2a0000375,0.44921875
12714,8,CP4,116,-1.282,a,S1 obj,49,co2a0000375,0.453125
12715,8,CP4,117,-3.235,a,S1 obj,49,co2a0000375,0.45703125
12716,8,CP4,118,-5.188,a,S1 obj,49,co2a0000375,0.4609375
12717,8,CP4,119,-7.629,a,S1 obj,49,co2a0000375,0.46484375
12718,8,CP4,120,-9.094,a,S1 obj,49,co2a0000375,0.46875
12719,8,CP4,121,-8.606,a,S1 obj,49,co2a0000375,0.47265625
12720,8,CP4,122,-7.141,a,S1 obj,49,co2a0000375,0.4765625
12721,8,CP4,123,-4.7,a,S1 obj,49,co2a0000375,0.48046875
12722,8,CP4,124,-2.747,a,S1 obj,49,co2a0000375,0.484375
12723,8,CP4,125,-1.77,a,S1 obj,49,co2a0000375,0.48828125
12724,8,CP4,126,-1.77,a,S1 obj,49,co2a0000375,0.4921875
12725,8,CP4,127,-2.747,a,S1 obj,49,co2a0000375,0.49609375
12726,8,CP4,128,-3.723,a,S1 obj,49,co2a0000375,0.5
12727,8,CP4,129,-4.211,a,S1 obj,49,co2a0000375,0.50390625
12728,8,CP4,130,-4.211,a,S1 obj,49,co2a0000375,0.5078125
12729,8,CP4,131,-3.723,a,S1 obj,49,co2a0000375,0.51171875
12730,8,CP4,132,-3.235,a,S1 obj,49,co2a0000375,0.515625
12731,8,CP4,133,-2.747,a,S1 obj,49,co2a0000375,0.51953125
12732,8,CP4,134,-2.747,a,S1 obj,49,co2a0000375,0.5234375
12733,8,CP4,135,-3.235,a,S1 obj,49,co2a0000375,0.52734375
12734,8,CP4,136,-4.211,a,S1 obj,49,co2a0000375,0.53125
12735,8,CP4,137,-5.188,a,S1 obj,49,co2a0000375,0.53515625
12736,8,CP4,138,-5.676,a,S1 obj,49,co2a0000375,0.5390625
12737,8,CP4,139,-5.188,a,S1 obj,49,co2a0000375,0.54296875
12738,8,CP4,140,-4.211,a,S1 obj,49,co2a0000375,0.546875
12739,8,CP4,141,-3.235,a,S1 obj,49,co2a0000375,0.55078125
12740,8,CP4,142,-2.747,a,S1 obj,49,co2a0000375,0.5546875
12741,8,CP4,143,-2.747,a,S1 obj,49,co2a0000375,0.55859375
12742,8,CP4,144,-3.235,a,S1 obj,49,co2a0000375,0.5625
12743,8,CP4,145,-2.747,a,S1 obj,49,co2a0000375,0.56640625
12744,8,CP4,146,-2.258,a,S1 obj,49,co2a0000375,0.5703125
12745,8,CP4,147,-1.77,a,S1 obj,49,co2a0000375,0.57421875
12746,8,CP4,148,-0.793,a,S1 obj,49,co2a0000375,0.578125
12747,8,CP4,149,-0.793,a,S1 obj,49,co2a0000375,0.58203125
12748,8,CP4,150,-0.793,a,S1 obj,49,co2a0000375,0.5859375
12749,8,CP4,151,-1.282,a,S1 obj,49,co2a0000375,0.58984375
12750,8,CP4,152,-1.282,a,S1 obj,49,co2a0000375,0.59375
12751,8,CP4,153,-1.282,a,S1 obj,49,co2a0000375,0.59765625
12752,8,CP4,154,-0.793,a,S1 obj,49,co2a0000375,0.6015625
12753,8,CP4,155,-0.793,a,S1 obj,49,co2a0000375,0.60546875
12754,8,CP4,156,-0.793,a,S1 obj,49,co2a0000375,0.609375
12755,8,CP4,157,-1.282,a,S1 obj,49,co2a0000375,0.61328125
12756,8,CP4,158,-1.77,a,S1 obj,49,co2a0000375,0.6171875
12757,8,CP4,159,-2.258,a,S1 obj,49,co2a0000375,0.62109375
12758,8,CP4,160,-2.747,a,S1 obj,49,co2a0000375,0.625
12759,8,CP4,161,-2.747,a,S1 obj,49,co2a0000375,0.62890625
12760,8,CP4,162,-2.258,a,S1 obj,49,co2a0000375,0.6328125
12761,8,CP4,163,-2.258,a,S1 obj,49,co2a0000375,0.63671875
12762,8,CP4,164,-3.235,a,S1 obj,49,co2a0000375,0.640625
12763,8,CP4,165,-4.7,a,S1 obj,49,co2a0000375,0.64453125
12764,8,CP4,166,-6.653,a,S1 obj,49,co2a0000375,0.6484375
12765,8,CP4,167,-7.141,a,S1 obj,49,co2a0000375,0.65234375
12766,8,CP4,168,-6.165,a,S1 obj,49,co2a0000375,0.65625
12767,8,CP4,169,-3.723,a,S1 obj,49,co2a0000375,0.66015625
12768,8,CP4,170,-2.258,a,S1 obj,49,co2a0000375,0.6640625
12769,8,CP4,171,-2.258,a,S1 obj,49,co2a0000375,0.66796875
12770,8,CP4,172,-4.211,a,S1 obj,49,co2a0000375,0.671875
12771,8,CP4,173,-6.165,a,S1 obj,49,co2a0000375,0.67578125
12772,8,CP4,174,-7.141,a,S1 obj,49,co2a0000375,0.6796875
12773,8,CP4,175,-6.653,a,S1 obj,49,co2a0000375,0.68359375
12774,8,CP4,176,-5.188,a,S1 obj,49,co2a0000375,0.6875
12775,8,CP4,177,-3.723,a,S1 obj,49,co2a0000375,0.69140625
12776,8,CP4,178,-3.723,a,S1 obj,49,co2a0000375,0.6953125
12777,8,CP4,179,-4.7,a,S1 obj,49,co2a0000375,0.69921875
12778,8,CP4,180,-5.676,a,S1 obj,49,co2a0000375,0.703125
12779,8,CP4,181,-6.165,a,S1 obj,49,co2a0000375,0.70703125
12780,8,CP4,182,-5.676,a,S1 obj,49,co2a0000375,0.7109375
12781,8,CP4,183,-5.188,a,S1 obj,49,co2a0000375,0.71484375
12782,8,CP4,184,-5.188,a,S1 obj,49,co2a0000375,0.71875
12783,8,CP4,185,-5.188,a,S1 obj,49,co2a0000375,0.72265625
12784,8,CP4,186,-5.188,a,S1 obj,49,co2a0000375,0.7265625
12785,8,CP4,187,-5.188,a,S1 obj,49,co2a0000375,0.73046875
12786,8,CP4,188,-4.7,a,S1 obj,49,co2a0000375,0.734375
12787,8,CP4,189,-4.211,a,S1 obj,49,co2a0000375,0.73828125
12788,8,CP4,190,-3.235,a,S1 obj,49,co2a0000375,0.7421875
12789,8,CP4,191,-2.258,a,S1 obj,49,co2a0000375,0.74609375
12790,8,CP4,192,-1.282,a,S1 obj,49,co2a0000375,0.75
12791,8,CP4,193,-0.793,a,S1 obj,49,co2a0000375,0.75390625
12792,8,CP4,194,-1.77,a,S1 obj,49,co2a0000375,0.7578125
12793,8,CP4,195,-3.723,a,S1 obj,49,co2a0000375,0.76171875
12794,8,CP4,196,-5.676,a,S1 obj,49,co2a0000375,0.765625
12795,8,CP4,197,-7.141,a,S1 obj,49,co2a0000375,0.76953125
12796,8,CP4,198,-7.141,a,S1 obj,49,co2a0000375,0.7734375
12797,8,CP4,199,-6.653,a,S1 obj,49,co2a0000375,0.77734375
12798,8,CP4,200,-5.188,a,S1 obj,49,co2a0000375,0.78125
12799,8,CP4,201,-4.211,a,S1 obj,49,co2a0000375,0.78515625
12800,8,CP4,202,-3.235,a,S1 obj,49,co2a0000375,0.7890625
12801,8,CP4,203,-2.258,a,S1 obj,49,co2a0000375,0.79296875
12802,8,CP4,204,-1.77,a,S1 obj,49,co2a0000375,0.796875
12803,8,CP4,205,-1.282,a,S1 obj,49,co2a0000375,0.80078125
12804,8,CP4,206,-2.747,a,S1 obj,49,co2a0000375,0.8046875
12805,8,CP4,207,-4.211,a,S1 obj,49,co2a0000375,0.80859375
12806,8,CP4,208,-6.165,a,S1 obj,49,co2a0000375,0.8125
12807,8,CP4,209,-6.653,a,S1 obj,49,co2a0000375,0.81640625
12808,8,CP4,210,-6.653,a,S1 obj,49,co2a0000375,0.8203125
12809,8,CP4,211,-5.676,a,S1 obj,49,co2a0000375,0.82421875
12810,8,CP4,212,-4.7,a,S1 obj,49,co2a0000375,0.828125
12811,8,CP4,213,-3.235,a,S1 obj,49,co2a0000375,0.83203125
12812,8,CP4,214,-1.77,a,S1 obj,49,co2a0000375,0.8359375
12813,8,CP4,215,-0.305,a,S1 obj,49,co2a0000375,0.83984375
12814,8,CP4,216,1.648,a,S1 obj,49,co2a0000375,0.84375
12815,8,CP4,217,2.625,a,S1 obj,49,co2a0000375,0.84765625
12816,8,CP4,218,2.625,a,S1 obj,49,co2a0000375,0.8515625
12817,8,CP4,219,1.16,a,S1 obj,49,co2a0000375,0.85546875
12818,8,CP4,220,-0.793,a,S1 obj,49,co2a0000375,0.859375
12819,8,CP4,221,-2.258,a,S1 obj,49,co2a0000375,0.86328125
12820,8,CP4,222,-2.258,a,S1 obj,49,co2a0000375,0.8671875
12821,8,CP4,223,-0.793,a,S1 obj,49,co2a0000375,0.87109375
12822,8,CP4,224,0.671,a,S1 obj,49,co2a0000375,0.875
12823,8,CP4,225,1.16,a,S1 obj,49,co2a0000375,0.87890625
12824,8,CP4,226,-0.793,a,S1 obj,49,co2a0000375,0.8828125
12825,8,CP4,227,-3.235,a,S1 obj,49,co2a0000375,0.88671875
12826,8,CP4,228,-5.188,a,S1 obj,49,co2a0000375,0.890625
12827,8,CP4,229,-4.211,a,S1 obj,49,co2a0000375,0.89453125
12828,8,CP4,230,-1.282,a,S1 obj,49,co2a0000375,0.8984375
12829,8,CP4,231,2.136,a,S1 obj,49,co2a0000375,0.90234375
12830,8,CP4,232,4.089,a,S1 obj,49,co2a0000375,0.90625
12831,8,CP4,233,3.113,a,S1 obj,49,co2a0000375,0.91015625
12832,8,CP4,234,1.16,a,S1 obj,49,co2a0000375,0.9140625
12833,8,CP4,235,-1.77,a,S1 obj,49,co2a0000375,0.91796875
12834,8,CP4,236,-4.211,a,S1 obj,49,co2a0000375,0.921875
12835,8,CP4,237,-5.188,a,S1 obj,49,co2a0000375,0.92578125
12836,8,CP4,238,-5.188,a,S1 obj,49,co2a0000375,0.9296875
12837,8,CP4,239,-3.723,a,S1 obj,49,co2a0000375,0.93359375
12838,8,CP4,240,-1.77,a,S1 obj,49,co2a0000375,0.9375
12839,8,CP4,241,0.671,a,S1 obj,49,co2a0000375,0.94140625
12840,8,CP4,242,2.625,a,S1 obj,49,co2a0000375,0.9453125
12841,8,CP4,243,3.113,a,S1 obj,49,co2a0000375,0.94921875
12842,8,CP4,244,1.648,a,S1 obj,49,co2a0000375,0.953125
12843,8,CP4,245,-0.793,a,S1 obj,49,co2a0000375,0.95703125
12844,8,CP4,246,-4.7,a,S1 obj,49,co2a0000375,0.9609375
12845,8,CP4,247,-8.118,a,S1 obj,49,co2a0000375,0.96484375
12846,8,CP4,248,-9.583,a,S1 obj,49,co2a0000375,0.96875
12847,8,CP4,249,-9.094,a,S1 obj,49,co2a0000375,0.97265625
12848,8,CP4,250,-5.188,a,S1 obj,49,co2a0000375,0.9765625
12849,8,CP4,251,-0.793,a,S1 obj,49,co2a0000375,0.98046875
12850,8,CP4,252,3.113,a,S1 obj,49,co2a0000375,0.984375
12851,8,CP4,253,5.066,a,S1 obj,49,co2a0000375,0.98828125
12852,8,CP4,254,5.554,a,S1 obj,49,co2a0000375,0.9921875
12853,8,CP4,255,5.066,a,S1 obj,49,co2a0000375,0.99609375
12855,8,P5,0,2.858,a,S1 obj,50,co2a0000375,0.0
12856,8,P5,1,2.858,a,S1 obj,50,co2a0000375,0.00390625
12857,8,P5,2,2.858,a,S1 obj,50,co2a0000375,0.0078125
12858,8,P5,3,3.347,a,S1 obj,50,co2a0000375,0.01171875
12859,8,P5,4,4.812,a,S1 obj,50,co2a0000375,0.015625
12860,8,P5,5,6.765,a,S1 obj,50,co2a0000375,0.01953125
12861,8,P5,6,8.718,a,S1 obj,50,co2a0000375,0.0234375
12862,8,P5,7,8.718,a,S1 obj,50,co2a0000375,0.02734375
12863,8,P5,8,5.788,a,S1 obj,50,co2a0000375,0.03125
12864,8,P5,9,0.905,a,S1 obj,50,co2a0000375,0.03515625
12865,8,P5,10,-3.489,a,S1 obj,50,co2a0000375,0.0390625
12866,8,P5,11,-5.931,a,S1 obj,50,co2a0000375,0.04296875
12867,8,P5,12,-4.466,a,S1 obj,50,co2a0000375,0.046875
12868,8,P5,13,-0.071,a,S1 obj,50,co2a0000375,0.05078125
12869,8,P5,14,5.788,a,S1 obj,50,co2a0000375,0.0546875
12870,8,P5,15,9.206,a,S1 obj,50,co2a0000375,0.05859375
12871,8,P5,16,9.206,a,S1 obj,50,co2a0000375,0.0625
12872,8,P5,17,7.253,a,S1 obj,50,co2a0000375,0.06640625
12873,8,P5,18,4.812,a,S1 obj,50,co2a0000375,0.0703125
12874,8,P5,19,4.323,a,S1 obj,50,co2a0000375,0.07421875
12875,8,P5,20,5.3,a,S1 obj,50,co2a0000375,0.078125
12876,8,P5,21,7.253,a,S1 obj,50,co2a0000375,0.08203125
12877,8,P5,22,8.718,a,S1 obj,50,co2a0000375,0.0859375
12878,8,P5,23,8.718,a,S1 obj,50,co2a0000375,0.08984375
12879,8,P5,24,7.253,a,S1 obj,50,co2a0000375,0.09375
12880,8,P5,25,6.276,a,S1 obj,50,co2a0000375,0.09765625
12881,8,P5,26,5.788,a,S1 obj,50,co2a0000375,0.1015625
12882,8,P5,27,4.812,a,S1 obj,50,co2a0000375,0.10546875
12883,8,P5,28,3.835,a,S1 obj,50,co2a0000375,0.109375
12884,8,P5,29,3.347,a,S1 obj,50,co2a0000375,0.11328125
12885,8,P5,30,3.835,a,S1 obj,50,co2a0000375,0.1171875
12886,8,P5,31,5.788,a,S1 obj,50,co2a0000375,0.12109375
12887,8,P5,32,7.741,a,S1 obj,50,co2a0000375,0.125
12888,8,P5,33,8.718,a,S1 obj,50,co2a0000375,0.12890625
12889,8,P5,34,8.718,a,S1 obj,50,co2a0000375,0.1328125
12890,8,P5,35,6.765,a,S1 obj,50,co2a0000375,0.13671875
12891,8,P5,36,4.323,a,S1 obj,50,co2a0000375,0.140625
12892,8,P5,37,2.37,a,S1 obj,50,co2a0000375,0.14453125
12893,8,P5,38,1.882,a,S1 obj,50,co2a0000375,0.1484375
12894,8,P5,39,2.858,a,S1 obj,50,co2a0000375,0.15234375
12895,8,P5,40,4.812,a,S1 obj,50,co2a0000375,0.15625
12896,8,P5,41,5.788,a,S1 obj,50,co2a0000375,0.16015625
12897,8,P5,42,6.276,a,S1 obj,50,co2a0000375,0.1640625
12898,8,P5,43,5.788,a,S1 obj,50,co2a0000375,0.16796875
12899,8,P5,44,5.3,a,S1 obj,50,co2a0000375,0.171875
12900,8,P5,45,4.812,a,S1 obj,50,co2a0000375,0.17578125
12901,8,P5,46,4.812,a,S1 obj,50,co2a0000375,0.1796875
12902,8,P5,47,3.835,a,S1 obj,50,co2a0000375,0.18359375
12903,8,P5,48,2.858,a,S1 obj,50,co2a0000375,0.1875
12904,8,P5,49,1.882,a,S1 obj,50,co2a0000375,0.19140625
12905,8,P5,50,1.882,a,S1 obj,50,co2a0000375,0.1953125
12906,8,P5,51,1.882,a,S1 obj,50,co2a0000375,0.19921875
12907,8,P5,52,1.394,a,S1 obj,50,co2a0000375,0.203125
12908,8,P5,53,-0.559,a,S1 obj,50,co2a0000375,0.20703125
12909,8,P5,54,-3.001,a,S1 obj,50,co2a0000375,0.2109375
12910,8,P5,55,-4.954,a,S1 obj,50,co2a0000375,0.21484375
12911,8,P5,56,-4.954,a,S1 obj,50,co2a0000375,0.21875
12912,8,P5,57,-3.001,a,S1 obj,50,co2a0000375,0.22265625
12913,8,P5,58,-0.071,a,S1 obj,50,co2a0000375,0.2265625
12914,8,P5,59,2.37,a,S1 obj,50,co2a0000375,0.23046875
12915,8,P5,60,3.347,a,S1 obj,50,co2a0000375,0.234375
12916,8,P5,61,3.835,a,S1 obj,50,co2a0000375,0.23828125
12917,8,P5,62,5.3,a,S1 obj,50,co2a0000375,0.2421875
12918,8,P5,63,7.253,a,S1 obj,50,co2a0000375,0.24609375
12919,8,P5,64,8.718,a,S1 obj,50,co2a0000375,0.25
12920,8,P5,65,8.23,a,S1 obj,50,co2a0000375,0.25390625
12921,8,P5,66,7.253,a,S1 obj,50,co2a0000375,0.2578125
12922,8,P5,67,5.788,a,S1 obj,50,co2a0000375,0.26171875
12923,8,P5,68,5.788,a,S1 obj,50,co2a0000375,0.265625
12924,8,P5,69,6.276,a,S1 obj,50,co2a0000375,0.26953125
12925,8,P5,70,6.765,a,S1 obj,50,co2a0000375,0.2734375
12926,8,P5,71,6.765,a,S1 obj,50,co2a0000375,0.27734375
12927,8,P5,72,5.788,a,S1 obj,50,co2a0000375,0.28125
12928,8,P5,73,5.3,a,S1 obj,50,co2a0000375,0.28515625
12929,8,P5,74,5.3,a,S1 obj,50,co2a0000375,0.2890625
12930,8,P5,75,5.788,a,S1 obj,50,co2a0000375,0.29296875
12931,8,P5,76,5.788,a,S1 obj,50,co2a0000375,0.296875
12932,8,P5,77,4.812,a,S1 obj,50,co2a0000375,0.30078125
12933,8,P5,78,3.835,a,S1 obj,50,co2a0000375,0.3046875
12934,8,P5,79,3.835,a,S1 obj,50,co2a0000375,0.30859375
12935,8,P5,80,5.3,a,S1 obj,50,co2a0000375,0.3125
12936,8,P5,81,7.741,a,S1 obj,50,co2a0000375,0.31640625
12937,8,P5,82,9.694,a,S1 obj,50,co2a0000375,0.3203125
12938,8,P5,83,11.159,a,S1 obj,50,co2a0000375,0.32421875
12939,8,P5,84,11.648,a,S1 obj,50,co2a0000375,0.328125
12940,8,P5,85,12.624,a,S1 obj,50,co2a0000375,0.33203125
12941,8,P5,86,13.601,a,S1 obj,50,co2a0000375,0.3359375
12942,8,P5,87,15.066,a,S1 obj,50,co2a0000375,0.33984375
12943,8,P5,88,16.042,a,S1 obj,50,co2a0000375,0.34375
12944,8,P5,89,16.042,a,S1 obj,50,co2a0000375,0.34765625
12945,8,P5,90,15.066,a,S1 obj,50,co2a0000375,0.3515625
12946,8,P5,91,12.624,a,S1 obj,50,co2a0000375,0.35546875
12947,8,P5,92,10.183,a,S1 obj,50,co2a0000375,0.359375
12948,8,P5,93,8.23,a,S1 obj,50,co2a0000375,0.36328125
12949,8,P5,94,6.765,a,S1 obj,50,co2a0000375,0.3671875
12950,8,P5,95,5.3,a,S1 obj,50,co2a0000375,0.37109375
12951,8,P5,96,4.812,a,S1 obj,50,co2a0000375,0.375
12952,8,P5,97,4.812,a,S1 obj,50,co2a0000375,0.37890625
12953,8,P5,98,5.3,a,S1 obj,50,co2a0000375,0.3828125
12954,8,P5,99,5.788,a,S1 obj,50,co2a0000375,0.38671875
12955,8,P5,100,5.3,a,S1 obj,50,co2a0000375,0.390625
12956,8,P5,101,4.812,a,S1 obj,50,co2a0000375,0.39453125
12957,8,P5,102,4.812,a,S1 obj,50,co2a0000375,0.3984375
12958,8,P5,103,5.3,a,S1 obj,50,co2a0000375,0.40234375
12959,8,P5,104,7.741,a,S1 obj,50,co2a0000375,0.40625
12960,8,P5,105,10.671,a,S1 obj,50,co2a0000375,0.41015625
12961,8,P5,106,13.112,a,S1 obj,50,co2a0000375,0.4140625
12962,8,P5,107,12.136,a,S1 obj,50,co2a0000375,0.41796875
12963,8,P5,108,8.718,a,S1 obj,50,co2a0000375,0.421875
12964,8,P5,109,4.323,a,S1 obj,50,co2a0000375,0.42578125
12965,8,P5,110,0.905,a,S1 obj,50,co2a0000375,0.4296875
12966,8,P5,111,-0.559,a,S1 obj,50,co2a0000375,0.43359375
12967,8,P5,112,-0.559,a,S1 obj,50,co2a0000375,0.4375
12968,8,P5,113,-0.559,a,S1 obj,50,co2a0000375,0.44140625
12969,8,P5,114,-1.536,a,S1 obj,50,co2a0000375,0.4453125
12970,8,P5,115,-3.489,a,S1 obj,50,co2a0000375,0.44921875
12971,8,P5,116,-4.954,a,S1 obj,50,co2a0000375,0.453125
12972,8,P5,117,-5.931,a,S1 obj,50,co2a0000375,0.45703125
12973,8,P5,118,-6.907,a,S1 obj,50,co2a0000375,0.4609375
12974,8,P5,119,-7.395,a,S1 obj,50,co2a0000375,0.46484375
12975,8,P5,120,-8.372,a,S1 obj,50,co2a0000375,0.46875
12976,8,P5,121,-10.325,a,S1 obj,50,co2a0000375,0.47265625
12977,8,P5,122,-11.302,a,S1 obj,50,co2a0000375,0.4765625
12978,8,P5,123,-11.302,a,S1 obj,50,co2a0000375,0.48046875
12979,8,P5,124,-9.837,a,S1 obj,50,co2a0000375,0.484375
12980,8,P5,125,-5.931,a,S1 obj,50,co2a0000375,0.48828125
12981,8,P5,126,-0.559,a,S1 obj,50,co2a0000375,0.4921875
12982,8,P5,127,3.347,a,S1 obj,50,co2a0000375,0.49609375
12983,8,P5,128,4.812,a,S1 obj,50,co2a0000375,0.5
12984,8,P5,129,2.37,a,S1 obj,50,co2a0000375,0.50390625
12985,8,P5,130,-1.536,a,S1 obj,50,co2a0000375,0.5078125
12986,8,P5,131,-4.954,a,S1 obj,50,co2a0000375,0.51171875
12987,8,P5,132,-5.931,a,S1 obj,50,co2a0000375,0.515625
12988,8,P5,133,-5.442,a,S1 obj,50,co2a0000375,0.51953125
12989,8,P5,134,-4.954,a,S1 obj,50,co2a0000375,0.5234375
12990,8,P5,135,-5.931,a,S1 obj,50,co2a0000375,0.52734375
12991,8,P5,136,-8.86,a,S1 obj,50,co2a0000375,0.53125
12992,8,P5,137,-11.302,a,S1 obj,50,co2a0000375,0.53515625
12993,8,P5,138,-12.767,a,S1 obj,50,co2a0000375,0.5390625
12994,8,P5,139,-11.79,a,S1 obj,50,co2a0000375,0.54296875
12995,8,P5,140,-10.813,a,S1 obj,50,co2a0000375,0.546875
12996,8,P5,141,-10.813,a,S1 obj,50,co2a0000375,0.55078125
12997,8,P5,142,-11.302,a,S1 obj,50,co2a0000375,0.5546875
12998,8,P5,143,-11.79,a,S1 obj,50,co2a0000375,0.55859375
12999,8,P5,144,-10.325,a,S1 obj,50,co2a0000375,0.5625
13000,8,P5,145,-7.395,a,S1 obj,50,co2a0000375,0.56640625
13001,8,P5,146,-4.466,a,S1 obj,50,co2a0000375,0.5703125
13002,8,P5,147,-2.024,a,S1 obj,50,co2a0000375,0.57421875
13003,8,P5,148,-0.559,a,S1 obj,50,co2a0000375,0.578125
13004,8,P5,149,-0.071,a,S1 obj,50,co2a0000375,0.58203125
13005,8,P5,150,0.417,a,S1 obj,50,co2a0000375,0.5859375
13006,8,P5,151,0.417,a,S1 obj,50,co2a0000375,0.58984375
13007,8,P5,152,-0.559,a,S1 obj,50,co2a0000375,0.59375
13008,8,P5,153,-2.513,a,S1 obj,50,co2a0000375,0.59765625
13009,8,P5,154,-4.954,a,S1 obj,50,co2a0000375,0.6015625
13010,8,P5,155,-6.907,a,S1 obj,50,co2a0000375,0.60546875
13011,8,P5,156,-6.907,a,S1 obj,50,co2a0000375,0.609375
13012,8,P5,157,-6.419,a,S1 obj,50,co2a0000375,0.61328125
13013,8,P5,158,-5.442,a,S1 obj,50,co2a0000375,0.6171875
13014,8,P5,159,-5.442,a,S1 obj,50,co2a0000375,0.62109375
13015,8,P5,160,-5.931,a,S1 obj,50,co2a0000375,0.625
13016,8,P5,161,-6.907,a,S1 obj,50,co2a0000375,0.62890625
13017,8,P5,162,-7.884,a,S1 obj,50,co2a0000375,0.6328125
13018,8,P5,163,-7.884,a,S1 obj,50,co2a0000375,0.63671875
13019,8,P5,164,-6.907,a,S1 obj,50,co2a0000375,0.640625
13020,8,P5,165,-6.907,a,S1 obj,50,co2a0000375,0.64453125
13021,8,P5,166,-7.884,a,S1 obj,50,co2a0000375,0.6484375
13022,8,P5,167,-10.325,a,S1 obj,50,co2a0000375,0.65234375
13023,8,P5,168,-11.79,a,S1 obj,50,co2a0000375,0.65625
13024,8,P5,169,-12.278,a,S1 obj,50,co2a0000375,0.66015625
13025,8,P5,170,-10.813,a,S1 obj,50,co2a0000375,0.6640625
13026,8,P5,171,-8.372,a,S1 obj,50,co2a0000375,0.66796875
13027,8,P5,172,-7.395,a,S1 obj,50,co2a0000375,0.671875
13028,8,P5,173,-8.86,a,S1 obj,50,co2a0000375,0.67578125
13029,8,P5,174,-11.302,a,S1 obj,50,co2a0000375,0.6796875
13030,8,P5,175,-13.255,a,S1 obj,50,co2a0000375,0.68359375
13031,8,P5,176,-12.767,a,S1 obj,50,co2a0000375,0.6875
13032,8,P5,177,-9.349,a,S1 obj,50,co2a0000375,0.69140625
13033,8,P5,178,-5.931,a,S1 obj,50,co2a0000375,0.6953125
13034,8,P5,179,-4.954,a,S1 obj,50,co2a0000375,0.69921875
13035,8,P5,180,-6.907,a,S1 obj,50,co2a0000375,0.703125
13036,8,P5,181,-10.813,a,S1 obj,50,co2a0000375,0.70703125
13037,8,P5,182,-14.231,a,S1 obj,50,co2a0000375,0.7109375
13038,8,P5,183,-14.72,a,S1 obj,50,co2a0000375,0.71484375
13039,8,P5,184,-13.743,a,S1 obj,50,co2a0000375,0.71875
13040,8,P5,185,-11.79,a,S1 obj,50,co2a0000375,0.72265625
13041,8,P5,186,-11.302,a,S1 obj,50,co2a0000375,0.7265625
13042,8,P5,187,-12.278,a,S1 obj,50,co2a0000375,0.73046875
13043,8,P5,188,-12.767,a,S1 obj,50,co2a0000375,0.734375
13044,8,P5,189,-11.79,a,S1 obj,50,co2a0000375,0.73828125
13045,8,P5,190,-9.349,a,S1 obj,50,co2a0000375,0.7421875
13046,8,P5,191,-6.907,a,S1 obj,50,co2a0000375,0.74609375
13047,8,P5,192,-6.419,a,S1 obj,50,co2a0000375,0.75
13048,8,P5,193,-8.86,a,S1 obj,50,co2a0000375,0.75390625
13049,8,P5,194,-12.278,a,S1 obj,50,co2a0000375,0.7578125
13050,8,P5,195,-15.208,a,S1 obj,50,co2a0000375,0.76171875
13051,8,P5,196,-15.208,a,S1 obj,50,co2a0000375,0.765625
13052,8,P5,197,-12.278,a,S1 obj,50,co2a0000375,0.76953125
13053,8,P5,198,-7.884,a,S1 obj,50,co2a0000375,0.7734375
13054,8,P5,199,-4.954,a,S1 obj,50,co2a0000375,0.77734375
13055,8,P5,200,-3.977,a,S1 obj,50,co2a0000375,0.78125
13056,8,P5,201,-5.931,a,S1 obj,50,co2a0000375,0.78515625
13057,8,P5,202,-8.372,a,S1 obj,50,co2a0000375,0.7890625
13058,8,P5,203,-9.837,a,S1 obj,50,co2a0000375,0.79296875
13059,8,P5,204,-8.86,a,S1 obj,50,co2a0000375,0.796875
13060,8,P5,205,-7.884,a,S1 obj,50,co2a0000375,0.80078125
13061,8,P5,206,-8.372,a,S1 obj,50,co2a0000375,0.8046875
13062,8,P5,207,-10.325,a,S1 obj,50,co2a0000375,0.80859375
13063,8,P5,208,-12.767,a,S1 obj,50,co2a0000375,0.8125
13064,8,P5,209,-12.767,a,S1 obj,50,co2a0000375,0.81640625
13065,8,P5,210,-9.349,a,S1 obj,50,co2a0000375,0.8203125
13066,8,P5,211,-3.977,a,S1 obj,50,co2a0000375,0.82421875
13067,8,P5,212,0.417,a,S1 obj,50,co2a0000375,0.828125
13068,8,P5,213,1.394,a,S1 obj,50,co2a0000375,0.83203125
13069,8,P5,214,-1.048,a,S1 obj,50,co2a0000375,0.8359375
13070,8,P5,215,-3.977,a,S1 obj,50,co2a0000375,0.83984375
13071,8,P5,216,-4.954,a,S1 obj,50,co2a0000375,0.84375
13072,8,P5,217,-3.001,a,S1 obj,50,co2a0000375,0.84765625
13073,8,P5,218,-0.071,a,S1 obj,50,co2a0000375,0.8515625
13074,8,P5,219,0.905,a,S1 obj,50,co2a0000375,0.85546875
13075,8,P5,220,-0.559,a,S1 obj,50,co2a0000375,0.859375
13076,8,P5,221,-3.977,a,S1 obj,50,co2a0000375,0.86328125
13077,8,P5,222,-7.884,a,S1 obj,50,co2a0000375,0.8671875
13078,8,P5,223,-8.86,a,S1 obj,50,co2a0000375,0.87109375
13079,8,P5,224,-8.86,a,S1 obj,50,co2a0000375,0.875
13080,8,P5,225,-8.372,a,S1 obj,50,co2a0000375,0.87890625
13081,8,P5,226,-8.86,a,S1 obj,50,co2a0000375,0.8828125
13082,8,P5,227,-9.837,a,S1 obj,50,co2a0000375,0.88671875
13083,8,P5,228,-10.813,a,S1 obj,50,co2a0000375,0.890625
13084,8,P5,229,-10.325,a,S1 obj,50,co2a0000375,0.89453125
13085,8,P5,230,-8.372,a,S1 obj,50,co2a0000375,0.8984375
13086,8,P5,231,-6.419,a,S1 obj,50,co2a0000375,0.90234375
13087,8,P5,232,-4.954,a,S1 obj,50,co2a0000375,0.90625
13088,8,P5,233,-3.489,a,S1 obj,50,co2a0000375,0.91015625
13089,8,P5,234,-3.489,a,S1 obj,50,co2a0000375,0.9140625
13090,8,P5,235,-3.977,a,S1 obj,50,co2a0000375,0.91796875
13091,8,P5,236,-5.442,a,S1 obj,50,co2a0000375,0.921875
13092,8,P5,237,-7.395,a,S1 obj,50,co2a0000375,0.92578125
13093,8,P5,238,-9.837,a,S1 obj,50,co2a0000375,0.9296875
13094,8,P5,239,-11.302,a,S1 obj,50,co2a0000375,0.93359375
13095,8,P5,240,-11.79,a,S1 obj,50,co2a0000375,0.9375
13096,8,P5,241,-10.325,a,S1 obj,50,co2a0000375,0.94140625
13097,8,P5,242,-7.884,a,S1 obj,50,co2a0000375,0.9453125
13098,8,P5,243,-5.931,a,S1 obj,50,co2a0000375,0.94921875
13099,8,P5,244,-4.954,a,S1 obj,50,co2a0000375,0.953125
13100,8,P5,245,-5.442,a,S1 obj,50,co2a0000375,0.95703125
13101,8,P5,246,-6.907,a,S1 obj,50,co2a0000375,0.9609375
13102,8,P5,247,-7.884,a,S1 obj,50,co2a0000375,0.96484375
13103,8,P5,248,-8.372,a,S1 obj,50,co2a0000375,0.96875
13104,8,P5,249,-6.907,a,S1 obj,50,co2a0000375,0.97265625
13105,8,P5,250,-4.466,a,S1 obj,50,co2a0000375,0.9765625
13106,8,P5,251,-1.536,a,S1 obj,50,co2a0000375,0.98046875
13107,8,P5,252,0.905,a,S1 obj,50,co2a0000375,0.984375
13108,8,P5,253,1.882,a,S1 obj,50,co2a0000375,0.98828125
13109,8,P5,254,2.858,a,S1 obj,50,co2a0000375,0.9921875
13110,8,P5,255,3.347,a,S1 obj,50,co2a0000375,0.99609375
13112,8,P6,0,0.529,a,S1 obj,51,co2a0000375,0.0
13113,8,P6,1,-1.424,a,S1 obj,51,co2a0000375,0.00390625
13114,8,P6,2,-3.377,a,S1 obj,51,co2a0000375,0.0078125
13115,8,P6,3,-3.866,a,S1 obj,51,co2a0000375,0.01171875
13116,8,P6,4,-1.912,a,S1 obj,51,co2a0000375,0.015625
13117,8,P6,5,0.529,a,S1 obj,51,co2a0000375,0.01953125
13118,8,P6,6,2.482,a,S1 obj,51,co2a0000375,0.0234375
13119,8,P6,7,3.459,a,S1 obj,51,co2a0000375,0.02734375
13120,8,P6,8,3.459,a,S1 obj,51,co2a0000375,0.03125
13121,8,P6,9,1.506,a,S1 obj,51,co2a0000375,0.03515625
13122,8,P6,10,-2.401,a,S1 obj,51,co2a0000375,0.0390625
13123,8,P6,11,-6.307,a,S1 obj,51,co2a0000375,0.04296875
13124,8,P6,12,-8.748,a,S1 obj,51,co2a0000375,0.046875
13125,8,P6,13,-9.237,a,S1 obj,51,co2a0000375,0.05078125
13126,8,P6,14,-6.307,a,S1 obj,51,co2a0000375,0.0546875
13127,8,P6,15,-2.889,a,S1 obj,51,co2a0000375,0.05859375
13128,8,P6,16,0.529,a,S1 obj,51,co2a0000375,0.0625
13129,8,P6,17,2.482,a,S1 obj,51,co2a0000375,0.06640625
13130,8,P6,18,2.97,a,S1 obj,51,co2a0000375,0.0703125
13131,8,P6,19,3.459,a,S1 obj,51,co2a0000375,0.07421875
13132,8,P6,20,4.435,a,S1 obj,51,co2a0000375,0.078125
13133,8,P6,21,5.9,a,S1 obj,51,co2a0000375,0.08203125
13134,8,P6,22,7.853,a,S1 obj,51,co2a0000375,0.0859375
13135,8,P6,23,8.83,a,S1 obj,51,co2a0000375,0.08984375
13136,8,P6,24,8.341,a,S1 obj,51,co2a0000375,0.09375
13137,8,P6,25,7.365,a,S1 obj,51,co2a0000375,0.09765625
13138,8,P6,26,6.388,a,S1 obj,51,co2a0000375,0.1015625
13139,8,P6,27,5.412,a,S1 obj,51,co2a0000375,0.10546875
13140,8,P6,28,5.412,a,S1 obj,51,co2a0000375,0.109375
13141,8,P6,29,5.412,a,S1 obj,51,co2a0000375,0.11328125
13142,8,P6,30,4.924,a,S1 obj,51,co2a0000375,0.1171875
13143,8,P6,31,3.459,a,S1 obj,51,co2a0000375,0.12109375
13144,8,P6,32,1.506,a,S1 obj,51,co2a0000375,0.125
13145,8,P6,33,-0.448,a,S1 obj,51,co2a0000375,0.12890625
13146,8,P6,34,-0.936,a,S1 obj,51,co2a0000375,0.1328125
13147,8,P6,35,0.041,a,S1 obj,51,co2a0000375,0.13671875
13148,8,P6,36,1.017,a,S1 obj,51,co2a0000375,0.140625
13149,8,P6,37,1.017,a,S1 obj,51,co2a0000375,0.14453125
13150,8,P6,38,0.041,a,S1 obj,51,co2a0000375,0.1484375
13151,8,P6,39,-1.424,a,S1 obj,51,co2a0000375,0.15234375
13152,8,P6,40,-2.401,a,S1 obj,51,co2a0000375,0.15625
13153,8,P6,41,-3.377,a,S1 obj,51,co2a0000375,0.16015625
13154,8,P6,42,-4.842,a,S1 obj,51,co2a0000375,0.1640625
13155,8,P6,43,-6.795,a,S1 obj,51,co2a0000375,0.16796875
13156,8,P6,44,-8.748,a,S1 obj,51,co2a0000375,0.171875
13157,8,P6,45,-9.725,a,S1 obj,51,co2a0000375,0.17578125
13158,8,P6,46,-8.748,a,S1 obj,51,co2a0000375,0.1796875
13159,8,P6,47,-6.795,a,S1 obj,51,co2a0000375,0.18359375
13160,8,P6,48,-4.842,a,S1 obj,51,co2a0000375,0.1875
13161,8,P6,49,-3.866,a,S1 obj,51,co2a0000375,0.19140625
13162,8,P6,50,-2.889,a,S1 obj,51,co2a0000375,0.1953125
13163,8,P6,51,-2.889,a,S1 obj,51,co2a0000375,0.19921875
13164,8,P6,52,-3.377,a,S1 obj,51,co2a0000375,0.203125
13165,8,P6,53,-4.354,a,S1 obj,51,co2a0000375,0.20703125
13166,8,P6,54,-5.819,a,S1 obj,51,co2a0000375,0.2109375
13167,8,P6,55,-5.819,a,S1 obj,51,co2a0000375,0.21484375
13168,8,P6,56,-3.377,a,S1 obj,51,co2a0000375,0.21875
13169,8,P6,57,0.041,a,S1 obj,51,co2a0000375,0.22265625
13170,8,P6,58,3.947,a,S1 obj,51,co2a0000375,0.2265625
13171,8,P6,59,5.412,a,S1 obj,51,co2a0000375,0.23046875
13172,8,P6,60,5.412,a,S1 obj,51,co2a0000375,0.234375
13173,8,P6,61,4.435,a,S1 obj,51,co2a0000375,0.23828125
13174,8,P6,62,3.947,a,S1 obj,51,co2a0000375,0.2421875
13175,8,P6,63,5.9,a,S1 obj,51,co2a0000375,0.24609375
13176,8,P6,64,8.83,a,S1 obj,51,co2a0000375,0.25
13177,8,P6,65,10.783,a,S1 obj,51,co2a0000375,0.25390625
13178,8,P6,66,11.759,a,S1 obj,51,co2a0000375,0.2578125
13179,8,P6,67,11.759,a,S1 obj,51,co2a0000375,0.26171875
13180,8,P6,68,11.271,a,S1 obj,51,co2a0000375,0.265625
13181,8,P6,69,11.271,a,S1 obj,51,co2a0000375,0.26953125
13182,8,P6,70,10.783,a,S1 obj,51,co2a0000375,0.2734375
13183,8,P6,71,9.318,a,S1 obj,51,co2a0000375,0.27734375
13184,8,P6,72,7.365,a,S1 obj,51,co2a0000375,0.28125
13185,8,P6,73,5.412,a,S1 obj,51,co2a0000375,0.28515625
13186,8,P6,74,3.459,a,S1 obj,51,co2a0000375,0.2890625
13187,8,P6,75,1.994,a,S1 obj,51,co2a0000375,0.29296875
13188,8,P6,76,0.529,a,S1 obj,51,co2a0000375,0.296875
13189,8,P6,77,-0.936,a,S1 obj,51,co2a0000375,0.30078125
13190,8,P6,78,-1.424,a,S1 obj,51,co2a0000375,0.3046875
13191,8,P6,79,0.041,a,S1 obj,51,co2a0000375,0.30859375
13192,8,P6,80,1.994,a,S1 obj,51,co2a0000375,0.3125
13193,8,P6,81,4.435,a,S1 obj,51,co2a0000375,0.31640625
13194,8,P6,82,5.9,a,S1 obj,51,co2a0000375,0.3203125
13195,8,P6,83,6.388,a,S1 obj,51,co2a0000375,0.32421875
13196,8,P6,84,5.9,a,S1 obj,51,co2a0000375,0.328125
13197,8,P6,85,6.388,a,S1 obj,51,co2a0000375,0.33203125
13198,8,P6,86,8.341,a,S1 obj,51,co2a0000375,0.3359375
13199,8,P6,87,9.806,a,S1 obj,51,co2a0000375,0.33984375
13200,8,P6,88,9.806,a,S1 obj,51,co2a0000375,0.34375
13201,8,P6,89,7.365,a,S1 obj,51,co2a0000375,0.34765625
13202,8,P6,90,3.459,a,S1 obj,51,co2a0000375,0.3515625
13203,8,P6,91,0.041,a,S1 obj,51,co2a0000375,0.35546875
13204,8,P6,92,-2.889,a,S1 obj,51,co2a0000375,0.359375
13205,8,P6,93,-3.866,a,S1 obj,51,co2a0000375,0.36328125
13206,8,P6,94,-4.842,a,S1 obj,51,co2a0000375,0.3671875
13207,8,P6,95,-5.33,a,S1 obj,51,co2a0000375,0.37109375
13208,8,P6,96,-5.33,a,S1 obj,51,co2a0000375,0.375
13209,8,P6,97,-4.842,a,S1 obj,51,co2a0000375,0.37890625
13210,8,P6,98,-3.377,a,S1 obj,51,co2a0000375,0.3828125
13211,8,P6,99,-2.401,a,S1 obj,51,co2a0000375,0.38671875
13212,8,P6,100,-2.889,a,S1 obj,51,co2a0000375,0.390625
13213,8,P6,101,-4.354,a,S1 obj,51,co2a0000375,0.39453125
13214,8,P6,102,-5.819,a,S1 obj,51,co2a0000375,0.3984375
13215,8,P6,103,-5.33,a,S1 obj,51,co2a0000375,0.40234375
13216,8,P6,104,-2.401,a,S1 obj,51,co2a0000375,0.40625
13217,8,P6,105,1.017,a,S1 obj,51,co2a0000375,0.41015625
13218,8,P6,106,3.459,a,S1 obj,51,co2a0000375,0.4140625
13219,8,P6,107,3.459,a,S1 obj,51,co2a0000375,0.41796875
13220,8,P6,108,1.506,a,S1 obj,51,co2a0000375,0.421875
13221,8,P6,109,-1.424,a,S1 obj,51,co2a0000375,0.42578125
13222,8,P6,110,-2.889,a,S1 obj,51,co2a0000375,0.4296875
13223,8,P6,111,-3.866,a,S1 obj,51,co2a0000375,0.43359375
13224,8,P6,112,-4.842,a,S1 obj,51,co2a0000375,0.4375
13225,8,P6,113,-6.307,a,S1 obj,51,co2a0000375,0.44140625
13226,8,P6,114,-8.26,a,S1 obj,51,co2a0000375,0.4453125
13227,8,P6,115,-10.213,a,S1 obj,51,co2a0000375,0.44921875
13228,8,P6,116,-11.678,a,S1 obj,51,co2a0000375,0.453125
13229,8,P6,117,-14.119,a,S1 obj,51,co2a0000375,0.45703125
13230,8,P6,118,-17.049,a,S1 obj,51,co2a0000375,0.4609375
13231,8,P6,119,-19.979,a,S1 obj,51,co2a0000375,0.46484375
13232,8,P6,120,-21.444,a,S1 obj,51,co2a0000375,0.46875
13233,8,P6,121,-20.467,a,S1 obj,51,co2a0000375,0.47265625
13234,8,P6,122,-17.049,a,S1 obj,51,co2a0000375,0.4765625
13235,8,P6,123,-12.655,a,S1 obj,51,co2a0000375,0.48046875
13236,8,P6,124,-9.237,a,S1 obj,51,co2a0000375,0.484375
13237,8,P6,125,-7.772,a,S1 obj,51,co2a0000375,0.48828125
13238,8,P6,126,-7.284,a,S1 obj,51,co2a0000375,0.4921875
13239,8,P6,127,-7.772,a,S1 obj,51,co2a0000375,0.49609375
13240,8,P6,128,-8.748,a,S1 obj,51,co2a0000375,0.5
13241,8,P6,129,-10.213,a,S1 obj,51,co2a0000375,0.50390625
13242,8,P6,130,-11.19,a,S1 obj,51,co2a0000375,0.5078125
13243,8,P6,131,-12.166,a,S1 obj,51,co2a0000375,0.51171875
13244,8,P6,132,-13.143,a,S1 obj,51,co2a0000375,0.515625
13245,8,P6,133,-13.143,a,S1 obj,51,co2a0000375,0.51953125
13246,8,P6,134,-13.143,a,S1 obj,51,co2a0000375,0.5234375
13247,8,P6,135,-13.631,a,S1 obj,51,co2a0000375,0.52734375
13248,8,P6,136,-14.608,a,S1 obj,51,co2a0000375,0.53125
13249,8,P6,137,-15.584,a,S1 obj,51,co2a0000375,0.53515625
13250,8,P6,138,-16.561,a,S1 obj,51,co2a0000375,0.5390625
13251,8,P6,139,-16.073,a,S1 obj,51,co2a0000375,0.54296875
13252,8,P6,140,-15.096,a,S1 obj,51,co2a0000375,0.546875
13253,8,P6,141,-13.631,a,S1 obj,51,co2a0000375,0.55078125
13254,8,P6,142,-13.143,a,S1 obj,51,co2a0000375,0.5546875
13255,8,P6,143,-12.655,a,S1 obj,51,co2a0000375,0.55859375
13256,8,P6,144,-12.655,a,S1 obj,51,co2a0000375,0.5625
13257,8,P6,145,-11.678,a,S1 obj,51,co2a0000375,0.56640625
13258,8,P6,146,-9.237,a,S1 obj,51,co2a0000375,0.5703125
13259,8,P6,147,-6.795,a,S1 obj,51,co2a0000375,0.57421875
13260,8,P6,148,-4.842,a,S1 obj,51,co2a0000375,0.578125
13261,8,P6,149,-4.354,a,S1 obj,51,co2a0000375,0.58203125
13262,8,P6,150,-5.33,a,S1 obj,51,co2a0000375,0.5859375
13263,8,P6,151,-7.284,a,S1 obj,51,co2a0000375,0.58984375
13264,8,P6,152,-8.26,a,S1 obj,51,co2a0000375,0.59375
13265,8,P6,153,-9.237,a,S1 obj,51,co2a0000375,0.59765625
13266,8,P6,154,-8.748,a,S1 obj,51,co2a0000375,0.6015625
13267,8,P6,155,-8.26,a,S1 obj,51,co2a0000375,0.60546875
13268,8,P6,156,-7.772,a,S1 obj,51,co2a0000375,0.609375
13269,8,P6,157,-7.772,a,S1 obj,51,co2a0000375,0.61328125
13270,8,P6,158,-8.748,a,S1 obj,51,co2a0000375,0.6171875
13271,8,P6,159,-9.725,a,S1 obj,51,co2a0000375,0.62109375
13272,8,P6,160,-11.19,a,S1 obj,51,co2a0000375,0.625
13273,8,P6,161,-11.678,a,S1 obj,51,co2a0000375,0.62890625
13274,8,P6,162,-12.166,a,S1 obj,51,co2a0000375,0.6328125
13275,8,P6,163,-11.678,a,S1 obj,51,co2a0000375,0.63671875
13276,8,P6,164,-11.19,a,S1 obj,51,co2a0000375,0.640625
13277,8,P6,165,-12.655,a,S1 obj,51,co2a0000375,0.64453125
13278,8,P6,166,-15.096,a,S1 obj,51,co2a0000375,0.6484375
13279,8,P6,167,-16.073,a,S1 obj,51,co2a0000375,0.65234375
13280,8,P6,168,-15.584,a,S1 obj,51,co2a0000375,0.65625
13281,8,P6,169,-13.143,a,S1 obj,51,co2a0000375,0.66015625
13282,8,P6,170,-10.213,a,S1 obj,51,co2a0000375,0.6640625
13283,8,P6,171,-10.213,a,S1 obj,51,co2a0000375,0.66796875
13284,8,P6,172,-12.655,a,S1 obj,51,co2a0000375,0.671875
13285,8,P6,173,-16.561,a,S1 obj,51,co2a0000375,0.67578125
13286,8,P6,174,-19.491,a,S1 obj,51,co2a0000375,0.6796875
13287,8,P6,175,-19.002,a,S1 obj,51,co2a0000375,0.68359375
13288,8,P6,176,-16.073,a,S1 obj,51,co2a0000375,0.6875
13289,8,P6,177,-13.143,a,S1 obj,51,co2a0000375,0.69140625
13290,8,P6,178,-11.678,a,S1 obj,51,co2a0000375,0.6953125
13291,8,P6,179,-12.166,a,S1 obj,51,co2a0000375,0.69921875
13292,8,P6,180,-14.119,a,S1 obj,51,co2a0000375,0.703125
13293,8,P6,181,-15.096,a,S1 obj,51,co2a0000375,0.70703125
13294,8,P6,182,-14.608,a,S1 obj,51,co2a0000375,0.7109375
13295,8,P6,183,-14.608,a,S1 obj,51,co2a0000375,0.71484375
13296,8,P6,184,-14.608,a,S1 obj,51,co2a0000375,0.71875
13297,8,P6,185,-15.096,a,S1 obj,51,co2a0000375,0.72265625
13298,8,P6,186,-15.584,a,S1 obj,51,co2a0000375,0.7265625
13299,8,P6,187,-15.096,a,S1 obj,51,co2a0000375,0.73046875
13300,8,P6,188,-13.631,a,S1 obj,51,co2a0000375,0.734375
13301,8,P6,189,-10.701,a,S1 obj,51,co2a0000375,0.73828125
13302,8,P6,190,-7.284,a,S1 obj,51,co2a0000375,0.7421875
13303,8,P6,191,-4.354,a,S1 obj,51,co2a0000375,0.74609375
13304,8,P6,192,-2.889,a,S1 obj,51,co2a0000375,0.75
13305,8,P6,193,-4.354,a,S1 obj,51,co2a0000375,0.75390625
13306,8,P6,194,-8.26,a,S1 obj,51,co2a0000375,0.7578125
13307,8,P6,195,-13.143,a,S1 obj,51,co2a0000375,0.76171875
13308,8,P6,196,-17.049,a,S1 obj,51,co2a0000375,0.765625
13309,8,P6,197,-17.049,a,S1 obj,51,co2a0000375,0.76953125
13310,8,P6,198,-14.119,a,S1 obj,51,co2a0000375,0.7734375
13311,8,P6,199,-10.701,a,S1 obj,51,co2a0000375,0.77734375
13312,8,P6,200,-8.748,a,S1 obj,51,co2a0000375,0.78125
13313,8,P6,201,-8.748,a,S1 obj,51,co2a0000375,0.78515625
13314,8,P6,202,-9.725,a,S1 obj,51,co2a0000375,0.7890625
13315,8,P6,203,-10.213,a,S1 obj,51,co2a0000375,0.79296875
13316,8,P6,204,-9.237,a,S1 obj,51,co2a0000375,0.796875
13317,8,P6,205,-8.748,a,S1 obj,51,co2a0000375,0.80078125
13318,8,P6,206,-10.213,a,S1 obj,51,co2a0000375,0.8046875
13319,8,P6,207,-12.655,a,S1 obj,51,co2a0000375,0.80859375
13320,8,P6,208,-15.096,a,S1 obj,51,co2a0000375,0.8125
13321,8,P6,209,-14.608,a,S1 obj,51,co2a0000375,0.81640625
13322,8,P6,210,-11.678,a,S1 obj,51,co2a0000375,0.8203125
13323,8,P6,211,-7.284,a,S1 obj,51,co2a0000375,0.82421875
13324,8,P6,212,-3.866,a,S1 obj,51,co2a0000375,0.828125
13325,8,P6,213,-2.401,a,S1 obj,51,co2a0000375,0.83203125
13326,8,P6,214,-1.912,a,S1 obj,51,co2a0000375,0.8359375
13327,8,P6,215,-1.912,a,S1 obj,51,co2a0000375,0.83984375
13328,8,P6,216,-0.448,a,S1 obj,51,co2a0000375,0.84375
13329,8,P6,217,1.017,a,S1 obj,51,co2a0000375,0.84765625
13330,8,P6,218,1.017,a,S1 obj,51,co2a0000375,0.8515625
13331,8,P6,219,-0.936,a,S1 obj,51,co2a0000375,0.85546875
13332,8,P6,220,-4.354,a,S1 obj,51,co2a0000375,0.859375
13333,8,P6,221,-6.795,a,S1 obj,51,co2a0000375,0.86328125
13334,8,P6,222,-6.795,a,S1 obj,51,co2a0000375,0.8671875
13335,8,P6,223,-6.307,a,S1 obj,51,co2a0000375,0.87109375
13336,8,P6,224,-5.33,a,S1 obj,51,co2a0000375,0.875
13337,8,P6,225,-6.307,a,S1 obj,51,co2a0000375,0.87890625
13338,8,P6,226,-8.26,a,S1 obj,51,co2a0000375,0.8828125
13339,8,P6,227,-10.701,a,S1 obj,51,co2a0000375,0.88671875
13340,8,P6,228,-11.678,a,S1 obj,51,co2a0000375,0.890625
13341,8,P6,229,-10.701,a,S1 obj,51,co2a0000375,0.89453125
13342,8,P6,230,-8.26,a,S1 obj,51,co2a0000375,0.8984375
13343,8,P6,231,-5.33,a,S1 obj,51,co2a0000375,0.90234375
13344,8,P6,232,-3.377,a,S1 obj,51,co2a0000375,0.90625
13345,8,P6,233,-2.889,a,S1 obj,51,co2a0000375,0.91015625
13346,8,P6,234,-3.866,a,S1 obj,51,co2a0000375,0.9140625
13347,8,P6,235,-6.307,a,S1 obj,51,co2a0000375,0.91796875
13348,8,P6,236,-9.725,a,S1 obj,51,co2a0000375,0.921875
13349,8,P6,237,-12.655,a,S1 obj,51,co2a0000375,0.92578125
13350,8,P6,238,-14.119,a,S1 obj,51,co2a0000375,0.9296875
13351,8,P6,239,-12.655,a,S1 obj,51,co2a0000375,0.93359375
13352,8,P6,240,-9.237,a,S1 obj,51,co2a0000375,0.9375
13353,8,P6,241,-5.819,a,S1 obj,51,co2a0000375,0.94140625
13354,8,P6,242,-3.377,a,S1 obj,51,co2a0000375,0.9453125
13355,8,P6,243,-3.377,a,S1 obj,51,co2a0000375,0.94921875
13356,8,P6,244,-4.842,a,S1 obj,51,co2a0000375,0.953125
13357,8,P6,245,-7.284,a,S1 obj,51,co2a0000375,0.95703125
13358,8,P6,246,-10.213,a,S1 obj,51,co2a0000375,0.9609375
13359,8,P6,247,-13.143,a,S1 obj,51,co2a0000375,0.96484375
13360,8,P6,248,-14.608,a,S1 obj,51,co2a0000375,0.96875
13361,8,P6,249,-13.631,a,S1 obj,51,co2a0000375,0.97265625
13362,8,P6,250,-9.725,a,S1 obj,51,co2a0000375,0.9765625
13363,8,P6,251,-4.354,a,S1 obj,51,co2a0000375,0.98046875
13364,8,P6,252,1.506,a,S1 obj,51,co2a0000375,0.984375
13365,8,P6,253,4.924,a,S1 obj,51,co2a0000375,0.98828125
13366,8,P6,254,5.9,a,S1 obj,51,co2a0000375,0.9921875
13367,8,P6,255,6.388,a,S1 obj,51,co2a0000375,0.99609375
13369,8,C1,0,2.218,a,S1 obj,52,co2a0000375,0.0
13370,8,C1,1,2.218,a,S1 obj,52,co2a0000375,0.00390625
13371,8,C1,2,2.218,a,S1 obj,52,co2a0000375,0.0078125
13372,8,C1,3,2.706,a,S1 obj,52,co2a0000375,0.01171875
13373,8,C1,4,2.706,a,S1 obj,52,co2a0000375,0.015625
13374,8,C1,5,2.706,a,S1 obj,52,co2a0000375,0.01953125
13375,8,C1,6,2.218,a,S1 obj,52,co2a0000375,0.0234375
13376,8,C1,7,2.706,a,S1 obj,52,co2a0000375,0.02734375
13377,8,C1,8,2.218,a,S1 obj,52,co2a0000375,0.03125
13378,8,C1,9,2.218,a,S1 obj,52,co2a0000375,0.03515625
13379,8,C1,10,1.729,a,S1 obj,52,co2a0000375,0.0390625
13380,8,C1,11,2.218,a,S1 obj,52,co2a0000375,0.04296875
13381,8,C1,12,2.218,a,S1 obj,52,co2a0000375,0.046875
13382,8,C1,13,2.706,a,S1 obj,52,co2a0000375,0.05078125
13383,8,C1,14,3.194,a,S1 obj,52,co2a0000375,0.0546875
13384,8,C1,15,3.682,a,S1 obj,52,co2a0000375,0.05859375
13385,8,C1,16,3.682,a,S1 obj,52,co2a0000375,0.0625
13386,8,C1,17,3.682,a,S1 obj,52,co2a0000375,0.06640625
13387,8,C1,18,3.194,a,S1 obj,52,co2a0000375,0.0703125
13388,8,C1,19,3.194,a,S1 obj,52,co2a0000375,0.07421875
13389,8,C1,20,3.194,a,S1 obj,52,co2a0000375,0.078125
13390,8,C1,21,3.194,a,S1 obj,52,co2a0000375,0.08203125
13391,8,C1,22,3.194,a,S1 obj,52,co2a0000375,0.0859375
13392,8,C1,23,3.194,a,S1 obj,52,co2a0000375,0.08984375
13393,8,C1,24,3.194,a,S1 obj,52,co2a0000375,0.09375
13394,8,C1,25,3.194,a,S1 obj,52,co2a0000375,0.09765625
13395,8,C1,26,3.682,a,S1 obj,52,co2a0000375,0.1015625
13396,8,C1,27,4.171,a,S1 obj,52,co2a0000375,0.10546875
13397,8,C1,28,4.171,a,S1 obj,52,co2a0000375,0.109375
13398,8,C1,29,4.659,a,S1 obj,52,co2a0000375,0.11328125
13399,8,C1,30,4.659,a,S1 obj,52,co2a0000375,0.1171875
13400,8,C1,31,5.147,a,S1 obj,52,co2a0000375,0.12109375
13401,8,C1,32,5.636,a,S1 obj,52,co2a0000375,0.125
13402,8,C1,33,6.124,a,S1 obj,52,co2a0000375,0.12890625
13403,8,C1,34,6.124,a,S1 obj,52,co2a0000375,0.1328125
13404,8,C1,35,5.636,a,S1 obj,52,co2a0000375,0.13671875
13405,8,C1,36,4.659,a,S1 obj,52,co2a0000375,0.140625
13406,8,C1,37,3.682,a,S1 obj,52,co2a0000375,0.14453125
13407,8,C1,38,3.682,a,S1 obj,52,co2a0000375,0.1484375
13408,8,C1,39,4.171,a,S1 obj,52,co2a0000375,0.15234375
13409,8,C1,40,5.147,a,S1 obj,52,co2a0000375,0.15625
13410,8,C1,41,6.124,a,S1 obj,52,co2a0000375,0.16015625
13411,8,C1,42,6.612,a,S1 obj,52,co2a0000375,0.1640625
13412,8,C1,43,7.1,a,S1 obj,52,co2a0000375,0.16796875
13413,8,C1,44,7.589,a,S1 obj,52,co2a0000375,0.171875
13414,8,C1,45,7.589,a,S1 obj,52,co2a0000375,0.17578125
13415,8,C1,46,7.589,a,S1 obj,52,co2a0000375,0.1796875
13416,8,C1,47,7.1,a,S1 obj,52,co2a0000375,0.18359375
13417,8,C1,48,7.1,a,S1 obj,52,co2a0000375,0.1875
13418,8,C1,49,6.612,a,S1 obj,52,co2a0000375,0.19140625
13419,8,C1,50,6.612,a,S1 obj,52,co2a0000375,0.1953125
13420,8,C1,51,6.124,a,S1 obj,52,co2a0000375,0.19921875
13421,8,C1,52,5.636,a,S1 obj,52,co2a0000375,0.203125
13422,8,C1,53,5.147,a,S1 obj,52,co2a0000375,0.20703125
13423,8,C1,54,4.659,a,S1 obj,52,co2a0000375,0.2109375
13424,8,C1,55,4.659,a,S1 obj,52,co2a0000375,0.21484375
13425,8,C1,56,4.659,a,S1 obj,52,co2a0000375,0.21875
13426,8,C1,57,5.147,a,S1 obj,52,co2a0000375,0.22265625
13427,8,C1,58,5.636,a,S1 obj,52,co2a0000375,0.2265625
13428,8,C1,59,5.636,a,S1 obj,52,co2a0000375,0.23046875
13429,8,C1,60,6.124,a,S1 obj,52,co2a0000375,0.234375
13430,8,C1,61,7.1,a,S1 obj,52,co2a0000375,0.23828125
13431,8,C1,62,7.1,a,S1 obj,52,co2a0000375,0.2421875
13432,8,C1,63,7.589,a,S1 obj,52,co2a0000375,0.24609375
13433,8,C1,64,8.077,a,S1 obj,52,co2a0000375,0.25
13434,8,C1,65,7.589,a,S1 obj,52,co2a0000375,0.25390625
13435,8,C1,66,6.612,a,S1 obj,52,co2a0000375,0.2578125
13436,8,C1,67,6.124,a,S1 obj,52,co2a0000375,0.26171875
13437,8,C1,68,5.636,a,S1 obj,52,co2a0000375,0.265625
13438,8,C1,69,5.636,a,S1 obj,52,co2a0000375,0.26953125
13439,8,C1,70,6.124,a,S1 obj,52,co2a0000375,0.2734375
13440,8,C1,71,6.612,a,S1 obj,52,co2a0000375,0.27734375
13441,8,C1,72,7.1,a,S1 obj,52,co2a0000375,0.28125
13442,8,C1,73,7.589,a,S1 obj,52,co2a0000375,0.28515625
13443,8,C1,74,7.589,a,S1 obj,52,co2a0000375,0.2890625
13444,8,C1,75,7.589,a,S1 obj,52,co2a0000375,0.29296875
13445,8,C1,76,8.077,a,S1 obj,52,co2a0000375,0.296875
13446,8,C1,77,7.1,a,S1 obj,52,co2a0000375,0.30078125
13447,8,C1,78,6.124,a,S1 obj,52,co2a0000375,0.3046875
13448,8,C1,79,5.636,a,S1 obj,52,co2a0000375,0.30859375
13449,8,C1,80,5.636,a,S1 obj,52,co2a0000375,0.3125
13450,8,C1,81,6.612,a,S1 obj,52,co2a0000375,0.31640625
13451,8,C1,82,7.589,a,S1 obj,52,co2a0000375,0.3203125
13452,8,C1,83,8.565,a,S1 obj,52,co2a0000375,0.32421875
13453,8,C1,84,8.565,a,S1 obj,52,co2a0000375,0.328125
13454,8,C1,85,8.077,a,S1 obj,52,co2a0000375,0.33203125
13455,8,C1,86,7.1,a,S1 obj,52,co2a0000375,0.3359375
13456,8,C1,87,6.124,a,S1 obj,52,co2a0000375,0.33984375
13457,8,C1,88,5.636,a,S1 obj,52,co2a0000375,0.34375
13458,8,C1,89,6.124,a,S1 obj,52,co2a0000375,0.34765625
13459,8,C1,90,6.124,a,S1 obj,52,co2a0000375,0.3515625
13460,8,C1,91,6.124,a,S1 obj,52,co2a0000375,0.35546875
13461,8,C1,92,6.124,a,S1 obj,52,co2a0000375,0.359375
13462,8,C1,93,5.636,a,S1 obj,52,co2a0000375,0.36328125
13463,8,C1,94,4.659,a,S1 obj,52,co2a0000375,0.3671875
13464,8,C1,95,4.659,a,S1 obj,52,co2a0000375,0.37109375
13465,8,C1,96,3.682,a,S1 obj,52,co2a0000375,0.375
13466,8,C1,97,2.706,a,S1 obj,52,co2a0000375,0.37890625
13467,8,C1,98,1.729,a,S1 obj,52,co2a0000375,0.3828125
13468,8,C1,99,1.241,a,S1 obj,52,co2a0000375,0.38671875
13469,8,C1,100,1.241,a,S1 obj,52,co2a0000375,0.390625
13470,8,C1,101,2.218,a,S1 obj,52,co2a0000375,0.39453125
13471,8,C1,102,2.706,a,S1 obj,52,co2a0000375,0.3984375
13472,8,C1,103,3.682,a,S1 obj,52,co2a0000375,0.40234375
13473,8,C1,104,3.682,a,S1 obj,52,co2a0000375,0.40625
13474,8,C1,105,2.706,a,S1 obj,52,co2a0000375,0.41015625
13475,8,C1,106,1.241,a,S1 obj,52,co2a0000375,0.4140625
13476,8,C1,107,-0.224,a,S1 obj,52,co2a0000375,0.41796875
13477,8,C1,108,-0.712,a,S1 obj,52,co2a0000375,0.421875
13478,8,C1,109,-0.712,a,S1 obj,52,co2a0000375,0.42578125
13479,8,C1,110,-0.224,a,S1 obj,52,co2a0000375,0.4296875
13480,8,C1,111,0.264,a,S1 obj,52,co2a0000375,0.43359375
13481,8,C1,112,0.264,a,S1 obj,52,co2a0000375,0.4375
13482,8,C1,113,-0.224,a,S1 obj,52,co2a0000375,0.44140625
13483,8,C1,114,-0.224,a,S1 obj,52,co2a0000375,0.4453125
13484,8,C1,115,-0.224,a,S1 obj,52,co2a0000375,0.44921875
13485,8,C1,116,-0.224,a,S1 obj,52,co2a0000375,0.453125
13486,8,C1,117,-0.224,a,S1 obj,52,co2a0000375,0.45703125
13487,8,C1,118,-0.712,a,S1 obj,52,co2a0000375,0.4609375
13488,8,C1,119,-1.689,a,S1 obj,52,co2a0000375,0.46484375
13489,8,C1,120,-2.177,a,S1 obj,52,co2a0000375,0.46875
13490,8,C1,121,-1.689,a,S1 obj,52,co2a0000375,0.47265625
13491,8,C1,122,-1.689,a,S1 obj,52,co2a0000375,0.4765625
13492,8,C1,123,-1.689,a,S1 obj,52,co2a0000375,0.48046875
13493,8,C1,124,-2.177,a,S1 obj,52,co2a0000375,0.484375
13494,8,C1,125,-2.177,a,S1 obj,52,co2a0000375,0.48828125
13495,8,C1,126,-1.689,a,S1 obj,52,co2a0000375,0.4921875
13496,8,C1,127,-0.224,a,S1 obj,52,co2a0000375,0.49609375
13497,8,C1,128,1.241,a,S1 obj,52,co2a0000375,0.5
13498,8,C1,129,1.729,a,S1 obj,52,co2a0000375,0.50390625
13499,8,C1,130,1.241,a,S1 obj,52,co2a0000375,0.5078125
13500,8,C1,131,-0.224,a,S1 obj,52,co2a0000375,0.51171875
13501,8,C1,132,-2.177,a,S1 obj,52,co2a0000375,0.515625
13502,8,C1,133,-2.665,a,S1 obj,52,co2a0000375,0.51953125
13503,8,C1,134,-2.665,a,S1 obj,52,co2a0000375,0.5234375
13504,8,C1,135,-1.2,a,S1 obj,52,co2a0000375,0.52734375
13505,8,C1,136,-0.224,a,S1 obj,52,co2a0000375,0.53125
13506,8,C1,137,-0.224,a,S1 obj,52,co2a0000375,0.53515625
13507,8,C1,138,-0.224,a,S1 obj,52,co2a0000375,0.5390625
13508,8,C1,139,-0.712,a,S1 obj,52,co2a0000375,0.54296875
13509,8,C1,140,-1.2,a,S1 obj,52,co2a0000375,0.546875
13510,8,C1,141,-0.712,a,S1 obj,52,co2a0000375,0.55078125
13511,8,C1,142,-0.712,a,S1 obj,52,co2a0000375,0.5546875
13512,8,C1,143,-0.224,a,S1 obj,52,co2a0000375,0.55859375
13513,8,C1,144,-0.224,a,S1 obj,52,co2a0000375,0.5625
13514,8,C1,145,0.264,a,S1 obj,52,co2a0000375,0.56640625
13515,8,C1,146,0.753,a,S1 obj,52,co2a0000375,0.5703125
13516,8,C1,147,1.241,a,S1 obj,52,co2a0000375,0.57421875
13517,8,C1,148,1.729,a,S1 obj,52,co2a0000375,0.578125
13518,8,C1,149,1.241,a,S1 obj,52,co2a0000375,0.58203125
13519,8,C1,150,0.753,a,S1 obj,52,co2a0000375,0.5859375
13520,8,C1,151,0.753,a,S1 obj,52,co2a0000375,0.58984375
13521,8,C1,152,0.753,a,S1 obj,52,co2a0000375,0.59375
13522,8,C1,153,0.753,a,S1 obj,52,co2a0000375,0.59765625
13523,8,C1,154,0.753,a,S1 obj,52,co2a0000375,0.6015625
13524,8,C1,155,0.264,a,S1 obj,52,co2a0000375,0.60546875
13525,8,C1,156,-0.224,a,S1 obj,52,co2a0000375,0.609375
13526,8,C1,157,-0.224,a,S1 obj,52,co2a0000375,0.61328125
13527,8,C1,158,-0.224,a,S1 obj,52,co2a0000375,0.6171875
13528,8,C1,159,-0.712,a,S1 obj,52,co2a0000375,0.62109375
13529,8,C1,160,-0.712,a,S1 obj,52,co2a0000375,0.625
13530,8,C1,161,-0.712,a,S1 obj,52,co2a0000375,0.62890625
13531,8,C1,162,-0.712,a,S1 obj,52,co2a0000375,0.6328125
13532,8,C1,163,-0.224,a,S1 obj,52,co2a0000375,0.63671875
13533,8,C1,164,0.264,a,S1 obj,52,co2a0000375,0.640625
13534,8,C1,165,0.753,a,S1 obj,52,co2a0000375,0.64453125
13535,8,C1,166,0.753,a,S1 obj,52,co2a0000375,0.6484375
13536,8,C1,167,0.753,a,S1 obj,52,co2a0000375,0.65234375
13537,8,C1,168,-0.224,a,S1 obj,52,co2a0000375,0.65625
13538,8,C1,169,-0.224,a,S1 obj,52,co2a0000375,0.66015625
13539,8,C1,170,-0.712,a,S1 obj,52,co2a0000375,0.6640625
13540,8,C1,171,-0.712,a,S1 obj,52,co2a0000375,0.66796875
13541,8,C1,172,-0.712,a,S1 obj,52,co2a0000375,0.671875
13542,8,C1,173,-0.224,a,S1 obj,52,co2a0000375,0.67578125
13543,8,C1,174,-0.224,a,S1 obj,52,co2a0000375,0.6796875
13544,8,C1,175,-0.224,a,S1 obj,52,co2a0000375,0.68359375
13545,8,C1,176,-0.224,a,S1 obj,52,co2a0000375,0.6875
13546,8,C1,177,0.264,a,S1 obj,52,co2a0000375,0.69140625
13547,8,C1,178,0.753,a,S1 obj,52,co2a0000375,0.6953125
13548,8,C1,179,0.753,a,S1 obj,52,co2a0000375,0.69921875
13549,8,C1,180,1.241,a,S1 obj,52,co2a0000375,0.703125
13550,8,C1,181,0.753,a,S1 obj,52,co2a0000375,0.70703125
13551,8,C1,182,0.753,a,S1 obj,52,co2a0000375,0.7109375
13552,8,C1,183,0.753,a,S1 obj,52,co2a0000375,0.71484375
13553,8,C1,184,0.264,a,S1 obj,52,co2a0000375,0.71875
13554,8,C1,185,0.264,a,S1 obj,52,co2a0000375,0.72265625
13555,8,C1,186,0.264,a,S1 obj,52,co2a0000375,0.7265625
13556,8,C1,187,0.753,a,S1 obj,52,co2a0000375,0.73046875
13557,8,C1,188,1.241,a,S1 obj,52,co2a0000375,0.734375
13558,8,C1,189,1.729,a,S1 obj,52,co2a0000375,0.73828125
13559,8,C1,190,2.706,a,S1 obj,52,co2a0000375,0.7421875
13560,8,C1,191,2.218,a,S1 obj,52,co2a0000375,0.74609375
13561,8,C1,192,2.218,a,S1 obj,52,co2a0000375,0.75
13562,8,C1,193,1.729,a,S1 obj,52,co2a0000375,0.75390625
13563,8,C1,194,1.241,a,S1 obj,52,co2a0000375,0.7578125
13564,8,C1,195,1.241,a,S1 obj,52,co2a0000375,0.76171875
13565,8,C1,196,1.729,a,S1 obj,52,co2a0000375,0.765625
13566,8,C1,197,2.706,a,S1 obj,52,co2a0000375,0.76953125
13567,8,C1,198,3.194,a,S1 obj,52,co2a0000375,0.7734375
13568,8,C1,199,3.682,a,S1 obj,52,co2a0000375,0.77734375
13569,8,C1,200,4.171,a,S1 obj,52,co2a0000375,0.78125
13570,8,C1,201,4.171,a,S1 obj,52,co2a0000375,0.78515625
13571,8,C1,202,3.682,a,S1 obj,52,co2a0000375,0.7890625
13572,8,C1,203,3.194,a,S1 obj,52,co2a0000375,0.79296875
13573,8,C1,204,2.706,a,S1 obj,52,co2a0000375,0.796875
13574,8,C1,205,2.706,a,S1 obj,52,co2a0000375,0.80078125
13575,8,C1,206,2.706,a,S1 obj,52,co2a0000375,0.8046875
13576,8,C1,207,2.706,a,S1 obj,52,co2a0000375,0.80859375
13577,8,C1,208,3.194,a,S1 obj,52,co2a0000375,0.8125
13578,8,C1,209,3.682,a,S1 obj,52,co2a0000375,0.81640625
13579,8,C1,210,4.171,a,S1 obj,52,co2a0000375,0.8203125
13580,8,C1,211,4.659,a,S1 obj,52,co2a0000375,0.82421875
13581,8,C1,212,5.147,a,S1 obj,52,co2a0000375,0.828125
13582,8,C1,213,4.171,a,S1 obj,52,co2a0000375,0.83203125
13583,8,C1,214,3.194,a,S1 obj,52,co2a0000375,0.8359375
13584,8,C1,215,1.729,a,S1 obj,52,co2a0000375,0.83984375
13585,8,C1,216,1.241,a,S1 obj,52,co2a0000375,0.84375
13586,8,C1,217,1.729,a,S1 obj,52,co2a0000375,0.84765625
13587,8,C1,218,2.706,a,S1 obj,52,co2a0000375,0.8515625
13588,8,C1,219,3.194,a,S1 obj,52,co2a0000375,0.85546875
13589,8,C1,220,3.682,a,S1 obj,52,co2a0000375,0.859375
13590,8,C1,221,3.682,a,S1 obj,52,co2a0000375,0.86328125
13591,8,C1,222,3.682,a,S1 obj,52,co2a0000375,0.8671875
13592,8,C1,223,3.682,a,S1 obj,52,co2a0000375,0.87109375
13593,8,C1,224,3.682,a,S1 obj,52,co2a0000375,0.875
13594,8,C1,225,3.682,a,S1 obj,52,co2a0000375,0.87890625
13595,8,C1,226,3.682,a,S1 obj,52,co2a0000375,0.8828125
13596,8,C1,227,3.682,a,S1 obj,52,co2a0000375,0.88671875
13597,8,C1,228,3.682,a,S1 obj,52,co2a0000375,0.890625
13598,8,C1,229,4.171,a,S1 obj,52,co2a0000375,0.89453125
13599,8,C1,230,4.171,a,S1 obj,52,co2a0000375,0.8984375
13600,8,C1,231,3.682,a,S1 obj,52,co2a0000375,0.90234375
13601,8,C1,232,3.682,a,S1 obj,52,co2a0000375,0.90625
13602,8,C1,233,3.194,a,S1 obj,52,co2a0000375,0.91015625
13603,8,C1,234,3.682,a,S1 obj,52,co2a0000375,0.9140625
13604,8,C1,235,4.171,a,S1 obj,52,co2a0000375,0.91796875
13605,8,C1,236,4.659,a,S1 obj,52,co2a0000375,0.921875
13606,8,C1,237,4.659,a,S1 obj,52,co2a0000375,0.92578125
13607,8,C1,238,4.171,a,S1 obj,52,co2a0000375,0.9296875
13608,8,C1,239,3.682,a,S1 obj,52,co2a0000375,0.93359375
13609,8,C1,240,3.194,a,S1 obj,52,co2a0000375,0.9375
13610,8,C1,241,3.194,a,S1 obj,52,co2a0000375,0.94140625
13611,8,C1,242,4.659,a,S1 obj,52,co2a0000375,0.9453125
13612,8,C1,243,5.147,a,S1 obj,52,co2a0000375,0.94921875
13613,8,C1,244,5.636,a,S1 obj,52,co2a0000375,0.953125
13614,8,C1,245,5.147,a,S1 obj,52,co2a0000375,0.95703125
13615,8,C1,246,5.147,a,S1 obj,52,co2a0000375,0.9609375
13616,8,C1,247,5.636,a,S1 obj,52,co2a0000375,0.96484375
13617,8,C1,248,6.612,a,S1 obj,52,co2a0000375,0.96875
13618,8,C1,249,8.077,a,S1 obj,52,co2a0000375,0.97265625
13619,8,C1,250,8.565,a,S1 obj,52,co2a0000375,0.9765625
13620,8,C1,251,8.077,a,S1 obj,52,co2a0000375,0.98046875
13621,8,C1,252,7.1,a,S1 obj,52,co2a0000375,0.984375
13622,8,C1,253,6.124,a,S1 obj,52,co2a0000375,0.98828125
13623,8,C1,254,6.124,a,S1 obj,52,co2a0000375,0.9921875
13624,8,C1,255,6.124,a,S1 obj,52,co2a0000375,0.99609375
13626,8,C2,0,-0.539,a,S1 obj,53,co2a0000375,0.0
13627,8,C2,1,-0.539,a,S1 obj,53,co2a0000375,0.00390625
13628,8,C2,2,-1.027,a,S1 obj,53,co2a0000375,0.0078125
13629,8,C2,3,-1.027,a,S1 obj,53,co2a0000375,0.01171875
13630,8,C2,4,-1.027,a,S1 obj,53,co2a0000375,0.015625
13631,8,C2,5,-0.051,a,S1 obj,53,co2a0000375,0.01953125
13632,8,C2,6,0.437,a,S1 obj,53,co2a0000375,0.0234375
13633,8,C2,7,0.926,a,S1 obj,53,co2a0000375,0.02734375
13634,8,C2,8,0.926,a,S1 obj,53,co2a0000375,0.03125
13635,8,C2,9,-0.051,a,S1 obj,53,co2a0000375,0.03515625
13636,8,C2,10,-0.539,a,S1 obj,53,co2a0000375,0.0390625
13637,8,C2,11,-1.027,a,S1 obj,53,co2a0000375,0.04296875
13638,8,C2,12,-1.516,a,S1 obj,53,co2a0000375,0.046875
13639,8,C2,13,-1.027,a,S1 obj,53,co2a0000375,0.05078125
13640,8,C2,14,-0.051,a,S1 obj,53,co2a0000375,0.0546875
13641,8,C2,15,0.926,a,S1 obj,53,co2a0000375,0.05859375
13642,8,C2,16,1.414,a,S1 obj,53,co2a0000375,0.0625
13643,8,C2,17,1.414,a,S1 obj,53,co2a0000375,0.06640625
13644,8,C2,18,0.926,a,S1 obj,53,co2a0000375,0.0703125
13645,8,C2,19,0.926,a,S1 obj,53,co2a0000375,0.07421875
13646,8,C2,20,0.926,a,S1 obj,53,co2a0000375,0.078125
13647,8,C2,21,0.926,a,S1 obj,53,co2a0000375,0.08203125
13648,8,C2,22,1.414,a,S1 obj,53,co2a0000375,0.0859375
13649,8,C2,23,1.902,a,S1 obj,53,co2a0000375,0.08984375
13650,8,C2,24,2.391,a,S1 obj,53,co2a0000375,0.09375
13651,8,C2,25,2.391,a,S1 obj,53,co2a0000375,0.09765625
13652,8,C2,26,2.879,a,S1 obj,53,co2a0000375,0.1015625
13653,8,C2,27,3.367,a,S1 obj,53,co2a0000375,0.10546875
13654,8,C2,28,3.367,a,S1 obj,53,co2a0000375,0.109375
13655,8,C2,29,3.367,a,S1 obj,53,co2a0000375,0.11328125
13656,8,C2,30,2.879,a,S1 obj,53,co2a0000375,0.1171875
13657,8,C2,31,2.391,a,S1 obj,53,co2a0000375,0.12109375
13658,8,C2,32,2.391,a,S1 obj,53,co2a0000375,0.125
13659,8,C2,33,2.391,a,S1 obj,53,co2a0000375,0.12890625
13660,8,C2,34,2.391,a,S1 obj,53,co2a0000375,0.1328125
13661,8,C2,35,3.367,a,S1 obj,53,co2a0000375,0.13671875
13662,8,C2,36,3.855,a,S1 obj,53,co2a0000375,0.140625
13663,8,C2,37,3.855,a,S1 obj,53,co2a0000375,0.14453125
13664,8,C2,38,3.367,a,S1 obj,53,co2a0000375,0.1484375
13665,8,C2,39,2.879,a,S1 obj,53,co2a0000375,0.15234375
13666,8,C2,40,2.391,a,S1 obj,53,co2a0000375,0.15625
13667,8,C2,41,1.902,a,S1 obj,53,co2a0000375,0.16015625
13668,8,C2,42,0.926,a,S1 obj,53,co2a0000375,0.1640625
13669,8,C2,43,-0.051,a,S1 obj,53,co2a0000375,0.16796875
13670,8,C2,44,-0.539,a,S1 obj,53,co2a0000375,0.171875
13671,8,C2,45,-0.539,a,S1 obj,53,co2a0000375,0.17578125
13672,8,C2,46,-0.051,a,S1 obj,53,co2a0000375,0.1796875
13673,8,C2,47,0.926,a,S1 obj,53,co2a0000375,0.18359375
13674,8,C2,48,2.391,a,S1 obj,53,co2a0000375,0.1875
13675,8,C2,49,2.879,a,S1 obj,53,co2a0000375,0.19140625
13676,8,C2,50,3.367,a,S1 obj,53,co2a0000375,0.1953125
13677,8,C2,51,3.855,a,S1 obj,53,co2a0000375,0.19921875
13678,8,C2,52,3.855,a,S1 obj,53,co2a0000375,0.203125
13679,8,C2,53,3.855,a,S1 obj,53,co2a0000375,0.20703125
13680,8,C2,54,3.855,a,S1 obj,53,co2a0000375,0.2109375
13681,8,C2,55,3.855,a,S1 obj,53,co2a0000375,0.21484375
13682,8,C2,56,3.367,a,S1 obj,53,co2a0000375,0.21875
13683,8,C2,57,3.855,a,S1 obj,53,co2a0000375,0.22265625
13684,8,C2,58,3.855,a,S1 obj,53,co2a0000375,0.2265625
13685,8,C2,59,3.855,a,S1 obj,53,co2a0000375,0.23046875
13686,8,C2,60,3.855,a,S1 obj,53,co2a0000375,0.234375
13687,8,C2,61,2.879,a,S1 obj,53,co2a0000375,0.23828125
13688,8,C2,62,2.391,a,S1 obj,53,co2a0000375,0.2421875
13689,8,C2,63,2.879,a,S1 obj,53,co2a0000375,0.24609375
13690,8,C2,64,3.855,a,S1 obj,53,co2a0000375,0.25
13691,8,C2,65,5.32,a,S1 obj,53,co2a0000375,0.25390625
13692,8,C2,66,6.785,a,S1 obj,53,co2a0000375,0.2578125
13693,8,C2,67,7.762,a,S1 obj,53,co2a0000375,0.26171875
13694,8,C2,68,7.762,a,S1 obj,53,co2a0000375,0.265625
13695,8,C2,69,8.25,a,S1 obj,53,co2a0000375,0.26953125
13696,8,C2,70,7.762,a,S1 obj,53,co2a0000375,0.2734375
13697,8,C2,71,7.762,a,S1 obj,53,co2a0000375,0.27734375
13698,8,C2,72,7.273,a,S1 obj,53,co2a0000375,0.28125
13699,8,C2,73,6.297,a,S1 obj,53,co2a0000375,0.28515625
13700,8,C2,74,6.297,a,S1 obj,53,co2a0000375,0.2890625
13701,8,C2,75,5.809,a,S1 obj,53,co2a0000375,0.29296875
13702,8,C2,76,6.297,a,S1 obj,53,co2a0000375,0.296875
13703,8,C2,77,6.785,a,S1 obj,53,co2a0000375,0.30078125
13704,8,C2,78,6.785,a,S1 obj,53,co2a0000375,0.3046875
13705,8,C2,79,6.785,a,S1 obj,53,co2a0000375,0.30859375
13706,8,C2,80,6.297,a,S1 obj,53,co2a0000375,0.3125
13707,8,C2,81,6.297,a,S1 obj,53,co2a0000375,0.31640625
13708,8,C2,82,5.32,a,S1 obj,53,co2a0000375,0.3203125
13709,8,C2,83,5.32,a,S1 obj,53,co2a0000375,0.32421875
13710,8,C2,84,5.32,a,S1 obj,53,co2a0000375,0.328125
13711,8,C2,85,5.809,a,S1 obj,53,co2a0000375,0.33203125
13712,8,C2,86,7.762,a,S1 obj,53,co2a0000375,0.3359375
13713,8,C2,87,8.738,a,S1 obj,53,co2a0000375,0.33984375
13714,8,C2,88,9.715,a,S1 obj,53,co2a0000375,0.34375
13715,8,C2,89,9.226,a,S1 obj,53,co2a0000375,0.34765625
13716,8,C2,90,8.25,a,S1 obj,53,co2a0000375,0.3515625
13717,8,C2,91,6.297,a,S1 obj,53,co2a0000375,0.35546875
13718,8,C2,92,5.32,a,S1 obj,53,co2a0000375,0.359375
13719,8,C2,93,4.344,a,S1 obj,53,co2a0000375,0.36328125
13720,8,C2,94,3.367,a,S1 obj,53,co2a0000375,0.3671875
13721,8,C2,95,2.879,a,S1 obj,53,co2a0000375,0.37109375
13722,8,C2,96,2.879,a,S1 obj,53,co2a0000375,0.375
13723,8,C2,97,3.855,a,S1 obj,53,co2a0000375,0.37890625
13724,8,C2,98,4.344,a,S1 obj,53,co2a0000375,0.3828125
13725,8,C2,99,4.344,a,S1 obj,53,co2a0000375,0.38671875
13726,8,C2,100,3.855,a,S1 obj,53,co2a0000375,0.390625
13727,8,C2,101,2.879,a,S1 obj,53,co2a0000375,0.39453125
13728,8,C2,102,1.902,a,S1 obj,53,co2a0000375,0.3984375
13729,8,C2,103,0.926,a,S1 obj,53,co2a0000375,0.40234375
13730,8,C2,104,0.437,a,S1 obj,53,co2a0000375,0.40625
13731,8,C2,105,1.414,a,S1 obj,53,co2a0000375,0.41015625
13732,8,C2,106,2.391,a,S1 obj,53,co2a0000375,0.4140625
13733,8,C2,107,3.367,a,S1 obj,53,co2a0000375,0.41796875
13734,8,C2,108,3.855,a,S1 obj,53,co2a0000375,0.421875
13735,8,C2,109,3.855,a,S1 obj,53,co2a0000375,0.42578125
13736,8,C2,110,2.879,a,S1 obj,53,co2a0000375,0.4296875
13737,8,C2,111,1.902,a,S1 obj,53,co2a0000375,0.43359375
13738,8,C2,112,1.414,a,S1 obj,53,co2a0000375,0.4375
13739,8,C2,113,0.926,a,S1 obj,53,co2a0000375,0.44140625
13740,8,C2,114,1.414,a,S1 obj,53,co2a0000375,0.4453125
13741,8,C2,115,1.414,a,S1 obj,53,co2a0000375,0.44921875
13742,8,C2,116,1.414,a,S1 obj,53,co2a0000375,0.453125
13743,8,C2,117,0.926,a,S1 obj,53,co2a0000375,0.45703125
13744,8,C2,118,-0.051,a,S1 obj,53,co2a0000375,0.4609375
13745,8,C2,119,-1.516,a,S1 obj,53,co2a0000375,0.46484375
13746,8,C2,120,-2.004,a,S1 obj,53,co2a0000375,0.46875
13747,8,C2,121,-2.004,a,S1 obj,53,co2a0000375,0.47265625
13748,8,C2,122,-1.027,a,S1 obj,53,co2a0000375,0.4765625
13749,8,C2,123,-0.539,a,S1 obj,53,co2a0000375,0.48046875
13750,8,C2,124,-0.051,a,S1 obj,53,co2a0000375,0.484375
13751,8,C2,125,-0.051,a,S1 obj,53,co2a0000375,0.48828125
13752,8,C2,126,-0.051,a,S1 obj,53,co2a0000375,0.4921875
13753,8,C2,127,-1.027,a,S1 obj,53,co2a0000375,0.49609375
13754,8,C2,128,-1.027,a,S1 obj,53,co2a0000375,0.5
13755,8,C2,129,-0.539,a,S1 obj,53,co2a0000375,0.50390625
13756,8,C2,130,0.437,a,S1 obj,53,co2a0000375,0.5078125
13757,8,C2,131,1.414,a,S1 obj,53,co2a0000375,0.51171875
13758,8,C2,132,2.391,a,S1 obj,53,co2a0000375,0.515625
13759,8,C2,133,2.879,a,S1 obj,53,co2a0000375,0.51953125
13760,8,C2,134,2.391,a,S1 obj,53,co2a0000375,0.5234375
13761,8,C2,135,1.902,a,S1 obj,53,co2a0000375,0.52734375
13762,8,C2,136,1.414,a,S1 obj,53,co2a0000375,0.53125
13763,8,C2,137,0.926,a,S1 obj,53,co2a0000375,0.53515625
13764,8,C2,138,1.414,a,S1 obj,53,co2a0000375,0.5390625
13765,8,C2,139,1.902,a,S1 obj,53,co2a0000375,0.54296875
13766,8,C2,140,1.902,a,S1 obj,53,co2a0000375,0.546875
13767,8,C2,141,2.391,a,S1 obj,53,co2a0000375,0.55078125
13768,8,C2,142,1.902,a,S1 obj,53,co2a0000375,0.5546875
13769,8,C2,143,1.902,a,S1 obj,53,co2a0000375,0.55859375
13770,8,C2,144,1.414,a,S1 obj,53,co2a0000375,0.5625
13771,8,C2,145,1.902,a,S1 obj,53,co2a0000375,0.56640625
13772,8,C2,146,1.414,a,S1 obj,53,co2a0000375,0.5703125
13773,8,C2,147,1.902,a,S1 obj,53,co2a0000375,0.57421875
13774,8,C2,148,1.902,a,S1 obj,53,co2a0000375,0.578125
13775,8,C2,149,1.902,a,S1 obj,53,co2a0000375,0.58203125
13776,8,C2,150,1.414,a,S1 obj,53,co2a0000375,0.5859375
13777,8,C2,151,1.902,a,S1 obj,53,co2a0000375,0.58984375
13778,8,C2,152,1.902,a,S1 obj,53,co2a0000375,0.59375
13779,8,C2,153,2.391,a,S1 obj,53,co2a0000375,0.59765625
13780,8,C2,154,2.879,a,S1 obj,53,co2a0000375,0.6015625
13781,8,C2,155,2.879,a,S1 obj,53,co2a0000375,0.60546875
13782,8,C2,156,2.391,a,S1 obj,53,co2a0000375,0.609375
13783,8,C2,157,2.391,a,S1 obj,53,co2a0000375,0.61328125
13784,8,C2,158,1.902,a,S1 obj,53,co2a0000375,0.6171875
13785,8,C2,159,1.902,a,S1 obj,53,co2a0000375,0.62109375
13786,8,C2,160,2.391,a,S1 obj,53,co2a0000375,0.625
13787,8,C2,161,2.879,a,S1 obj,53,co2a0000375,0.62890625
13788,8,C2,162,3.367,a,S1 obj,53,co2a0000375,0.6328125
13789,8,C2,163,3.367,a,S1 obj,53,co2a0000375,0.63671875
13790,8,C2,164,2.391,a,S1 obj,53,co2a0000375,0.640625
13791,8,C2,165,1.414,a,S1 obj,53,co2a0000375,0.64453125
13792,8,C2,166,0.437,a,S1 obj,53,co2a0000375,0.6484375
13793,8,C2,167,0.926,a,S1 obj,53,co2a0000375,0.65234375
13794,8,C2,168,1.902,a,S1 obj,53,co2a0000375,0.65625
13795,8,C2,169,2.879,a,S1 obj,53,co2a0000375,0.66015625
13796,8,C2,170,3.855,a,S1 obj,53,co2a0000375,0.6640625
13797,8,C2,171,3.367,a,S1 obj,53,co2a0000375,0.66796875
13798,8,C2,172,2.391,a,S1 obj,53,co2a0000375,0.671875
13799,8,C2,173,1.902,a,S1 obj,53,co2a0000375,0.67578125
13800,8,C2,174,1.414,a,S1 obj,53,co2a0000375,0.6796875
13801,8,C2,175,1.902,a,S1 obj,53,co2a0000375,0.68359375
13802,8,C2,176,2.391,a,S1 obj,53,co2a0000375,0.6875
13803,8,C2,177,1.902,a,S1 obj,53,co2a0000375,0.69140625
13804,8,C2,178,1.414,a,S1 obj,53,co2a0000375,0.6953125
13805,8,C2,179,0.926,a,S1 obj,53,co2a0000375,0.69921875
13806,8,C2,180,0.926,a,S1 obj,53,co2a0000375,0.703125
13807,8,C2,181,1.414,a,S1 obj,53,co2a0000375,0.70703125
13808,8,C2,182,2.391,a,S1 obj,53,co2a0000375,0.7109375
13809,8,C2,183,2.879,a,S1 obj,53,co2a0000375,0.71484375
13810,8,C2,184,3.367,a,S1 obj,53,co2a0000375,0.71875
13811,8,C2,185,2.879,a,S1 obj,53,co2a0000375,0.72265625
13812,8,C2,186,2.391,a,S1 obj,53,co2a0000375,0.7265625
13813,8,C2,187,1.902,a,S1 obj,53,co2a0000375,0.73046875
13814,8,C2,188,1.902,a,S1 obj,53,co2a0000375,0.734375
13815,8,C2,189,1.902,a,S1 obj,53,co2a0000375,0.73828125
13816,8,C2,190,1.902,a,S1 obj,53,co2a0000375,0.7421875
13817,8,C2,191,1.902,a,S1 obj,53,co2a0000375,0.74609375
13818,8,C2,192,2.391,a,S1 obj,53,co2a0000375,0.75
13819,8,C2,193,2.879,a,S1 obj,53,co2a0000375,0.75390625
13820,8,C2,194,3.855,a,S1 obj,53,co2a0000375,0.7578125
13821,8,C2,195,3.855,a,S1 obj,53,co2a0000375,0.76171875
13822,8,C2,196,3.855,a,S1 obj,53,co2a0000375,0.765625
13823,8,C2,197,2.879,a,S1 obj,53,co2a0000375,0.76953125
13824,8,C2,198,1.902,a,S1 obj,53,co2a0000375,0.7734375
13825,8,C2,199,0.926,a,S1 obj,53,co2a0000375,0.77734375
13826,8,C2,200,0.926,a,S1 obj,53,co2a0000375,0.78125
13827,8,C2,201,1.414,a,S1 obj,53,co2a0000375,0.78515625
13828,8,C2,202,2.391,a,S1 obj,53,co2a0000375,0.7890625
13829,8,C2,203,3.367,a,S1 obj,53,co2a0000375,0.79296875
13830,8,C2,204,3.855,a,S1 obj,53,co2a0000375,0.796875
13831,8,C2,205,3.855,a,S1 obj,53,co2a0000375,0.80078125
13832,8,C2,206,3.367,a,S1 obj,53,co2a0000375,0.8046875
13833,8,C2,207,2.391,a,S1 obj,53,co2a0000375,0.80859375
13834,8,C2,208,1.414,a,S1 obj,53,co2a0000375,0.8125
13835,8,C2,209,0.926,a,S1 obj,53,co2a0000375,0.81640625
13836,8,C2,210,-0.051,a,S1 obj,53,co2a0000375,0.8203125
13837,8,C2,211,-0.051,a,S1 obj,53,co2a0000375,0.82421875
13838,8,C2,212,-0.051,a,S1 obj,53,co2a0000375,0.828125
13839,8,C2,213,0.437,a,S1 obj,53,co2a0000375,0.83203125
13840,8,C2,214,1.414,a,S1 obj,53,co2a0000375,0.8359375
13841,8,C2,215,2.879,a,S1 obj,53,co2a0000375,0.83984375
13842,8,C2,216,3.855,a,S1 obj,53,co2a0000375,0.84375
13843,8,C2,217,4.344,a,S1 obj,53,co2a0000375,0.84765625
13844,8,C2,218,4.344,a,S1 obj,53,co2a0000375,0.8515625
13845,8,C2,219,3.855,a,S1 obj,53,co2a0000375,0.85546875
13846,8,C2,220,3.367,a,S1 obj,53,co2a0000375,0.859375
13847,8,C2,221,3.367,a,S1 obj,53,co2a0000375,0.86328125
13848,8,C2,222,3.855,a,S1 obj,53,co2a0000375,0.8671875
13849,8,C2,223,4.832,a,S1 obj,53,co2a0000375,0.87109375
13850,8,C2,224,5.32,a,S1 obj,53,co2a0000375,0.875
13851,8,C2,225,5.32,a,S1 obj,53,co2a0000375,0.87890625
13852,8,C2,226,4.832,a,S1 obj,53,co2a0000375,0.8828125
13853,8,C2,227,3.855,a,S1 obj,53,co2a0000375,0.88671875
13854,8,C2,228,2.879,a,S1 obj,53,co2a0000375,0.890625
13855,8,C2,229,2.879,a,S1 obj,53,co2a0000375,0.89453125
13856,8,C2,230,3.855,a,S1 obj,53,co2a0000375,0.8984375
13857,8,C2,231,5.32,a,S1 obj,53,co2a0000375,0.90234375
13858,8,C2,232,6.785,a,S1 obj,53,co2a0000375,0.90625
13859,8,C2,233,6.297,a,S1 obj,53,co2a0000375,0.91015625
13860,8,C2,234,5.809,a,S1 obj,53,co2a0000375,0.9140625
13861,8,C2,235,4.832,a,S1 obj,53,co2a0000375,0.91796875
13862,8,C2,236,3.855,a,S1 obj,53,co2a0000375,0.921875
13863,8,C2,237,4.344,a,S1 obj,53,co2a0000375,0.92578125
13864,8,C2,238,4.832,a,S1 obj,53,co2a0000375,0.9296875
13865,8,C2,239,4.832,a,S1 obj,53,co2a0000375,0.93359375
13866,8,C2,240,4.832,a,S1 obj,53,co2a0000375,0.9375
13867,8,C2,241,4.344,a,S1 obj,53,co2a0000375,0.94140625
13868,8,C2,242,4.832,a,S1 obj,53,co2a0000375,0.9453125
13869,8,C2,243,5.809,a,S1 obj,53,co2a0000375,0.94921875
13870,8,C2,244,6.297,a,S1 obj,53,co2a0000375,0.953125
13871,8,C2,245,6.297,a,S1 obj,53,co2a0000375,0.95703125
13872,8,C2,246,4.832,a,S1 obj,53,co2a0000375,0.9609375
13873,8,C2,247,3.367,a,S1 obj,53,co2a0000375,0.96484375
13874,8,C2,248,2.391,a,S1 obj,53,co2a0000375,0.96875
13875,8,C2,249,1.902,a,S1 obj,53,co2a0000375,0.97265625
13876,8,C2,250,2.879,a,S1 obj,53,co2a0000375,0.9765625
13877,8,C2,251,4.344,a,S1 obj,53,co2a0000375,0.98046875
13878,8,C2,252,5.809,a,S1 obj,53,co2a0000375,0.984375
13879,8,C2,253,6.297,a,S1 obj,53,co2a0000375,0.98828125
13880,8,C2,254,6.785,a,S1 obj,53,co2a0000375,0.9921875
13881,8,C2,255,6.785,a,S1 obj,53,co2a0000375,0.99609375
13883,8,PO7,0,5.239,a,S1 obj,54,co2a0000375,0.0
13884,8,PO7,1,4.262,a,S1 obj,54,co2a0000375,0.00390625
13885,8,PO7,2,3.774,a,S1 obj,54,co2a0000375,0.0078125
13886,8,PO7,3,3.774,a,S1 obj,54,co2a0000375,0.01171875
13887,8,PO7,4,4.751,a,S1 obj,54,co2a0000375,0.015625
13888,8,PO7,5,7.192,a,S1 obj,54,co2a0000375,0.01953125
13889,8,PO7,6,9.633,a,S1 obj,54,co2a0000375,0.0234375
13890,8,PO7,7,11.587,a,S1 obj,54,co2a0000375,0.02734375
13891,8,PO7,8,10.122,a,S1 obj,54,co2a0000375,0.03125
13892,8,PO7,9,5.727,a,S1 obj,54,co2a0000375,0.03515625
13893,8,PO7,10,-0.132,a,S1 obj,54,co2a0000375,0.0390625
13894,8,PO7,11,-5.015,a,S1 obj,54,co2a0000375,0.04296875
13895,8,PO7,12,-6.48,a,S1 obj,54,co2a0000375,0.046875
13896,8,PO7,13,-3.062,a,S1 obj,54,co2a0000375,0.05078125
13897,8,PO7,14,2.309,a,S1 obj,54,co2a0000375,0.0546875
13898,8,PO7,15,7.192,a,S1 obj,54,co2a0000375,0.05859375
13899,8,PO7,16,9.145,a,S1 obj,54,co2a0000375,0.0625
13900,8,PO7,17,8.169,a,S1 obj,54,co2a0000375,0.06640625
13901,8,PO7,18,6.215,a,S1 obj,54,co2a0000375,0.0703125
13902,8,PO7,19,5.727,a,S1 obj,54,co2a0000375,0.07421875
13903,8,PO7,20,7.68,a,S1 obj,54,co2a0000375,0.078125
13904,8,PO7,21,10.122,a,S1 obj,54,co2a0000375,0.08203125
13905,8,PO7,22,11.587,a,S1 obj,54,co2a0000375,0.0859375
13906,8,PO7,23,11.098,a,S1 obj,54,co2a0000375,0.08984375
13907,8,PO7,24,9.633,a,S1 obj,54,co2a0000375,0.09375
13908,8,PO7,25,8.657,a,S1 obj,54,co2a0000375,0.09765625
13909,8,PO7,26,8.169,a,S1 obj,54,co2a0000375,0.1015625
13910,8,PO7,27,8.169,a,S1 obj,54,co2a0000375,0.10546875
13911,8,PO7,28,7.68,a,S1 obj,54,co2a0000375,0.109375
13912,8,PO7,29,6.215,a,S1 obj,54,co2a0000375,0.11328125
13913,8,PO7,30,4.751,a,S1 obj,54,co2a0000375,0.1171875
13914,8,PO7,31,3.774,a,S1 obj,54,co2a0000375,0.12109375
13915,8,PO7,32,3.774,a,S1 obj,54,co2a0000375,0.125
13916,8,PO7,33,4.751,a,S1 obj,54,co2a0000375,0.12890625
13917,8,PO7,34,4.751,a,S1 obj,54,co2a0000375,0.1328125
13918,8,PO7,35,3.286,a,S1 obj,54,co2a0000375,0.13671875
13919,8,PO7,36,1.333,a,S1 obj,54,co2a0000375,0.140625
13920,8,PO7,37,-0.621,a,S1 obj,54,co2a0000375,0.14453125
13921,8,PO7,38,-1.109,a,S1 obj,54,co2a0000375,0.1484375
13922,8,PO7,39,-0.132,a,S1 obj,54,co2a0000375,0.15234375
13923,8,PO7,40,2.309,a,S1 obj,54,co2a0000375,0.15625
13924,8,PO7,41,4.262,a,S1 obj,54,co2a0000375,0.16015625
13925,8,PO7,42,5.239,a,S1 obj,54,co2a0000375,0.1640625
13926,8,PO7,43,5.727,a,S1 obj,54,co2a0000375,0.16796875
13927,8,PO7,44,6.215,a,S1 obj,54,co2a0000375,0.171875
13928,8,PO7,45,6.704,a,S1 obj,54,co2a0000375,0.17578125
13929,8,PO7,46,7.192,a,S1 obj,54,co2a0000375,0.1796875
13930,8,PO7,47,6.215,a,S1 obj,54,co2a0000375,0.18359375
13931,8,PO7,48,3.774,a,S1 obj,54,co2a0000375,0.1875
13932,8,PO7,49,1.333,a,S1 obj,54,co2a0000375,0.19140625
13933,8,PO7,50,-0.132,a,S1 obj,54,co2a0000375,0.1953125
13934,8,PO7,51,-0.132,a,S1 obj,54,co2a0000375,0.19921875
13935,8,PO7,52,-0.132,a,S1 obj,54,co2a0000375,0.203125
13936,8,PO7,53,-1.597,a,S1 obj,54,co2a0000375,0.20703125
13937,8,PO7,54,-4.527,a,S1 obj,54,co2a0000375,0.2109375
13938,8,PO7,55,-7.456,a,S1 obj,54,co2a0000375,0.21484375
13939,8,PO7,56,-7.456,a,S1 obj,54,co2a0000375,0.21875
13940,8,PO7,57,-4.038,a,S1 obj,54,co2a0000375,0.22265625
13941,8,PO7,58,0.844,a,S1 obj,54,co2a0000375,0.2265625
13942,8,PO7,59,5.239,a,S1 obj,54,co2a0000375,0.23046875
13943,8,PO7,60,7.192,a,S1 obj,54,co2a0000375,0.234375
13944,8,PO7,61,7.68,a,S1 obj,54,co2a0000375,0.23828125
13945,8,PO7,62,8.657,a,S1 obj,54,co2a0000375,0.2421875
13946,8,PO7,63,11.098,a,S1 obj,54,co2a0000375,0.24609375
13947,8,PO7,64,13.54,a,S1 obj,54,co2a0000375,0.25
13948,8,PO7,65,14.516,a,S1 obj,54,co2a0000375,0.25390625
13949,8,PO7,66,12.075,a,S1 obj,54,co2a0000375,0.2578125
13950,8,PO7,67,8.657,a,S1 obj,54,co2a0000375,0.26171875
13951,8,PO7,68,6.215,a,S1 obj,54,co2a0000375,0.265625
13952,8,PO7,69,6.704,a,S1 obj,54,co2a0000375,0.26953125
13953,8,PO7,70,8.657,a,S1 obj,54,co2a0000375,0.2734375
13954,8,PO7,71,10.61,a,S1 obj,54,co2a0000375,0.27734375
13955,8,PO7,72,10.61,a,S1 obj,54,co2a0000375,0.28125
13956,8,PO7,73,8.657,a,S1 obj,54,co2a0000375,0.28515625
13957,8,PO7,74,6.704,a,S1 obj,54,co2a0000375,0.2890625
13958,8,PO7,75,5.727,a,S1 obj,54,co2a0000375,0.29296875
13959,8,PO7,76,6.215,a,S1 obj,54,co2a0000375,0.296875
13960,8,PO7,77,7.192,a,S1 obj,54,co2a0000375,0.30078125
13961,8,PO7,78,7.192,a,S1 obj,54,co2a0000375,0.3046875
13962,8,PO7,79,7.68,a,S1 obj,54,co2a0000375,0.30859375
13963,8,PO7,80,7.68,a,S1 obj,54,co2a0000375,0.3125
13964,8,PO7,81,8.657,a,S1 obj,54,co2a0000375,0.31640625
13965,8,PO7,82,10.122,a,S1 obj,54,co2a0000375,0.3203125
13966,8,PO7,83,10.61,a,S1 obj,54,co2a0000375,0.32421875
13967,8,PO7,84,11.587,a,S1 obj,54,co2a0000375,0.328125
13968,8,PO7,85,12.563,a,S1 obj,54,co2a0000375,0.33203125
13969,8,PO7,86,13.051,a,S1 obj,54,co2a0000375,0.3359375
13970,8,PO7,87,14.028,a,S1 obj,54,co2a0000375,0.33984375
13971,8,PO7,88,15.004,a,S1 obj,54,co2a0000375,0.34375
13972,8,PO7,89,15.004,a,S1 obj,54,co2a0000375,0.34765625
13973,8,PO7,90,13.54,a,S1 obj,54,co2a0000375,0.3515625
13974,8,PO7,91,11.098,a,S1 obj,54,co2a0000375,0.35546875
13975,8,PO7,92,8.657,a,S1 obj,54,co2a0000375,0.359375
13976,8,PO7,93,6.215,a,S1 obj,54,co2a0000375,0.36328125
13977,8,PO7,94,3.286,a,S1 obj,54,co2a0000375,0.3671875
13978,8,PO7,95,1.333,a,S1 obj,54,co2a0000375,0.37109375
13979,8,PO7,96,0.356,a,S1 obj,54,co2a0000375,0.375
13980,8,PO7,97,0.356,a,S1 obj,54,co2a0000375,0.37890625
13981,8,PO7,98,1.821,a,S1 obj,54,co2a0000375,0.3828125
13982,8,PO7,99,3.774,a,S1 obj,54,co2a0000375,0.38671875
13983,8,PO7,100,4.751,a,S1 obj,54,co2a0000375,0.390625
13984,8,PO7,101,3.774,a,S1 obj,54,co2a0000375,0.39453125
13985,8,PO7,102,1.821,a,S1 obj,54,co2a0000375,0.3984375
13986,8,PO7,103,-0.132,a,S1 obj,54,co2a0000375,0.40234375
13987,8,PO7,104,0.844,a,S1 obj,54,co2a0000375,0.40625
13988,8,PO7,105,5.239,a,S1 obj,54,co2a0000375,0.41015625
13989,8,PO7,106,10.122,a,S1 obj,54,co2a0000375,0.4140625
13990,8,PO7,107,12.563,a,S1 obj,54,co2a0000375,0.41796875
13991,8,PO7,108,10.122,a,S1 obj,54,co2a0000375,0.421875
13992,8,PO7,109,3.774,a,S1 obj,54,co2a0000375,0.42578125
13993,8,PO7,110,-3.062,a,S1 obj,54,co2a0000375,0.4296875
13994,8,PO7,111,-6.968,a,S1 obj,54,co2a0000375,0.43359375
13995,8,PO7,112,-7.945,a,S1 obj,54,co2a0000375,0.4375
13996,8,PO7,113,-6.968,a,S1 obj,54,co2a0000375,0.44140625
13997,8,PO7,114,-6.968,a,S1 obj,54,co2a0000375,0.4453125
13998,8,PO7,115,-8.921,a,S1 obj,54,co2a0000375,0.44921875
13999,8,PO7,116,-11.851,a,S1 obj,54,co2a0000375,0.453125
14000,8,PO7,117,-13.804,a,S1 obj,54,co2a0000375,0.45703125
14001,8,PO7,118,-14.781,a,S1 obj,54,co2a0000375,0.4609375
14002,8,PO7,119,-14.781,a,S1 obj,54,co2a0000375,0.46484375
14003,8,PO7,120,-14.781,a,S1 obj,54,co2a0000375,0.46875
14004,8,PO7,121,-16.246,a,S1 obj,54,co2a0000375,0.47265625
14005,8,PO7,122,-16.734,a,S1 obj,54,co2a0000375,0.4765625
14006,8,PO7,123,-16.246,a,S1 obj,54,co2a0000375,0.48046875
14007,8,PO7,124,-12.828,a,S1 obj,54,co2a0000375,0.484375
14008,8,PO7,125,-6.968,a,S1 obj,54,co2a0000375,0.48828125
14009,8,PO7,126,-1.597,a,S1 obj,54,co2a0000375,0.4921875
14010,8,PO7,127,1.821,a,S1 obj,54,co2a0000375,0.49609375
14011,8,PO7,128,1.821,a,S1 obj,54,co2a0000375,0.5
14012,8,PO7,129,-1.109,a,S1 obj,54,co2a0000375,0.50390625
14013,8,PO7,130,-5.015,a,S1 obj,54,co2a0000375,0.5078125
14014,8,PO7,131,-7.456,a,S1 obj,54,co2a0000375,0.51171875
14015,8,PO7,132,-7.945,a,S1 obj,54,co2a0000375,0.515625
14016,8,PO7,133,-7.945,a,S1 obj,54,co2a0000375,0.51953125
14017,8,PO7,134,-7.945,a,S1 obj,54,co2a0000375,0.5234375
14018,8,PO7,135,-9.898,a,S1 obj,54,co2a0000375,0.52734375
14019,8,PO7,136,-12.828,a,S1 obj,54,co2a0000375,0.53125
14020,8,PO7,137,-15.757,a,S1 obj,54,co2a0000375,0.53515625
14021,8,PO7,138,-17.222,a,S1 obj,54,co2a0000375,0.5390625
14022,8,PO7,139,-16.734,a,S1 obj,54,co2a0000375,0.54296875
14023,8,PO7,140,-16.246,a,S1 obj,54,co2a0000375,0.546875
14024,8,PO7,141,-15.757,a,S1 obj,54,co2a0000375,0.55078125
14025,8,PO7,142,-16.734,a,S1 obj,54,co2a0000375,0.5546875
14026,8,PO7,143,-17.71,a,S1 obj,54,co2a0000375,0.55859375
14027,8,PO7,144,-17.222,a,S1 obj,54,co2a0000375,0.5625
14028,8,PO7,145,-13.804,a,S1 obj,54,co2a0000375,0.56640625
14029,8,PO7,146,-9.41,a,S1 obj,54,co2a0000375,0.5703125
14030,8,PO7,147,-5.015,a,S1 obj,54,co2a0000375,0.57421875
14031,8,PO7,148,-2.085,a,S1 obj,54,co2a0000375,0.578125
14032,8,PO7,149,-1.109,a,S1 obj,54,co2a0000375,0.58203125
14033,8,PO7,150,-1.109,a,S1 obj,54,co2a0000375,0.5859375
14034,8,PO7,151,-1.109,a,S1 obj,54,co2a0000375,0.58984375
14035,8,PO7,152,-1.109,a,S1 obj,54,co2a0000375,0.59375
14036,8,PO7,153,-1.597,a,S1 obj,54,co2a0000375,0.59765625
14037,8,PO7,154,-3.55,a,S1 obj,54,co2a0000375,0.6015625
14038,8,PO7,155,-6.48,a,S1 obj,54,co2a0000375,0.60546875
14039,8,PO7,156,-9.41,a,S1 obj,54,co2a0000375,0.609375
14040,8,PO7,157,-10.386,a,S1 obj,54,co2a0000375,0.61328125
14041,8,PO7,158,-9.898,a,S1 obj,54,co2a0000375,0.6171875
14042,8,PO7,159,-7.945,a,S1 obj,54,co2a0000375,0.62109375
14043,8,PO7,160,-6.968,a,S1 obj,54,co2a0000375,0.625
14044,8,PO7,161,-6.968,a,S1 obj,54,co2a0000375,0.62890625
14045,8,PO7,162,-8.921,a,S1 obj,54,co2a0000375,0.6328125
14046,8,PO7,163,-10.386,a,S1 obj,54,co2a0000375,0.63671875
14047,8,PO7,164,-11.363,a,S1 obj,54,co2a0000375,0.640625
14048,8,PO7,165,-11.363,a,S1 obj,54,co2a0000375,0.64453125
14049,8,PO7,166,-11.851,a,S1 obj,54,co2a0000375,0.6484375
14050,8,PO7,167,-12.828,a,S1 obj,54,co2a0000375,0.65234375
14051,8,PO7,168,-14.292,a,S1 obj,54,co2a0000375,0.65625
14052,8,PO7,169,-14.781,a,S1 obj,54,co2a0000375,0.66015625
14053,8,PO7,170,-13.804,a,S1 obj,54,co2a0000375,0.6640625
14054,8,PO7,171,-12.339,a,S1 obj,54,co2a0000375,0.66796875
14055,8,PO7,172,-10.874,a,S1 obj,54,co2a0000375,0.671875
14056,8,PO7,173,-12.339,a,S1 obj,54,co2a0000375,0.67578125
14057,8,PO7,174,-15.269,a,S1 obj,54,co2a0000375,0.6796875
14058,8,PO7,175,-17.71,a,S1 obj,54,co2a0000375,0.68359375
14059,8,PO7,176,-17.222,a,S1 obj,54,co2a0000375,0.6875
14060,8,PO7,177,-13.804,a,S1 obj,54,co2a0000375,0.69140625
14061,8,PO7,178,-8.433,a,S1 obj,54,co2a0000375,0.6953125
14062,8,PO7,179,-5.992,a,S1 obj,54,co2a0000375,0.69921875
14063,8,PO7,180,-7.945,a,S1 obj,54,co2a0000375,0.703125
14064,8,PO7,181,-13.316,a,S1 obj,54,co2a0000375,0.70703125
14065,8,PO7,182,-18.687,a,S1 obj,54,co2a0000375,0.7109375
14066,8,PO7,183,-21.617,a,S1 obj,54,co2a0000375,0.71484375
14067,8,PO7,184,-20.152,a,S1 obj,54,co2a0000375,0.71875
14068,8,PO7,185,-16.246,a,S1 obj,54,co2a0000375,0.72265625
14069,8,PO7,186,-13.804,a,S1 obj,54,co2a0000375,0.7265625
14070,8,PO7,187,-13.316,a,S1 obj,54,co2a0000375,0.73046875
14071,8,PO7,188,-14.781,a,S1 obj,54,co2a0000375,0.734375
14072,8,PO7,189,-14.781,a,S1 obj,54,co2a0000375,0.73828125
14073,8,PO7,190,-12.828,a,S1 obj,54,co2a0000375,0.7421875
14074,8,PO7,191,-8.921,a,S1 obj,54,co2a0000375,0.74609375
14075,8,PO7,192,-6.48,a,S1 obj,54,co2a0000375,0.75
14076,8,PO7,193,-6.48,a,S1 obj,54,co2a0000375,0.75390625
14077,8,PO7,194,-9.898,a,S1 obj,54,co2a0000375,0.7578125
14078,8,PO7,195,-14.781,a,S1 obj,54,co2a0000375,0.76171875
14079,8,PO7,196,-17.222,a,S1 obj,54,co2a0000375,0.765625
14080,8,PO7,197,-16.246,a,S1 obj,54,co2a0000375,0.76953125
14081,8,PO7,198,-11.851,a,S1 obj,54,co2a0000375,0.7734375
14082,8,PO7,199,-6.968,a,S1 obj,54,co2a0000375,0.77734375
14083,8,PO7,200,-4.527,a,S1 obj,54,co2a0000375,0.78125
14084,8,PO7,201,-5.503,a,S1 obj,54,co2a0000375,0.78515625
14085,8,PO7,202,-7.945,a,S1 obj,54,co2a0000375,0.7890625
14086,8,PO7,203,-10.874,a,S1 obj,54,co2a0000375,0.79296875
14087,8,PO7,204,-11.363,a,S1 obj,54,co2a0000375,0.796875
14088,8,PO7,205,-9.898,a,S1 obj,54,co2a0000375,0.80078125
14089,8,PO7,206,-9.898,a,S1 obj,54,co2a0000375,0.8046875
14090,8,PO7,207,-11.363,a,S1 obj,54,co2a0000375,0.80859375
14091,8,PO7,208,-14.292,a,S1 obj,54,co2a0000375,0.8125
14092,8,PO7,209,-15.757,a,S1 obj,54,co2a0000375,0.81640625
14093,8,PO7,210,-13.316,a,S1 obj,54,co2a0000375,0.8203125
14094,8,PO7,211,-6.968,a,S1 obj,54,co2a0000375,0.82421875
14095,8,PO7,212,0.356,a,S1 obj,54,co2a0000375,0.828125
14096,8,PO7,213,4.751,a,S1 obj,54,co2a0000375,0.83203125
14097,8,PO7,214,4.751,a,S1 obj,54,co2a0000375,0.8359375
14098,8,PO7,215,1.333,a,S1 obj,54,co2a0000375,0.83984375
14099,8,PO7,216,-1.109,a,S1 obj,54,co2a0000375,0.84375
14100,8,PO7,217,-0.621,a,S1 obj,54,co2a0000375,0.84765625
14101,8,PO7,218,2.797,a,S1 obj,54,co2a0000375,0.8515625
14102,8,PO7,219,5.727,a,S1 obj,54,co2a0000375,0.85546875
14103,8,PO7,220,4.262,a,S1 obj,54,co2a0000375,0.859375
14104,8,PO7,221,-1.597,a,S1 obj,54,co2a0000375,0.86328125
14105,8,PO7,222,-8.921,a,S1 obj,54,co2a0000375,0.8671875
14106,8,PO7,223,-12.828,a,S1 obj,54,co2a0000375,0.87109375
14107,8,PO7,224,-12.339,a,S1 obj,54,co2a0000375,0.875
14108,8,PO7,225,-9.41,a,S1 obj,54,co2a0000375,0.87890625
14109,8,PO7,226,-7.456,a,S1 obj,54,co2a0000375,0.8828125
14110,8,PO7,227,-7.945,a,S1 obj,54,co2a0000375,0.88671875
14111,8,PO7,228,-10.874,a,S1 obj,54,co2a0000375,0.890625
14112,8,PO7,229,-12.828,a,S1 obj,54,co2a0000375,0.89453125
14113,8,PO7,230,-11.851,a,S1 obj,54,co2a0000375,0.8984375
14114,8,PO7,231,-8.921,a,S1 obj,54,co2a0000375,0.90234375
14115,8,PO7,232,-5.992,a,S1 obj,54,co2a0000375,0.90625
14116,8,PO7,233,-4.038,a,S1 obj,54,co2a0000375,0.91015625
14117,8,PO7,234,-4.527,a,S1 obj,54,co2a0000375,0.9140625
14118,8,PO7,235,-6.968,a,S1 obj,54,co2a0000375,0.91796875
14119,8,PO7,236,-8.921,a,S1 obj,54,co2a0000375,0.921875
14120,8,PO7,237,-10.874,a,S1 obj,54,co2a0000375,0.92578125
14121,8,PO7,238,-12.339,a,S1 obj,54,co2a0000375,0.9296875
14122,8,PO7,239,-13.804,a,S1 obj,54,co2a0000375,0.93359375
14123,8,PO7,240,-14.292,a,S1 obj,54,co2a0000375,0.9375
14124,8,PO7,241,-13.804,a,S1 obj,54,co2a0000375,0.94140625
14125,8,PO7,242,-12.339,a,S1 obj,54,co2a0000375,0.9453125
14126,8,PO7,243,-9.898,a,S1 obj,54,co2a0000375,0.94921875
14127,8,PO7,244,-8.433,a,S1 obj,54,co2a0000375,0.953125
14128,8,PO7,245,-8.433,a,S1 obj,54,co2a0000375,0.95703125
14129,8,PO7,246,-9.898,a,S1 obj,54,co2a0000375,0.9609375
14130,8,PO7,247,-12.339,a,S1 obj,54,co2a0000375,0.96484375
14131,8,PO7,248,-13.316,a,S1 obj,54,co2a0000375,0.96875
14132,8,PO7,249,-12.339,a,S1 obj,54,co2a0000375,0.97265625
14133,8,PO7,250,-9.41,a,S1 obj,54,co2a0000375,0.9765625
14134,8,PO7,251,-5.503,a,S1 obj,54,co2a0000375,0.98046875
14135,8,PO7,252,-1.109,a,S1 obj,54,co2a0000375,0.984375
14136,8,PO7,253,1.821,a,S1 obj,54,co2a0000375,0.98828125
14137,8,PO7,254,3.774,a,S1 obj,54,co2a0000375,0.9921875
14138,8,PO7,255,4.262,a,S1 obj,54,co2a0000375,0.99609375
14140,8,PO8,0,2.35,a,S1 obj,55,co2a0000375,0.0
14141,8,PO8,1,0.397,a,S1 obj,55,co2a0000375,0.00390625
14142,8,PO8,2,-2.045,a,S1 obj,55,co2a0000375,0.0078125
14143,8,PO8,3,-2.533,a,S1 obj,55,co2a0000375,0.01171875
14144,8,PO8,4,-0.58,a,S1 obj,55,co2a0000375,0.015625
14145,8,PO8,5,2.35,a,S1 obj,55,co2a0000375,0.01953125
14146,8,PO8,6,4.791,a,S1 obj,55,co2a0000375,0.0234375
14147,8,PO8,7,6.256,a,S1 obj,55,co2a0000375,0.02734375
14148,8,PO8,8,5.768,a,S1 obj,55,co2a0000375,0.03125
14149,8,PO8,9,3.326,a,S1 obj,55,co2a0000375,0.03515625
14150,8,PO8,10,-0.58,a,S1 obj,55,co2a0000375,0.0390625
14151,8,PO8,11,-4.486,a,S1 obj,55,co2a0000375,0.04296875
14152,8,PO8,12,-6.927,a,S1 obj,55,co2a0000375,0.046875
14153,8,PO8,13,-7.416,a,S1 obj,55,co2a0000375,0.05078125
14154,8,PO8,14,-5.463,a,S1 obj,55,co2a0000375,0.0546875
14155,8,PO8,15,-2.045,a,S1 obj,55,co2a0000375,0.05859375
14156,8,PO8,16,1.373,a,S1 obj,55,co2a0000375,0.0625
14157,8,PO8,17,3.326,a,S1 obj,55,co2a0000375,0.06640625
14158,8,PO8,18,3.815,a,S1 obj,55,co2a0000375,0.0703125
14159,8,PO8,19,3.326,a,S1 obj,55,co2a0000375,0.07421875
14160,8,PO8,20,3.815,a,S1 obj,55,co2a0000375,0.078125
14161,8,PO8,21,5.28,a,S1 obj,55,co2a0000375,0.08203125
14162,8,PO8,22,7.721,a,S1 obj,55,co2a0000375,0.0859375
14163,8,PO8,23,9.674,a,S1 obj,55,co2a0000375,0.08984375
14164,8,PO8,24,9.674,a,S1 obj,55,co2a0000375,0.09375
14165,8,PO8,25,8.209,a,S1 obj,55,co2a0000375,0.09765625
14166,8,PO8,26,6.256,a,S1 obj,55,co2a0000375,0.1015625
14167,8,PO8,27,4.791,a,S1 obj,55,co2a0000375,0.10546875
14168,8,PO8,28,4.791,a,S1 obj,55,co2a0000375,0.109375
14169,8,PO8,29,5.28,a,S1 obj,55,co2a0000375,0.11328125
14170,8,PO8,30,5.28,a,S1 obj,55,co2a0000375,0.1171875
14171,8,PO8,31,3.815,a,S1 obj,55,co2a0000375,0.12109375
14172,8,PO8,32,0.885,a,S1 obj,55,co2a0000375,0.125
14173,8,PO8,33,-1.068,a,S1 obj,55,co2a0000375,0.12890625
14174,8,PO8,34,-2.045,a,S1 obj,55,co2a0000375,0.1328125
14175,8,PO8,35,-1.068,a,S1 obj,55,co2a0000375,0.13671875
14176,8,PO8,36,0.397,a,S1 obj,55,co2a0000375,0.140625
14177,8,PO8,37,1.373,a,S1 obj,55,co2a0000375,0.14453125
14178,8,PO8,38,0.885,a,S1 obj,55,co2a0000375,0.1484375
14179,8,PO8,39,-0.58,a,S1 obj,55,co2a0000375,0.15234375
14180,8,PO8,40,-2.045,a,S1 obj,55,co2a0000375,0.15625
14181,8,PO8,41,-3.021,a,S1 obj,55,co2a0000375,0.16015625
14182,8,PO8,42,-3.021,a,S1 obj,55,co2a0000375,0.1640625
14183,8,PO8,43,-3.998,a,S1 obj,55,co2a0000375,0.16796875
14184,8,PO8,44,-4.974,a,S1 obj,55,co2a0000375,0.171875
14185,8,PO8,45,-6.439,a,S1 obj,55,co2a0000375,0.17578125
14186,8,PO8,46,-6.927,a,S1 obj,55,co2a0000375,0.1796875
14187,8,PO8,47,-6.927,a,S1 obj,55,co2a0000375,0.18359375
14188,8,PO8,48,-5.951,a,S1 obj,55,co2a0000375,0.1875
14189,8,PO8,49,-4.486,a,S1 obj,55,co2a0000375,0.19140625
14190,8,PO8,50,-3.51,a,S1 obj,55,co2a0000375,0.1953125
14191,8,PO8,51,-3.021,a,S1 obj,55,co2a0000375,0.19921875
14192,8,PO8,52,-3.51,a,S1 obj,55,co2a0000375,0.203125
14193,8,PO8,53,-4.486,a,S1 obj,55,co2a0000375,0.20703125
14194,8,PO8,54,-5.951,a,S1 obj,55,co2a0000375,0.2109375
14195,8,PO8,55,-6.439,a,S1 obj,55,co2a0000375,0.21484375
14196,8,PO8,56,-5.463,a,S1 obj,55,co2a0000375,0.21875
14197,8,PO8,57,-2.045,a,S1 obj,55,co2a0000375,0.22265625
14198,8,PO8,58,2.35,a,S1 obj,55,co2a0000375,0.2265625
14199,8,PO8,59,5.28,a,S1 obj,55,co2a0000375,0.23046875
14200,8,PO8,60,6.256,a,S1 obj,55,co2a0000375,0.234375
14201,8,PO8,61,6.256,a,S1 obj,55,co2a0000375,0.23828125
14202,8,PO8,62,6.744,a,S1 obj,55,co2a0000375,0.2421875
14203,8,PO8,63,9.186,a,S1 obj,55,co2a0000375,0.24609375
14204,8,PO8,64,12.115,a,S1 obj,55,co2a0000375,0.25
14205,8,PO8,65,15.045,a,S1 obj,55,co2a0000375,0.25390625
14206,8,PO8,66,16.51,a,S1 obj,55,co2a0000375,0.2578125
14207,8,PO8,67,16.022,a,S1 obj,55,co2a0000375,0.26171875
14208,8,PO8,68,14.557,a,S1 obj,55,co2a0000375,0.265625
14209,8,PO8,69,12.604,a,S1 obj,55,co2a0000375,0.26953125
14210,8,PO8,70,11.627,a,S1 obj,55,co2a0000375,0.2734375
14211,8,PO8,71,10.651,a,S1 obj,55,co2a0000375,0.27734375
14212,8,PO8,72,8.698,a,S1 obj,55,co2a0000375,0.28125
14213,8,PO8,73,6.744,a,S1 obj,55,co2a0000375,0.28515625
14214,8,PO8,74,4.791,a,S1 obj,55,co2a0000375,0.2890625
14215,8,PO8,75,3.326,a,S1 obj,55,co2a0000375,0.29296875
14216,8,PO8,76,1.862,a,S1 obj,55,co2a0000375,0.296875
14217,8,PO8,77,0.397,a,S1 obj,55,co2a0000375,0.30078125
14218,8,PO8,78,-0.092,a,S1 obj,55,co2a0000375,0.3046875
14219,8,PO8,79,0.885,a,S1 obj,55,co2a0000375,0.30859375
14220,8,PO8,80,2.838,a,S1 obj,55,co2a0000375,0.3125
14221,8,PO8,81,5.768,a,S1 obj,55,co2a0000375,0.31640625
14222,8,PO8,82,8.209,a,S1 obj,55,co2a0000375,0.3203125
14223,8,PO8,83,9.674,a,S1 obj,55,co2a0000375,0.32421875
14224,8,PO8,84,9.674,a,S1 obj,55,co2a0000375,0.328125
14225,8,PO8,85,8.698,a,S1 obj,55,co2a0000375,0.33203125
14226,8,PO8,86,8.698,a,S1 obj,55,co2a0000375,0.3359375
14227,8,PO8,87,9.186,a,S1 obj,55,co2a0000375,0.33984375
14228,8,PO8,88,9.674,a,S1 obj,55,co2a0000375,0.34375
14229,8,PO8,89,8.698,a,S1 obj,55,co2a0000375,0.34765625
14230,8,PO8,90,6.256,a,S1 obj,55,co2a0000375,0.3515625
14231,8,PO8,91,2.35,a,S1 obj,55,co2a0000375,0.35546875
14232,8,PO8,92,-1.556,a,S1 obj,55,co2a0000375,0.359375
14233,8,PO8,93,-3.51,a,S1 obj,55,co2a0000375,0.36328125
14234,8,PO8,94,-4.486,a,S1 obj,55,co2a0000375,0.3671875
14235,8,PO8,95,-3.51,a,S1 obj,55,co2a0000375,0.37109375
14236,8,PO8,96,-2.533,a,S1 obj,55,co2a0000375,0.375
14237,8,PO8,97,-2.045,a,S1 obj,55,co2a0000375,0.37890625
14238,8,PO8,98,-1.068,a,S1 obj,55,co2a0000375,0.3828125
14239,8,PO8,99,-1.068,a,S1 obj,55,co2a0000375,0.38671875
14240,8,PO8,100,-1.556,a,S1 obj,55,co2a0000375,0.390625
14241,8,PO8,101,-2.533,a,S1 obj,55,co2a0000375,0.39453125
14242,8,PO8,102,-3.998,a,S1 obj,55,co2a0000375,0.3984375
14243,8,PO8,103,-4.486,a,S1 obj,55,co2a0000375,0.40234375
14244,8,PO8,104,-2.533,a,S1 obj,55,co2a0000375,0.40625
14245,8,PO8,105,1.373,a,S1 obj,55,co2a0000375,0.41015625
14246,8,PO8,106,4.791,a,S1 obj,55,co2a0000375,0.4140625
14247,8,PO8,107,6.256,a,S1 obj,55,co2a0000375,0.41796875
14248,8,PO8,108,5.28,a,S1 obj,55,co2a0000375,0.421875
14249,8,PO8,109,1.862,a,S1 obj,55,co2a0000375,0.42578125
14250,8,PO8,110,-2.045,a,S1 obj,55,co2a0000375,0.4296875
14251,8,PO8,111,-4.486,a,S1 obj,55,co2a0000375,0.43359375
14252,8,PO8,112,-5.951,a,S1 obj,55,co2a0000375,0.4375
14253,8,PO8,113,-6.927,a,S1 obj,55,co2a0000375,0.44140625
14254,8,PO8,114,-8.392,a,S1 obj,55,co2a0000375,0.4453125
14255,8,PO8,115,-10.834,a,S1 obj,55,co2a0000375,0.44921875
14256,8,PO8,116,-13.763,a,S1 obj,55,co2a0000375,0.453125
14257,8,PO8,117,-16.205,a,S1 obj,55,co2a0000375,0.45703125
14258,8,PO8,118,-19.135,a,S1 obj,55,co2a0000375,0.4609375
14259,8,PO8,119,-21.576,a,S1 obj,55,co2a0000375,0.46484375
14260,8,PO8,120,-24.017,a,S1 obj,55,co2a0000375,0.46875
14261,8,PO8,121,-24.017,a,S1 obj,55,co2a0000375,0.47265625
14262,8,PO8,122,-22.064,a,S1 obj,55,co2a0000375,0.4765625
14263,8,PO8,123,-17.67,a,S1 obj,55,co2a0000375,0.48046875
14264,8,PO8,124,-12.299,a,S1 obj,55,co2a0000375,0.484375
14265,8,PO8,125,-7.904,a,S1 obj,55,co2a0000375,0.48828125
14266,8,PO8,126,-6.439,a,S1 obj,55,co2a0000375,0.4921875
14267,8,PO8,127,-6.439,a,S1 obj,55,co2a0000375,0.49609375
14268,8,PO8,128,-7.904,a,S1 obj,55,co2a0000375,0.5
14269,8,PO8,129,-9.369,a,S1 obj,55,co2a0000375,0.50390625
14270,8,PO8,130,-9.857,a,S1 obj,55,co2a0000375,0.5078125
14271,8,PO8,131,-10.345,a,S1 obj,55,co2a0000375,0.51171875
14272,8,PO8,132,-11.322,a,S1 obj,55,co2a0000375,0.515625
14273,8,PO8,133,-12.787,a,S1 obj,55,co2a0000375,0.51953125
14274,8,PO8,134,-14.252,a,S1 obj,55,co2a0000375,0.5234375
14275,8,PO8,135,-15.228,a,S1 obj,55,co2a0000375,0.52734375
14276,8,PO8,136,-16.205,a,S1 obj,55,co2a0000375,0.53125
14277,8,PO8,137,-16.693,a,S1 obj,55,co2a0000375,0.53515625
14278,8,PO8,138,-17.181,a,S1 obj,55,co2a0000375,0.5390625
14279,8,PO8,139,-18.158,a,S1 obj,55,co2a0000375,0.54296875
14280,8,PO8,140,-17.181,a,S1 obj,55,co2a0000375,0.546875
14281,8,PO8,141,-17.181,a,S1 obj,55,co2a0000375,0.55078125
14282,8,PO8,142,-15.717,a,S1 obj,55,co2a0000375,0.5546875
14283,8,PO8,143,-14.74,a,S1 obj,55,co2a0000375,0.55859375
14284,8,PO8,144,-13.763,a,S1 obj,55,co2a0000375,0.5625
14285,8,PO8,145,-12.299,a,S1 obj,55,co2a0000375,0.56640625
14286,8,PO8,146,-10.345,a,S1 obj,55,co2a0000375,0.5703125
14287,8,PO8,147,-6.927,a,S1 obj,55,co2a0000375,0.57421875
14288,8,PO8,148,-4.486,a,S1 obj,55,co2a0000375,0.578125
14289,8,PO8,149,-3.51,a,S1 obj,55,co2a0000375,0.58203125
14290,8,PO8,150,-4.486,a,S1 obj,55,co2a0000375,0.5859375
14291,8,PO8,151,-6.439,a,S1 obj,55,co2a0000375,0.58984375
14292,8,PO8,152,-8.881,a,S1 obj,55,co2a0000375,0.59375
14293,8,PO8,153,-9.857,a,S1 obj,55,co2a0000375,0.59765625
14294,8,PO8,154,-9.857,a,S1 obj,55,co2a0000375,0.6015625
14295,8,PO8,155,-8.392,a,S1 obj,55,co2a0000375,0.60546875
14296,8,PO8,156,-7.904,a,S1 obj,55,co2a0000375,0.609375
14297,8,PO8,157,-7.904,a,S1 obj,55,co2a0000375,0.61328125
14298,8,PO8,158,-9.369,a,S1 obj,55,co2a0000375,0.6171875
14299,8,PO8,159,-11.322,a,S1 obj,55,co2a0000375,0.62109375
14300,8,PO8,160,-12.787,a,S1 obj,55,co2a0000375,0.625
14301,8,PO8,161,-14.252,a,S1 obj,55,co2a0000375,0.62890625
14302,8,PO8,162,-14.252,a,S1 obj,55,co2a0000375,0.6328125
14303,8,PO8,163,-13.763,a,S1 obj,55,co2a0000375,0.63671875
14304,8,PO8,164,-13.763,a,S1 obj,55,co2a0000375,0.640625
14305,8,PO8,165,-14.252,a,S1 obj,55,co2a0000375,0.64453125
14306,8,PO8,166,-16.205,a,S1 obj,55,co2a0000375,0.6484375
14307,8,PO8,167,-17.67,a,S1 obj,55,co2a0000375,0.65234375
14308,8,PO8,168,-17.67,a,S1 obj,55,co2a0000375,0.65625
14309,8,PO8,169,-15.717,a,S1 obj,55,co2a0000375,0.66015625
14310,8,PO8,170,-13.275,a,S1 obj,55,co2a0000375,0.6640625
14311,8,PO8,171,-11.322,a,S1 obj,55,co2a0000375,0.66796875
14312,8,PO8,172,-12.787,a,S1 obj,55,co2a0000375,0.671875
14313,8,PO8,173,-16.693,a,S1 obj,55,co2a0000375,0.67578125
14314,8,PO8,174,-20.599,a,S1 obj,55,co2a0000375,0.6796875
14315,8,PO8,175,-22.064,a,S1 obj,55,co2a0000375,0.68359375
14316,8,PO8,176,-20.599,a,S1 obj,55,co2a0000375,0.6875
14317,8,PO8,177,-16.693,a,S1 obj,55,co2a0000375,0.69140625
14318,8,PO8,178,-13.275,a,S1 obj,55,co2a0000375,0.6953125
14319,8,PO8,179,-12.787,a,S1 obj,55,co2a0000375,0.69921875
14320,8,PO8,180,-13.275,a,S1 obj,55,co2a0000375,0.703125
14321,8,PO8,181,-15.228,a,S1 obj,55,co2a0000375,0.70703125
14322,8,PO8,182,-16.205,a,S1 obj,55,co2a0000375,0.7109375
14323,8,PO8,183,-16.205,a,S1 obj,55,co2a0000375,0.71484375
14324,8,PO8,184,-16.205,a,S1 obj,55,co2a0000375,0.71875
14325,8,PO8,185,-16.205,a,S1 obj,55,co2a0000375,0.72265625
14326,8,PO8,186,-16.693,a,S1 obj,55,co2a0000375,0.7265625
14327,8,PO8,187,-16.693,a,S1 obj,55,co2a0000375,0.73046875
14328,8,PO8,188,-15.228,a,S1 obj,55,co2a0000375,0.734375
14329,8,PO8,189,-12.299,a,S1 obj,55,co2a0000375,0.73828125
14330,8,PO8,190,-8.881,a,S1 obj,55,co2a0000375,0.7421875
14331,8,PO8,191,-4.974,a,S1 obj,55,co2a0000375,0.74609375
14332,8,PO8,192,-2.533,a,S1 obj,55,co2a0000375,0.75
14333,8,PO8,193,-3.021,a,S1 obj,55,co2a0000375,0.75390625
14334,8,PO8,194,-6.439,a,S1 obj,55,co2a0000375,0.7578125
14335,8,PO8,195,-11.322,a,S1 obj,55,co2a0000375,0.76171875
14336,8,PO8,196,-15.228,a,S1 obj,55,co2a0000375,0.765625
14337,8,PO8,197,-16.205,a,S1 obj,55,co2a0000375,0.76953125
14338,8,PO8,198,-13.763,a,S1 obj,55,co2a0000375,0.7734375
14339,8,PO8,199,-9.369,a,S1 obj,55,co2a0000375,0.77734375
14340,8,PO8,200,-6.439,a,S1 obj,55,co2a0000375,0.78125
14341,8,PO8,201,-5.951,a,S1 obj,55,co2a0000375,0.78515625
14342,8,PO8,202,-6.927,a,S1 obj,55,co2a0000375,0.7890625
14343,8,PO8,203,-7.904,a,S1 obj,55,co2a0000375,0.79296875
14344,8,PO8,204,-7.904,a,S1 obj,55,co2a0000375,0.796875
14345,8,PO8,205,-7.904,a,S1 obj,55,co2a0000375,0.80078125
14346,8,PO8,206,-8.881,a,S1 obj,55,co2a0000375,0.8046875
14347,8,PO8,207,-11.81,a,S1 obj,55,co2a0000375,0.80859375
14348,8,PO8,208,-14.252,a,S1 obj,55,co2a0000375,0.8125
14349,8,PO8,209,-15.228,a,S1 obj,55,co2a0000375,0.81640625
14350,8,PO8,210,-11.81,a,S1 obj,55,co2a0000375,0.8203125
14351,8,PO8,211,-5.463,a,S1 obj,55,co2a0000375,0.82421875
14352,8,PO8,212,0.397,a,S1 obj,55,co2a0000375,0.828125
14353,8,PO8,213,3.815,a,S1 obj,55,co2a0000375,0.83203125
14354,8,PO8,214,4.303,a,S1 obj,55,co2a0000375,0.8359375
14355,8,PO8,215,3.326,a,S1 obj,55,co2a0000375,0.83984375
14356,8,PO8,216,3.326,a,S1 obj,55,co2a0000375,0.84375
14357,8,PO8,217,4.303,a,S1 obj,55,co2a0000375,0.84765625
14358,8,PO8,218,5.28,a,S1 obj,55,co2a0000375,0.8515625
14359,8,PO8,219,4.791,a,S1 obj,55,co2a0000375,0.85546875
14360,8,PO8,220,2.35,a,S1 obj,55,co2a0000375,0.859375
14361,8,PO8,221,-1.068,a,S1 obj,55,co2a0000375,0.86328125
14362,8,PO8,222,-3.998,a,S1 obj,55,co2a0000375,0.8671875
14363,8,PO8,223,-4.974,a,S1 obj,55,co2a0000375,0.87109375
14364,8,PO8,224,-4.486,a,S1 obj,55,co2a0000375,0.875
14365,8,PO8,225,-4.974,a,S1 obj,55,co2a0000375,0.87890625
14366,8,PO8,226,-5.951,a,S1 obj,55,co2a0000375,0.8828125
14367,8,PO8,227,-7.416,a,S1 obj,55,co2a0000375,0.88671875
14368,8,PO8,228,-8.881,a,S1 obj,55,co2a0000375,0.890625
14369,8,PO8,229,-8.881,a,S1 obj,55,co2a0000375,0.89453125
14370,8,PO8,230,-6.927,a,S1 obj,55,co2a0000375,0.8984375
14371,8,PO8,231,-4.974,a,S1 obj,55,co2a0000375,0.90234375
14372,8,PO8,232,-3.51,a,S1 obj,55,co2a0000375,0.90625
14373,8,PO8,233,-3.021,a,S1 obj,55,co2a0000375,0.91015625
14374,8,PO8,234,-3.51,a,S1 obj,55,co2a0000375,0.9140625
14375,8,PO8,235,-4.974,a,S1 obj,55,co2a0000375,0.91796875
14376,8,PO8,236,-7.904,a,S1 obj,55,co2a0000375,0.921875
14377,8,PO8,237,-10.345,a,S1 obj,55,co2a0000375,0.92578125
14378,8,PO8,238,-11.81,a,S1 obj,55,co2a0000375,0.9296875
14379,8,PO8,239,-11.322,a,S1 obj,55,co2a0000375,0.93359375
14380,8,PO8,240,-8.392,a,S1 obj,55,co2a0000375,0.9375
14381,8,PO8,241,-5.463,a,S1 obj,55,co2a0000375,0.94140625
14382,8,PO8,242,-3.021,a,S1 obj,55,co2a0000375,0.9453125
14383,8,PO8,243,-3.021,a,S1 obj,55,co2a0000375,0.94921875
14384,8,PO8,244,-4.486,a,S1 obj,55,co2a0000375,0.953125
14385,8,PO8,245,-5.951,a,S1 obj,55,co2a0000375,0.95703125
14386,8,PO8,246,-7.904,a,S1 obj,55,co2a0000375,0.9609375
14387,8,PO8,247,-9.369,a,S1 obj,55,co2a0000375,0.96484375
14388,8,PO8,248,-10.834,a,S1 obj,55,co2a0000375,0.96875
14389,8,PO8,249,-10.834,a,S1 obj,55,co2a0000375,0.97265625
14390,8,PO8,250,-8.392,a,S1 obj,55,co2a0000375,0.9765625
14391,8,PO8,251,-4.486,a,S1 obj,55,co2a0000375,0.98046875
14392,8,PO8,252,0.885,a,S1 obj,55,co2a0000375,0.984375
14393,8,PO8,253,5.768,a,S1 obj,55,co2a0000375,0.98828125
14394,8,PO8,254,9.186,a,S1 obj,55,co2a0000375,0.9921875
14395,8,PO8,255,11.139,a,S1 obj,55,co2a0000375,0.99609375
14397,8,FCZ,0,1.811,a,S1 obj,56,co2a0000375,0.0
14398,8,FCZ,1,2.787,a,S1 obj,56,co2a0000375,0.00390625
14399,8,FCZ,2,4.252,a,S1 obj,56,co2a0000375,0.0078125
14400,8,FCZ,3,5.717,a,S1 obj,56,co2a0000375,0.01171875
14401,8,FCZ,4,6.205,a,S1 obj,56,co2a0000375,0.015625
14402,8,FCZ,5,5.717,a,S1 obj,56,co2a0000375,0.01953125
14403,8,FCZ,6,5.229,a,S1 obj,56,co2a0000375,0.0234375
14404,8,FCZ,7,4.74,a,S1 obj,56,co2a0000375,0.02734375
14405,8,FCZ,8,4.252,a,S1 obj,56,co2a0000375,0.03125
14406,8,FCZ,9,3.276,a,S1 obj,56,co2a0000375,0.03515625
14407,8,FCZ,10,2.299,a,S1 obj,56,co2a0000375,0.0390625
14408,8,FCZ,11,0.346,a,S1 obj,56,co2a0000375,0.04296875
14409,8,FCZ,12,-0.631,a,S1 obj,56,co2a0000375,0.046875
14410,8,FCZ,13,-0.631,a,S1 obj,56,co2a0000375,0.05078125
14411,8,FCZ,14,0.346,a,S1 obj,56,co2a0000375,0.0546875
14412,8,FCZ,15,1.811,a,S1 obj,56,co2a0000375,0.05859375
14413,8,FCZ,16,2.787,a,S1 obj,56,co2a0000375,0.0625
14414,8,FCZ,17,2.787,a,S1 obj,56,co2a0000375,0.06640625
14415,8,FCZ,18,1.811,a,S1 obj,56,co2a0000375,0.0703125
14416,8,FCZ,19,1.811,a,S1 obj,56,co2a0000375,0.07421875
14417,8,FCZ,20,2.787,a,S1 obj,56,co2a0000375,0.078125
14418,8,FCZ,21,4.252,a,S1 obj,56,co2a0000375,0.08203125
14419,8,FCZ,22,6.694,a,S1 obj,56,co2a0000375,0.0859375
14420,8,FCZ,23,7.67,a,S1 obj,56,co2a0000375,0.08984375
14421,8,FCZ,24,8.158,a,S1 obj,56,co2a0000375,0.09375
14422,8,FCZ,25,8.158,a,S1 obj,56,co2a0000375,0.09765625
14423,8,FCZ,26,8.158,a,S1 obj,56,co2a0000375,0.1015625
14424,8,FCZ,27,8.158,a,S1 obj,56,co2a0000375,0.10546875
14425,8,FCZ,28,8.158,a,S1 obj,56,co2a0000375,0.109375
14426,8,FCZ,29,7.182,a,S1 obj,56,co2a0000375,0.11328125
14427,8,FCZ,30,5.717,a,S1 obj,56,co2a0000375,0.1171875
14428,8,FCZ,31,3.764,a,S1 obj,56,co2a0000375,0.12109375
14429,8,FCZ,32,2.787,a,S1 obj,56,co2a0000375,0.125
14430,8,FCZ,33,2.299,a,S1 obj,56,co2a0000375,0.12890625
14431,8,FCZ,34,3.276,a,S1 obj,56,co2a0000375,0.1328125
14432,8,FCZ,35,4.74,a,S1 obj,56,co2a0000375,0.13671875
14433,8,FCZ,36,6.694,a,S1 obj,56,co2a0000375,0.140625
14434,8,FCZ,37,7.67,a,S1 obj,56,co2a0000375,0.14453125
14435,8,FCZ,38,7.67,a,S1 obj,56,co2a0000375,0.1484375
14436,8,FCZ,39,7.182,a,S1 obj,56,co2a0000375,0.15234375
14437,8,FCZ,40,7.67,a,S1 obj,56,co2a0000375,0.15625
14438,8,FCZ,41,8.158,a,S1 obj,56,co2a0000375,0.16015625
14439,8,FCZ,42,9.623,a,S1 obj,56,co2a0000375,0.1640625
14440,8,FCZ,43,11.088,a,S1 obj,56,co2a0000375,0.16796875
14441,8,FCZ,44,12.065,a,S1 obj,56,co2a0000375,0.171875
14442,8,FCZ,45,12.065,a,S1 obj,56,co2a0000375,0.17578125
14443,8,FCZ,46,10.6,a,S1 obj,56,co2a0000375,0.1796875
14444,8,FCZ,47,8.647,a,S1 obj,56,co2a0000375,0.18359375
14445,8,FCZ,48,6.694,a,S1 obj,56,co2a0000375,0.1875
14446,8,FCZ,49,5.229,a,S1 obj,56,co2a0000375,0.19140625
14447,8,FCZ,50,5.229,a,S1 obj,56,co2a0000375,0.1953125
14448,8,FCZ,51,5.717,a,S1 obj,56,co2a0000375,0.19921875
14449,8,FCZ,52,6.694,a,S1 obj,56,co2a0000375,0.203125
14450,8,FCZ,53,6.694,a,S1 obj,56,co2a0000375,0.20703125
14451,8,FCZ,54,6.694,a,S1 obj,56,co2a0000375,0.2109375
14452,8,FCZ,55,6.205,a,S1 obj,56,co2a0000375,0.21484375
14453,8,FCZ,56,6.205,a,S1 obj,56,co2a0000375,0.21875
14454,8,FCZ,57,6.694,a,S1 obj,56,co2a0000375,0.22265625
14455,8,FCZ,58,7.67,a,S1 obj,56,co2a0000375,0.2265625
14456,8,FCZ,59,8.647,a,S1 obj,56,co2a0000375,0.23046875
14457,8,FCZ,60,9.135,a,S1 obj,56,co2a0000375,0.234375
14458,8,FCZ,61,10.111,a,S1 obj,56,co2a0000375,0.23828125
14459,8,FCZ,62,10.6,a,S1 obj,56,co2a0000375,0.2421875
14460,8,FCZ,63,10.6,a,S1 obj,56,co2a0000375,0.24609375
14461,8,FCZ,64,10.111,a,S1 obj,56,co2a0000375,0.25
14462,8,FCZ,65,9.623,a,S1 obj,56,co2a0000375,0.25390625
14463,8,FCZ,66,9.135,a,S1 obj,56,co2a0000375,0.2578125
14464,8,FCZ,67,8.647,a,S1 obj,56,co2a0000375,0.26171875
14465,8,FCZ,68,8.647,a,S1 obj,56,co2a0000375,0.265625
14466,8,FCZ,69,8.647,a,S1 obj,56,co2a0000375,0.26953125
14467,8,FCZ,70,8.647,a,S1 obj,56,co2a0000375,0.2734375
14468,8,FCZ,71,8.647,a,S1 obj,56,co2a0000375,0.27734375
14469,8,FCZ,72,9.135,a,S1 obj,56,co2a0000375,0.28125
14470,8,FCZ,73,8.647,a,S1 obj,56,co2a0000375,0.28515625
14471,8,FCZ,74,8.158,a,S1 obj,56,co2a0000375,0.2890625
14472,8,FCZ,75,7.67,a,S1 obj,56,co2a0000375,0.29296875
14473,8,FCZ,76,7.182,a,S1 obj,56,co2a0000375,0.296875
14474,8,FCZ,77,7.182,a,S1 obj,56,co2a0000375,0.30078125
14475,8,FCZ,78,8.158,a,S1 obj,56,co2a0000375,0.3046875
14476,8,FCZ,79,8.647,a,S1 obj,56,co2a0000375,0.30859375
14477,8,FCZ,80,9.135,a,S1 obj,56,co2a0000375,0.3125
14478,8,FCZ,81,9.135,a,S1 obj,56,co2a0000375,0.31640625
14479,8,FCZ,82,9.135,a,S1 obj,56,co2a0000375,0.3203125
14480,8,FCZ,83,9.135,a,S1 obj,56,co2a0000375,0.32421875
14481,8,FCZ,84,9.135,a,S1 obj,56,co2a0000375,0.328125
14482,8,FCZ,85,8.647,a,S1 obj,56,co2a0000375,0.33203125
14483,8,FCZ,86,8.158,a,S1 obj,56,co2a0000375,0.3359375
14484,8,FCZ,87,7.67,a,S1 obj,56,co2a0000375,0.33984375
14485,8,FCZ,88,6.694,a,S1 obj,56,co2a0000375,0.34375
14486,8,FCZ,89,6.205,a,S1 obj,56,co2a0000375,0.34765625
14487,8,FCZ,90,6.205,a,S1 obj,56,co2a0000375,0.3515625
14488,8,FCZ,91,5.717,a,S1 obj,56,co2a0000375,0.35546875
14489,8,FCZ,92,5.229,a,S1 obj,56,co2a0000375,0.359375
14490,8,FCZ,93,5.229,a,S1 obj,56,co2a0000375,0.36328125
14491,8,FCZ,94,4.252,a,S1 obj,56,co2a0000375,0.3671875
14492,8,FCZ,95,3.764,a,S1 obj,56,co2a0000375,0.37109375
14493,8,FCZ,96,2.787,a,S1 obj,56,co2a0000375,0.375
14494,8,FCZ,97,2.299,a,S1 obj,56,co2a0000375,0.37890625
14495,8,FCZ,98,1.811,a,S1 obj,56,co2a0000375,0.3828125
14496,8,FCZ,99,1.811,a,S1 obj,56,co2a0000375,0.38671875
14497,8,FCZ,100,2.299,a,S1 obj,56,co2a0000375,0.390625
14498,8,FCZ,101,3.276,a,S1 obj,56,co2a0000375,0.39453125
14499,8,FCZ,102,4.252,a,S1 obj,56,co2a0000375,0.3984375
14500,8,FCZ,103,5.229,a,S1 obj,56,co2a0000375,0.40234375
14501,8,FCZ,104,5.229,a,S1 obj,56,co2a0000375,0.40625
14502,8,FCZ,105,4.252,a,S1 obj,56,co2a0000375,0.41015625
14503,8,FCZ,106,2.787,a,S1 obj,56,co2a0000375,0.4140625
14504,8,FCZ,107,1.322,a,S1 obj,56,co2a0000375,0.41796875
14505,8,FCZ,108,0.834,a,S1 obj,56,co2a0000375,0.421875
14506,8,FCZ,109,0.834,a,S1 obj,56,co2a0000375,0.42578125
14507,8,FCZ,110,0.834,a,S1 obj,56,co2a0000375,0.4296875
14508,8,FCZ,111,1.322,a,S1 obj,56,co2a0000375,0.43359375
14509,8,FCZ,112,0.834,a,S1 obj,56,co2a0000375,0.4375
14510,8,FCZ,113,0.346,a,S1 obj,56,co2a0000375,0.44140625
14511,8,FCZ,114,-0.142,a,S1 obj,56,co2a0000375,0.4453125
14512,8,FCZ,115,-0.631,a,S1 obj,56,co2a0000375,0.44921875
14513,8,FCZ,116,-0.631,a,S1 obj,56,co2a0000375,0.453125
14514,8,FCZ,117,-0.631,a,S1 obj,56,co2a0000375,0.45703125
14515,8,FCZ,118,-1.119,a,S1 obj,56,co2a0000375,0.4609375
14516,8,FCZ,119,-1.119,a,S1 obj,56,co2a0000375,0.46484375
14517,8,FCZ,120,-1.119,a,S1 obj,56,co2a0000375,0.46875
14518,8,FCZ,121,-0.631,a,S1 obj,56,co2a0000375,0.47265625
14519,8,FCZ,122,-0.142,a,S1 obj,56,co2a0000375,0.4765625
14520,8,FCZ,123,0.346,a,S1 obj,56,co2a0000375,0.48046875
14521,8,FCZ,124,0.834,a,S1 obj,56,co2a0000375,0.484375
14522,8,FCZ,125,0.834,a,S1 obj,56,co2a0000375,0.48828125
14523,8,FCZ,126,1.322,a,S1 obj,56,co2a0000375,0.4921875
14524,8,FCZ,127,1.811,a,S1 obj,56,co2a0000375,0.49609375
14525,8,FCZ,128,2.787,a,S1 obj,56,co2a0000375,0.5
14526,8,FCZ,129,3.764,a,S1 obj,56,co2a0000375,0.50390625
14527,8,FCZ,130,4.252,a,S1 obj,56,co2a0000375,0.5078125
14528,8,FCZ,131,4.252,a,S1 obj,56,co2a0000375,0.51171875
14529,8,FCZ,132,3.764,a,S1 obj,56,co2a0000375,0.515625
14530,8,FCZ,133,2.787,a,S1 obj,56,co2a0000375,0.51953125
14531,8,FCZ,134,2.299,a,S1 obj,56,co2a0000375,0.5234375
14532,8,FCZ,135,1.811,a,S1 obj,56,co2a0000375,0.52734375
14533,8,FCZ,136,1.322,a,S1 obj,56,co2a0000375,0.53125
14534,8,FCZ,137,1.811,a,S1 obj,56,co2a0000375,0.53515625
14535,8,FCZ,138,2.299,a,S1 obj,56,co2a0000375,0.5390625
14536,8,FCZ,139,2.787,a,S1 obj,56,co2a0000375,0.54296875
14537,8,FCZ,140,2.787,a,S1 obj,56,co2a0000375,0.546875
14538,8,FCZ,141,1.811,a,S1 obj,56,co2a0000375,0.55078125
14539,8,FCZ,142,1.322,a,S1 obj,56,co2a0000375,0.5546875
14540,8,FCZ,143,0.834,a,S1 obj,56,co2a0000375,0.55859375
14541,8,FCZ,144,1.322,a,S1 obj,56,co2a0000375,0.5625
14542,8,FCZ,145,2.787,a,S1 obj,56,co2a0000375,0.56640625
14543,8,FCZ,146,5.229,a,S1 obj,56,co2a0000375,0.5703125
14544,8,FCZ,147,6.694,a,S1 obj,56,co2a0000375,0.57421875
14545,8,FCZ,148,7.182,a,S1 obj,56,co2a0000375,0.578125
14546,8,FCZ,149,6.694,a,S1 obj,56,co2a0000375,0.58203125
14547,8,FCZ,150,5.717,a,S1 obj,56,co2a0000375,0.5859375
14548,8,FCZ,151,4.74,a,S1 obj,56,co2a0000375,0.58984375
14549,8,FCZ,152,4.252,a,S1 obj,56,co2a0000375,0.59375
14550,8,FCZ,153,4.252,a,S1 obj,56,co2a0000375,0.59765625
14551,8,FCZ,154,3.764,a,S1 obj,56,co2a0000375,0.6015625
14552,8,FCZ,155,3.276,a,S1 obj,56,co2a0000375,0.60546875
14553,8,FCZ,156,2.787,a,S1 obj,56,co2a0000375,0.609375
14554,8,FCZ,157,2.787,a,S1 obj,56,co2a0000375,0.61328125
14555,8,FCZ,158,2.787,a,S1 obj,56,co2a0000375,0.6171875
14556,8,FCZ,159,2.787,a,S1 obj,56,co2a0000375,0.62109375
14557,8,FCZ,160,2.299,a,S1 obj,56,co2a0000375,0.625
14558,8,FCZ,161,1.811,a,S1 obj,56,co2a0000375,0.62890625
14559,8,FCZ,162,1.811,a,S1 obj,56,co2a0000375,0.6328125
14560,8,FCZ,163,1.322,a,S1 obj,56,co2a0000375,0.63671875
14561,8,FCZ,164,1.811,a,S1 obj,56,co2a0000375,0.640625
14562,8,FCZ,165,2.299,a,S1 obj,56,co2a0000375,0.64453125
14563,8,FCZ,166,3.276,a,S1 obj,56,co2a0000375,0.6484375
14564,8,FCZ,167,5.229,a,S1 obj,56,co2a0000375,0.65234375
14565,8,FCZ,168,7.182,a,S1 obj,56,co2a0000375,0.65625
14566,8,FCZ,169,8.158,a,S1 obj,56,co2a0000375,0.66015625
14567,8,FCZ,170,8.647,a,S1 obj,56,co2a0000375,0.6640625
14568,8,FCZ,171,7.182,a,S1 obj,56,co2a0000375,0.66796875
14569,8,FCZ,172,5.229,a,S1 obj,56,co2a0000375,0.671875
14570,8,FCZ,173,3.764,a,S1 obj,56,co2a0000375,0.67578125
14571,8,FCZ,174,3.276,a,S1 obj,56,co2a0000375,0.6796875
14572,8,FCZ,175,4.252,a,S1 obj,56,co2a0000375,0.68359375
14573,8,FCZ,176,5.229,a,S1 obj,56,co2a0000375,0.6875
14574,8,FCZ,177,5.229,a,S1 obj,56,co2a0000375,0.69140625
14575,8,FCZ,178,4.252,a,S1 obj,56,co2a0000375,0.6953125
14576,8,FCZ,179,3.764,a,S1 obj,56,co2a0000375,0.69921875
14577,8,FCZ,180,3.764,a,S1 obj,56,co2a0000375,0.703125
14578,8,FCZ,181,5.229,a,S1 obj,56,co2a0000375,0.70703125
14579,8,FCZ,182,6.205,a,S1 obj,56,co2a0000375,0.7109375
14580,8,FCZ,183,6.694,a,S1 obj,56,co2a0000375,0.71484375
14581,8,FCZ,184,6.694,a,S1 obj,56,co2a0000375,0.71875
14582,8,FCZ,185,6.205,a,S1 obj,56,co2a0000375,0.72265625
14583,8,FCZ,186,5.717,a,S1 obj,56,co2a0000375,0.7265625
14584,8,FCZ,187,6.694,a,S1 obj,56,co2a0000375,0.73046875
14585,8,FCZ,188,8.158,a,S1 obj,56,co2a0000375,0.734375
14586,8,FCZ,189,9.135,a,S1 obj,56,co2a0000375,0.73828125
14587,8,FCZ,190,10.111,a,S1 obj,56,co2a0000375,0.7421875
14588,8,FCZ,191,10.111,a,S1 obj,56,co2a0000375,0.74609375
14589,8,FCZ,192,9.623,a,S1 obj,56,co2a0000375,0.75
14590,8,FCZ,193,9.623,a,S1 obj,56,co2a0000375,0.75390625
14591,8,FCZ,194,9.623,a,S1 obj,56,co2a0000375,0.7578125
14592,8,FCZ,195,10.111,a,S1 obj,56,co2a0000375,0.76171875
14593,8,FCZ,196,10.6,a,S1 obj,56,co2a0000375,0.765625
14594,8,FCZ,197,10.6,a,S1 obj,56,co2a0000375,0.76953125
14595,8,FCZ,198,10.6,a,S1 obj,56,co2a0000375,0.7734375
14596,8,FCZ,199,10.6,a,S1 obj,56,co2a0000375,0.77734375
14597,8,FCZ,200,10.6,a,S1 obj,56,co2a0000375,0.78125
14598,8,FCZ,201,11.088,a,S1 obj,56,co2a0000375,0.78515625
14599,8,FCZ,202,11.576,a,S1 obj,56,co2a0000375,0.7890625
14600,8,FCZ,203,12.065,a,S1 obj,56,co2a0000375,0.79296875
14601,8,FCZ,204,12.065,a,S1 obj,56,co2a0000375,0.796875
14602,8,FCZ,205,11.576,a,S1 obj,56,co2a0000375,0.80078125
14603,8,FCZ,206,10.6,a,S1 obj,56,co2a0000375,0.8046875
14604,8,FCZ,207,10.6,a,S1 obj,56,co2a0000375,0.80859375
14605,8,FCZ,208,10.6,a,S1 obj,56,co2a0000375,0.8125
14606,8,FCZ,209,11.576,a,S1 obj,56,co2a0000375,0.81640625
14607,8,FCZ,210,13.041,a,S1 obj,56,co2a0000375,0.8203125
14608,8,FCZ,211,13.041,a,S1 obj,56,co2a0000375,0.82421875
14609,8,FCZ,212,13.041,a,S1 obj,56,co2a0000375,0.828125
14610,8,FCZ,213,12.065,a,S1 obj,56,co2a0000375,0.83203125
14611,8,FCZ,214,11.576,a,S1 obj,56,co2a0000375,0.8359375
14612,8,FCZ,215,11.576,a,S1 obj,56,co2a0000375,0.83984375
14613,8,FCZ,216,11.088,a,S1 obj,56,co2a0000375,0.84375
14614,8,FCZ,217,10.6,a,S1 obj,56,co2a0000375,0.84765625
14615,8,FCZ,218,9.623,a,S1 obj,56,co2a0000375,0.8515625
14616,8,FCZ,219,8.158,a,S1 obj,56,co2a0000375,0.85546875
14617,8,FCZ,220,7.67,a,S1 obj,56,co2a0000375,0.859375
14618,8,FCZ,221,8.647,a,S1 obj,56,co2a0000375,0.86328125
14619,8,FCZ,222,10.111,a,S1 obj,56,co2a0000375,0.8671875
14620,8,FCZ,223,11.576,a,S1 obj,56,co2a0000375,0.87109375
14621,8,FCZ,224,11.576,a,S1 obj,56,co2a0000375,0.875
14622,8,FCZ,225,10.6,a,S1 obj,56,co2a0000375,0.87890625
14623,8,FCZ,226,9.135,a,S1 obj,56,co2a0000375,0.8828125
14624,8,FCZ,227,8.647,a,S1 obj,56,co2a0000375,0.88671875
14625,8,FCZ,228,9.135,a,S1 obj,56,co2a0000375,0.890625
14626,8,FCZ,229,10.6,a,S1 obj,56,co2a0000375,0.89453125
14627,8,FCZ,230,12.065,a,S1 obj,56,co2a0000375,0.8984375
14628,8,FCZ,231,12.553,a,S1 obj,56,co2a0000375,0.90234375
14629,8,FCZ,232,11.576,a,S1 obj,56,co2a0000375,0.90625
14630,8,FCZ,233,10.6,a,S1 obj,56,co2a0000375,0.91015625
14631,8,FCZ,234,10.6,a,S1 obj,56,co2a0000375,0.9140625
14632,8,FCZ,235,11.088,a,S1 obj,56,co2a0000375,0.91796875
14633,8,FCZ,236,13.529,a,S1 obj,56,co2a0000375,0.921875
14634,8,FCZ,237,15.483,a,S1 obj,56,co2a0000375,0.92578125
14635,8,FCZ,238,16.459,a,S1 obj,56,co2a0000375,0.9296875
14636,8,FCZ,239,15.483,a,S1 obj,56,co2a0000375,0.93359375
14637,8,FCZ,240,13.529,a,S1 obj,56,co2a0000375,0.9375
14638,8,FCZ,241,11.088,a,S1 obj,56,co2a0000375,0.94140625
14639,8,FCZ,242,9.623,a,S1 obj,56,co2a0000375,0.9453125
14640,8,FCZ,243,9.135,a,S1 obj,56,co2a0000375,0.94921875
14641,8,FCZ,244,9.135,a,S1 obj,56,co2a0000375,0.953125
14642,8,FCZ,245,10.111,a,S1 obj,56,co2a0000375,0.95703125
14643,8,FCZ,246,11.088,a,S1 obj,56,co2a0000375,0.9609375
14644,8,FCZ,247,12.065,a,S1 obj,56,co2a0000375,0.96484375
14645,8,FCZ,248,14.018,a,S1 obj,56,co2a0000375,0.96875
14646,8,FCZ,249,14.994,a,S1 obj,56,co2a0000375,0.97265625
14647,8,FCZ,250,15.483,a,S1 obj,56,co2a0000375,0.9765625
14648,8,FCZ,251,14.506,a,S1 obj,56,co2a0000375,0.98046875
14649,8,FCZ,252,12.553,a,S1 obj,56,co2a0000375,0.984375
14650,8,FCZ,253,10.6,a,S1 obj,56,co2a0000375,0.98828125
14651,8,FCZ,254,9.623,a,S1 obj,56,co2a0000375,0.9921875
14652,8,FCZ,255,10.111,a,S1 obj,56,co2a0000375,0.99609375
14654,8,POZ,0,1.587,a,S1 obj,57,co2a0000375,0.0
14655,8,POZ,1,0.61,a,S1 obj,57,co2a0000375,0.00390625
14656,8,POZ,2,-0.854,a,S1 obj,57,co2a0000375,0.0078125
14657,8,POZ,3,-0.366,a,S1 obj,57,co2a0000375,0.01171875
14658,8,POZ,4,1.099,a,S1 obj,57,co2a0000375,0.015625
14659,8,POZ,5,3.54,a,S1 obj,57,co2a0000375,0.01953125
14660,8,POZ,6,5.493,a,S1 obj,57,co2a0000375,0.0234375
14661,8,POZ,7,6.47,a,S1 obj,57,co2a0000375,0.02734375
14662,8,POZ,8,5.493,a,S1 obj,57,co2a0000375,0.03125
14663,8,POZ,9,3.052,a,S1 obj,57,co2a0000375,0.03515625
14664,8,POZ,10,0.122,a,S1 obj,57,co2a0000375,0.0390625
14665,8,POZ,11,-2.808,a,S1 obj,57,co2a0000375,0.04296875
14666,8,POZ,12,-3.784,a,S1 obj,57,co2a0000375,0.046875
14667,8,POZ,13,-1.831,a,S1 obj,57,co2a0000375,0.05078125
14668,8,POZ,14,1.099,a,S1 obj,57,co2a0000375,0.0546875
14669,8,POZ,15,4.517,a,S1 obj,57,co2a0000375,0.05859375
14670,8,POZ,16,6.958,a,S1 obj,57,co2a0000375,0.0625
14671,8,POZ,17,7.446,a,S1 obj,57,co2a0000375,0.06640625
14672,8,POZ,18,6.958,a,S1 obj,57,co2a0000375,0.0703125
14673,8,POZ,19,6.47,a,S1 obj,57,co2a0000375,0.07421875
14674,8,POZ,20,6.47,a,S1 obj,57,co2a0000375,0.078125
14675,8,POZ,21,7.935,a,S1 obj,57,co2a0000375,0.08203125
14676,8,POZ,22,8.911,a,S1 obj,57,co2a0000375,0.0859375
14677,8,POZ,23,8.911,a,S1 obj,57,co2a0000375,0.08984375
14678,8,POZ,24,7.935,a,S1 obj,57,co2a0000375,0.09375
14679,8,POZ,25,5.981,a,S1 obj,57,co2a0000375,0.09765625
14680,8,POZ,26,3.54,a,S1 obj,57,co2a0000375,0.1015625
14681,8,POZ,27,1.587,a,S1 obj,57,co2a0000375,0.10546875
14682,8,POZ,28,1.099,a,S1 obj,57,co2a0000375,0.109375
14683,8,POZ,29,1.099,a,S1 obj,57,co2a0000375,0.11328125
14684,8,POZ,30,2.075,a,S1 obj,57,co2a0000375,0.1171875
14685,8,POZ,31,3.052,a,S1 obj,57,co2a0000375,0.12109375
14686,8,POZ,32,3.052,a,S1 obj,57,co2a0000375,0.125
14687,8,POZ,33,2.563,a,S1 obj,57,co2a0000375,0.12890625
14688,8,POZ,34,2.075,a,S1 obj,57,co2a0000375,0.1328125
14689,8,POZ,35,1.099,a,S1 obj,57,co2a0000375,0.13671875
14690,8,POZ,36,0.61,a,S1 obj,57,co2a0000375,0.140625
14691,8,POZ,37,0.61,a,S1 obj,57,co2a0000375,0.14453125
14692,8,POZ,38,0.61,a,S1 obj,57,co2a0000375,0.1484375
14693,8,POZ,39,1.099,a,S1 obj,57,co2a0000375,0.15234375
14694,8,POZ,40,1.587,a,S1 obj,57,co2a0000375,0.15625
14695,8,POZ,41,2.075,a,S1 obj,57,co2a0000375,0.16015625
14696,8,POZ,42,1.587,a,S1 obj,57,co2a0000375,0.1640625
14697,8,POZ,43,0.61,a,S1 obj,57,co2a0000375,0.16796875
14698,8,POZ,44,-0.366,a,S1 obj,57,co2a0000375,0.171875
14699,8,POZ,45,-0.854,a,S1 obj,57,co2a0000375,0.17578125
14700,8,POZ,46,-0.854,a,S1 obj,57,co2a0000375,0.1796875
14701,8,POZ,47,-0.854,a,S1 obj,57,co2a0000375,0.18359375
14702,8,POZ,48,-0.366,a,S1 obj,57,co2a0000375,0.1875
14703,8,POZ,49,0.61,a,S1 obj,57,co2a0000375,0.19140625
14704,8,POZ,50,0.61,a,S1 obj,57,co2a0000375,0.1953125
14705,8,POZ,51,0.61,a,S1 obj,57,co2a0000375,0.19921875
14706,8,POZ,52,-0.366,a,S1 obj,57,co2a0000375,0.203125
14707,8,POZ,53,-1.831,a,S1 obj,57,co2a0000375,0.20703125
14708,8,POZ,54,-3.784,a,S1 obj,57,co2a0000375,0.2109375
14709,8,POZ,55,-5.249,a,S1 obj,57,co2a0000375,0.21484375
14710,8,POZ,56,-5.249,a,S1 obj,57,co2a0000375,0.21875
14711,8,POZ,57,-3.784,a,S1 obj,57,co2a0000375,0.22265625
14712,8,POZ,58,-0.854,a,S1 obj,57,co2a0000375,0.2265625
14713,8,POZ,59,1.587,a,S1 obj,57,co2a0000375,0.23046875
14714,8,POZ,60,2.563,a,S1 obj,57,co2a0000375,0.234375
14715,8,POZ,61,2.563,a,S1 obj,57,co2a0000375,0.23828125
14716,8,POZ,62,2.563,a,S1 obj,57,co2a0000375,0.2421875
14717,8,POZ,63,4.517,a,S1 obj,57,co2a0000375,0.24609375
14718,8,POZ,64,6.958,a,S1 obj,57,co2a0000375,0.25
14719,8,POZ,65,9.399,a,S1 obj,57,co2a0000375,0.25390625
14720,8,POZ,66,10.376,a,S1 obj,57,co2a0000375,0.2578125
14721,8,POZ,67,9.888,a,S1 obj,57,co2a0000375,0.26171875
14722,8,POZ,68,8.423,a,S1 obj,57,co2a0000375,0.265625
14723,8,POZ,69,7.446,a,S1 obj,57,co2a0000375,0.26953125
14724,8,POZ,70,6.958,a,S1 obj,57,co2a0000375,0.2734375
14725,8,POZ,71,6.958,a,S1 obj,57,co2a0000375,0.27734375
14726,8,POZ,72,6.47,a,S1 obj,57,co2a0000375,0.28125
14727,8,POZ,73,5.981,a,S1 obj,57,co2a0000375,0.28515625
14728,8,POZ,74,5.005,a,S1 obj,57,co2a0000375,0.2890625
14729,8,POZ,75,4.028,a,S1 obj,57,co2a0000375,0.29296875
14730,8,POZ,76,3.052,a,S1 obj,57,co2a0000375,0.296875
14731,8,POZ,77,2.563,a,S1 obj,57,co2a0000375,0.30078125
14732,8,POZ,78,2.075,a,S1 obj,57,co2a0000375,0.3046875
14733,8,POZ,79,1.587,a,S1 obj,57,co2a0000375,0.30859375
14734,8,POZ,80,2.563,a,S1 obj,57,co2a0000375,0.3125
14735,8,POZ,81,4.028,a,S1 obj,57,co2a0000375,0.31640625
14736,8,POZ,82,5.981,a,S1 obj,57,co2a0000375,0.3203125
14737,8,POZ,83,7.446,a,S1 obj,57,co2a0000375,0.32421875
14738,8,POZ,84,7.935,a,S1 obj,57,co2a0000375,0.328125
14739,8,POZ,85,8.423,a,S1 obj,57,co2a0000375,0.33203125
14740,8,POZ,86,8.911,a,S1 obj,57,co2a0000375,0.3359375
14741,8,POZ,87,9.888,a,S1 obj,57,co2a0000375,0.33984375
14742,8,POZ,88,10.864,a,S1 obj,57,co2a0000375,0.34375
14743,8,POZ,89,10.864,a,S1 obj,57,co2a0000375,0.34765625
14744,8,POZ,90,9.888,a,S1 obj,57,co2a0000375,0.3515625
14745,8,POZ,91,7.935,a,S1 obj,57,co2a0000375,0.35546875
14746,8,POZ,92,5.005,a,S1 obj,57,co2a0000375,0.359375
14747,8,POZ,93,3.052,a,S1 obj,57,co2a0000375,0.36328125
14748,8,POZ,94,2.075,a,S1 obj,57,co2a0000375,0.3671875
14749,8,POZ,95,1.587,a,S1 obj,57,co2a0000375,0.37109375
14750,8,POZ,96,1.587,a,S1 obj,57,co2a0000375,0.375
14751,8,POZ,97,2.075,a,S1 obj,57,co2a0000375,0.37890625
14752,8,POZ,98,2.075,a,S1 obj,57,co2a0000375,0.3828125
14753,8,POZ,99,1.587,a,S1 obj,57,co2a0000375,0.38671875
14754,8,POZ,100,1.099,a,S1 obj,57,co2a0000375,0.390625
14755,8,POZ,101,-0.366,a,S1 obj,57,co2a0000375,0.39453125
14756,8,POZ,102,-1.831,a,S1 obj,57,co2a0000375,0.3984375
14757,8,POZ,103,-1.831,a,S1 obj,57,co2a0000375,0.40234375
14758,8,POZ,104,-0.366,a,S1 obj,57,co2a0000375,0.40625
14759,8,POZ,105,2.563,a,S1 obj,57,co2a0000375,0.41015625
14760,8,POZ,106,5.493,a,S1 obj,57,co2a0000375,0.4140625
14761,8,POZ,107,6.958,a,S1 obj,57,co2a0000375,0.41796875
14762,8,POZ,108,5.981,a,S1 obj,57,co2a0000375,0.421875
14763,8,POZ,109,3.052,a,S1 obj,57,co2a0000375,0.42578125
14764,8,POZ,110,0.122,a,S1 obj,57,co2a0000375,0.4296875
14765,8,POZ,111,-2.808,a,S1 obj,57,co2a0000375,0.43359375
14766,8,POZ,112,-3.784,a,S1 obj,57,co2a0000375,0.4375
14767,8,POZ,113,-4.761,a,S1 obj,57,co2a0000375,0.44140625
14768,8,POZ,114,-6.226,a,S1 obj,57,co2a0000375,0.4453125
14769,8,POZ,115,-8.667,a,S1 obj,57,co2a0000375,0.44921875
14770,8,POZ,116,-11.108,a,S1 obj,57,co2a0000375,0.453125
14771,8,POZ,117,-13.062,a,S1 obj,57,co2a0000375,0.45703125
14772,8,POZ,118,-14.526,a,S1 obj,57,co2a0000375,0.4609375
14773,8,POZ,119,-15.503,a,S1 obj,57,co2a0000375,0.46484375
14774,8,POZ,120,-16.479,a,S1 obj,57,co2a0000375,0.46875
14775,8,POZ,121,-16.968,a,S1 obj,57,co2a0000375,0.47265625
14776,8,POZ,122,-15.991,a,S1 obj,57,co2a0000375,0.4765625
14777,8,POZ,123,-14.038,a,S1 obj,57,co2a0000375,0.48046875
14778,8,POZ,124,-10.62,a,S1 obj,57,co2a0000375,0.484375
14779,8,POZ,125,-6.226,a,S1 obj,57,co2a0000375,0.48828125
14780,8,POZ,126,-2.808,a,S1 obj,57,co2a0000375,0.4921875
14781,8,POZ,127,-1.831,a,S1 obj,57,co2a0000375,0.49609375
14782,8,POZ,128,-3.296,a,S1 obj,57,co2a0000375,0.5
14783,8,POZ,129,-6.226,a,S1 obj,57,co2a0000375,0.50390625
14784,8,POZ,130,-9.644,a,S1 obj,57,co2a0000375,0.5078125
14785,8,POZ,131,-12.085,a,S1 obj,57,co2a0000375,0.51171875
14786,8,POZ,132,-12.573,a,S1 obj,57,co2a0000375,0.515625
14787,8,POZ,133,-12.085,a,S1 obj,57,co2a0000375,0.51953125
14788,8,POZ,134,-11.108,a,S1 obj,57,co2a0000375,0.5234375
14789,8,POZ,135,-11.108,a,S1 obj,57,co2a0000375,0.52734375
14790,8,POZ,136,-12.573,a,S1 obj,57,co2a0000375,0.53125
14791,8,POZ,137,-14.526,a,S1 obj,57,co2a0000375,0.53515625
14792,8,POZ,138,-15.991,a,S1 obj,57,co2a0000375,0.5390625
14793,8,POZ,139,-15.991,a,S1 obj,57,co2a0000375,0.54296875
14794,8,POZ,140,-15.015,a,S1 obj,57,co2a0000375,0.546875
14795,8,POZ,141,-14.038,a,S1 obj,57,co2a0000375,0.55078125
14796,8,POZ,142,-13.55,a,S1 obj,57,co2a0000375,0.5546875
14797,8,POZ,143,-13.55,a,S1 obj,57,co2a0000375,0.55859375
14798,8,POZ,144,-13.55,a,S1 obj,57,co2a0000375,0.5625
14799,8,POZ,145,-12.573,a,S1 obj,57,co2a0000375,0.56640625
14800,8,POZ,146,-10.62,a,S1 obj,57,co2a0000375,0.5703125
14801,8,POZ,147,-7.69,a,S1 obj,57,co2a0000375,0.57421875
14802,8,POZ,148,-4.761,a,S1 obj,57,co2a0000375,0.578125
14803,8,POZ,149,-2.808,a,S1 obj,57,co2a0000375,0.58203125
14804,8,POZ,150,-2.808,a,S1 obj,57,co2a0000375,0.5859375
14805,8,POZ,151,-3.784,a,S1 obj,57,co2a0000375,0.58984375
14806,8,POZ,152,-5.249,a,S1 obj,57,co2a0000375,0.59375
14807,8,POZ,153,-6.714,a,S1 obj,57,co2a0000375,0.59765625
14808,8,POZ,154,-7.69,a,S1 obj,57,co2a0000375,0.6015625
14809,8,POZ,155,-7.69,a,S1 obj,57,co2a0000375,0.60546875
14810,8,POZ,156,-7.69,a,S1 obj,57,co2a0000375,0.609375
14811,8,POZ,157,-7.69,a,S1 obj,57,co2a0000375,0.61328125
14812,8,POZ,158,-7.202,a,S1 obj,57,co2a0000375,0.6171875
14813,8,POZ,159,-7.69,a,S1 obj,57,co2a0000375,0.62109375
14814,8,POZ,160,-7.69,a,S1 obj,57,co2a0000375,0.625
14815,8,POZ,161,-8.667,a,S1 obj,57,co2a0000375,0.62890625
14816,8,POZ,162,-9.155,a,S1 obj,57,co2a0000375,0.6328125
14817,8,POZ,163,-8.667,a,S1 obj,57,co2a0000375,0.63671875
14818,8,POZ,164,-9.155,a,S1 obj,57,co2a0000375,0.640625
14819,8,POZ,165,-9.644,a,S1 obj,57,co2a0000375,0.64453125
14820,8,POZ,166,-11.108,a,S1 obj,57,co2a0000375,0.6484375
14821,8,POZ,167,-12.573,a,S1 obj,57,co2a0000375,0.65234375
14822,8,POZ,168,-13.55,a,S1 obj,57,co2a0000375,0.65625
14823,8,POZ,169,-13.55,a,S1 obj,57,co2a0000375,0.66015625
14824,8,POZ,170,-12.085,a,S1 obj,57,co2a0000375,0.6640625
14825,8,POZ,171,-11.597,a,S1 obj,57,co2a0000375,0.66796875
14826,8,POZ,172,-11.597,a,S1 obj,57,co2a0000375,0.671875
14827,8,POZ,173,-12.573,a,S1 obj,57,co2a0000375,0.67578125
14828,8,POZ,174,-14.038,a,S1 obj,57,co2a0000375,0.6796875
14829,8,POZ,175,-15.503,a,S1 obj,57,co2a0000375,0.68359375
14830,8,POZ,176,-14.526,a,S1 obj,57,co2a0000375,0.6875
14831,8,POZ,177,-12.085,a,S1 obj,57,co2a0000375,0.69140625
14832,8,POZ,178,-9.155,a,S1 obj,57,co2a0000375,0.6953125
14833,8,POZ,179,-7.69,a,S1 obj,57,co2a0000375,0.69921875
14834,8,POZ,180,-8.179,a,S1 obj,57,co2a0000375,0.703125
14835,8,POZ,181,-10.62,a,S1 obj,57,co2a0000375,0.70703125
14836,8,POZ,182,-13.55,a,S1 obj,57,co2a0000375,0.7109375
14837,8,POZ,183,-15.991,a,S1 obj,57,co2a0000375,0.71484375
14838,8,POZ,184,-15.991,a,S1 obj,57,co2a0000375,0.71875
14839,8,POZ,185,-14.526,a,S1 obj,57,co2a0000375,0.72265625
14840,8,POZ,186,-12.573,a,S1 obj,57,co2a0000375,0.7265625
14841,8,POZ,187,-10.62,a,S1 obj,57,co2a0000375,0.73046875
14842,8,POZ,188,-9.644,a,S1 obj,57,co2a0000375,0.734375
14843,8,POZ,189,-9.155,a,S1 obj,57,co2a0000375,0.73828125
14844,8,POZ,190,-8.179,a,S1 obj,57,co2a0000375,0.7421875
14845,8,POZ,191,-6.714,a,S1 obj,57,co2a0000375,0.74609375
14846,8,POZ,192,-4.761,a,S1 obj,57,co2a0000375,0.75
14847,8,POZ,193,-5.249,a,S1 obj,57,co2a0000375,0.75390625
14848,8,POZ,194,-6.714,a,S1 obj,57,co2a0000375,0.7578125
14849,8,POZ,195,-10.132,a,S1 obj,57,co2a0000375,0.76171875
14850,8,POZ,196,-12.573,a,S1 obj,57,co2a0000375,0.765625
14851,8,POZ,197,-12.573,a,S1 obj,57,co2a0000375,0.76953125
14852,8,POZ,198,-10.132,a,S1 obj,57,co2a0000375,0.7734375
14853,8,POZ,199,-6.226,a,S1 obj,57,co2a0000375,0.77734375
14854,8,POZ,200,-3.784,a,S1 obj,57,co2a0000375,0.78125
14855,8,POZ,201,-4.272,a,S1 obj,57,co2a0000375,0.78515625
14856,8,POZ,202,-7.202,a,S1 obj,57,co2a0000375,0.7890625
14857,8,POZ,203,-10.132,a,S1 obj,57,co2a0000375,0.79296875
14858,8,POZ,204,-11.597,a,S1 obj,57,co2a0000375,0.796875
14859,8,POZ,205,-11.597,a,S1 obj,57,co2a0000375,0.80078125
14860,8,POZ,206,-11.108,a,S1 obj,57,co2a0000375,0.8046875
14861,8,POZ,207,-12.085,a,S1 obj,57,co2a0000375,0.80859375
14862,8,POZ,208,-14.526,a,S1 obj,57,co2a0000375,0.8125
14863,8,POZ,209,-16.479,a,S1 obj,57,co2a0000375,0.81640625
14864,8,POZ,210,-15.015,a,S1 obj,57,co2a0000375,0.8203125
14865,8,POZ,211,-10.62,a,S1 obj,57,co2a0000375,0.82421875
14866,8,POZ,212,-4.761,a,S1 obj,57,co2a0000375,0.828125
14867,8,POZ,213,-0.366,a,S1 obj,57,co2a0000375,0.83203125
14868,8,POZ,214,1.099,a,S1 obj,57,co2a0000375,0.8359375
14869,8,POZ,215,-0.366,a,S1 obj,57,co2a0000375,0.83984375
14870,8,POZ,216,-2.808,a,S1 obj,57,co2a0000375,0.84375
14871,8,POZ,217,-3.784,a,S1 obj,57,co2a0000375,0.84765625
14872,8,POZ,218,-2.319,a,S1 obj,57,co2a0000375,0.8515625
14873,8,POZ,219,-0.366,a,S1 obj,57,co2a0000375,0.85546875
14874,8,POZ,220,-0.366,a,S1 obj,57,co2a0000375,0.859375
14875,8,POZ,221,-2.808,a,S1 obj,57,co2a0000375,0.86328125
14876,8,POZ,222,-6.226,a,S1 obj,57,co2a0000375,0.8671875
14877,8,POZ,223,-8.667,a,S1 obj,57,co2a0000375,0.87109375
14878,8,POZ,224,-9.644,a,S1 obj,57,co2a0000375,0.875
14879,8,POZ,225,-8.179,a,S1 obj,57,co2a0000375,0.87890625
14880,8,POZ,226,-7.69,a,S1 obj,57,co2a0000375,0.8828125
14881,8,POZ,227,-7.69,a,S1 obj,57,co2a0000375,0.88671875
14882,8,POZ,228,-8.667,a,S1 obj,57,co2a0000375,0.890625
14883,8,POZ,229,-9.644,a,S1 obj,57,co2a0000375,0.89453125
14884,8,POZ,230,-8.667,a,S1 obj,57,co2a0000375,0.8984375
14885,8,POZ,231,-6.714,a,S1 obj,57,co2a0000375,0.90234375
14886,8,POZ,232,-4.761,a,S1 obj,57,co2a0000375,0.90625
14887,8,POZ,233,-3.784,a,S1 obj,57,co2a0000375,0.91015625
14888,8,POZ,234,-4.761,a,S1 obj,57,co2a0000375,0.9140625
14889,8,POZ,235,-6.714,a,S1 obj,57,co2a0000375,0.91796875
14890,8,POZ,236,-9.644,a,S1 obj,57,co2a0000375,0.921875
14891,8,POZ,237,-11.597,a,S1 obj,57,co2a0000375,0.92578125
14892,8,POZ,238,-12.573,a,S1 obj,57,co2a0000375,0.9296875
14893,8,POZ,239,-12.085,a,S1 obj,57,co2a0000375,0.93359375
14894,8,POZ,240,-11.108,a,S1 obj,57,co2a0000375,0.9375
14895,8,POZ,241,-9.155,a,S1 obj,57,co2a0000375,0.94140625
14896,8,POZ,242,-7.202,a,S1 obj,57,co2a0000375,0.9453125
14897,8,POZ,243,-5.737,a,S1 obj,57,co2a0000375,0.94921875
14898,8,POZ,244,-4.761,a,S1 obj,57,co2a0000375,0.953125
14899,8,POZ,245,-5.737,a,S1 obj,57,co2a0000375,0.95703125
14900,8,POZ,246,-7.69,a,S1 obj,57,co2a0000375,0.9609375
14901,8,POZ,247,-10.132,a,S1 obj,57,co2a0000375,0.96484375
14902,8,POZ,248,-11.597,a,S1 obj,57,co2a0000375,0.96875
14903,8,POZ,249,-11.597,a,S1 obj,57,co2a0000375,0.97265625
14904,8,POZ,250,-9.644,a,S1 obj,57,co2a0000375,0.9765625
14905,8,POZ,251,-5.249,a,S1 obj,57,co2a0000375,0.98046875
14906,8,POZ,252,-0.366,a,S1 obj,57,co2a0000375,0.984375
14907,8,POZ,253,3.54,a,S1 obj,57,co2a0000375,0.98828125
14908,8,POZ,254,6.47,a,S1 obj,57,co2a0000375,0.9921875
14909,8,POZ,255,7.446,a,S1 obj,57,co2a0000375,0.99609375
14911,8,OZ,0,2.136,a,S1 obj,58,co2a0000375,0.0
14912,8,OZ,1,0.671,a,S1 obj,58,co2a0000375,0.00390625
14913,8,OZ,2,-0.305,a,S1 obj,58,co2a0000375,0.0078125
14914,8,OZ,3,-0.305,a,S1 obj,58,co2a0000375,0.01171875
14915,8,OZ,4,1.648,a,S1 obj,58,co2a0000375,0.015625
14916,8,OZ,5,4.578,a,S1 obj,58,co2a0000375,0.01953125
14917,8,OZ,6,7.507,a,S1 obj,58,co2a0000375,0.0234375
14918,8,OZ,7,7.996,a,S1 obj,58,co2a0000375,0.02734375
14919,8,OZ,8,6.531,a,S1 obj,58,co2a0000375,0.03125
14920,8,OZ,9,3.113,a,S1 obj,58,co2a0000375,0.03515625
14921,8,OZ,10,-0.793,a,S1 obj,58,co2a0000375,0.0390625
14922,8,OZ,11,-3.723,a,S1 obj,58,co2a0000375,0.04296875
14923,8,OZ,12,-4.211,a,S1 obj,58,co2a0000375,0.046875
14924,8,OZ,13,-2.747,a,S1 obj,58,co2a0000375,0.05078125
14925,8,OZ,14,0.183,a,S1 obj,58,co2a0000375,0.0546875
14926,8,OZ,15,2.625,a,S1 obj,58,co2a0000375,0.05859375
14927,8,OZ,16,4.578,a,S1 obj,58,co2a0000375,0.0625
14928,8,OZ,17,5.554,a,S1 obj,58,co2a0000375,0.06640625
14929,8,OZ,18,5.554,a,S1 obj,58,co2a0000375,0.0703125
14930,8,OZ,19,6.042,a,S1 obj,58,co2a0000375,0.07421875
14931,8,OZ,20,6.531,a,S1 obj,58,co2a0000375,0.078125
14932,8,OZ,21,7.507,a,S1 obj,58,co2a0000375,0.08203125
14933,8,OZ,22,7.996,a,S1 obj,58,co2a0000375,0.0859375
14934,8,OZ,23,8.484,a,S1 obj,58,co2a0000375,0.08984375
14935,8,OZ,24,7.996,a,S1 obj,58,co2a0000375,0.09375
14936,8,OZ,25,6.531,a,S1 obj,58,co2a0000375,0.09765625
14937,8,OZ,26,4.578,a,S1 obj,58,co2a0000375,0.1015625
14938,8,OZ,27,2.625,a,S1 obj,58,co2a0000375,0.10546875
14939,8,OZ,28,1.648,a,S1 obj,58,co2a0000375,0.109375
14940,8,OZ,29,1.16,a,S1 obj,58,co2a0000375,0.11328125
14941,8,OZ,30,1.648,a,S1 obj,58,co2a0000375,0.1171875
14942,8,OZ,31,2.136,a,S1 obj,58,co2a0000375,0.12109375
14943,8,OZ,32,2.136,a,S1 obj,58,co2a0000375,0.125
14944,8,OZ,33,1.16,a,S1 obj,58,co2a0000375,0.12890625
14945,8,OZ,34,-0.305,a,S1 obj,58,co2a0000375,0.1328125
14946,8,OZ,35,-1.77,a,S1 obj,58,co2a0000375,0.13671875
14947,8,OZ,36,-2.747,a,S1 obj,58,co2a0000375,0.140625
14948,8,OZ,37,-2.747,a,S1 obj,58,co2a0000375,0.14453125
14949,8,OZ,38,-2.747,a,S1 obj,58,co2a0000375,0.1484375
14950,8,OZ,39,-1.77,a,S1 obj,58,co2a0000375,0.15234375
14951,8,OZ,40,-0.305,a,S1 obj,58,co2a0000375,0.15625
14952,8,OZ,41,1.16,a,S1 obj,58,co2a0000375,0.16015625
14953,8,OZ,42,2.136,a,S1 obj,58,co2a0000375,0.1640625
14954,8,OZ,43,3.113,a,S1 obj,58,co2a0000375,0.16796875
14955,8,OZ,44,2.625,a,S1 obj,58,co2a0000375,0.171875
14956,8,OZ,45,2.625,a,S1 obj,58,co2a0000375,0.17578125
14957,8,OZ,46,1.648,a,S1 obj,58,co2a0000375,0.1796875
14958,8,OZ,47,0.183,a,S1 obj,58,co2a0000375,0.18359375
14959,8,OZ,48,-1.77,a,S1 obj,58,co2a0000375,0.1875
14960,8,OZ,49,-3.235,a,S1 obj,58,co2a0000375,0.19140625
14961,8,OZ,50,-3.235,a,S1 obj,58,co2a0000375,0.1953125
14962,8,OZ,51,-2.258,a,S1 obj,58,co2a0000375,0.19921875
14963,8,OZ,52,-1.77,a,S1 obj,58,co2a0000375,0.203125
14964,8,OZ,53,-2.258,a,S1 obj,58,co2a0000375,0.20703125
14965,8,OZ,54,-4.211,a,S1 obj,58,co2a0000375,0.2109375
14966,8,OZ,55,-6.165,a,S1 obj,58,co2a0000375,0.21484375
14967,8,OZ,56,-6.653,a,S1 obj,58,co2a0000375,0.21875
14968,8,OZ,57,-4.7,a,S1 obj,58,co2a0000375,0.22265625
14969,8,OZ,58,-0.305,a,S1 obj,58,co2a0000375,0.2265625
14970,8,OZ,59,3.113,a,S1 obj,58,co2a0000375,0.23046875
14971,8,OZ,60,5.554,a,S1 obj,58,co2a0000375,0.234375
14972,8,OZ,61,6.042,a,S1 obj,58,co2a0000375,0.23828125
14973,8,OZ,62,6.531,a,S1 obj,58,co2a0000375,0.2421875
14974,8,OZ,63,7.996,a,S1 obj,58,co2a0000375,0.24609375
14975,8,OZ,64,10.925,a,S1 obj,58,co2a0000375,0.25
14976,8,OZ,65,13.367,a,S1 obj,58,co2a0000375,0.25390625
14977,8,OZ,66,14.832,a,S1 obj,58,co2a0000375,0.2578125
14978,8,OZ,67,13.367,a,S1 obj,58,co2a0000375,0.26171875
14979,8,OZ,68,11.414,a,S1 obj,58,co2a0000375,0.265625
14980,8,OZ,69,9.949,a,S1 obj,58,co2a0000375,0.26953125
14981,8,OZ,70,9.46,a,S1 obj,58,co2a0000375,0.2734375
14982,8,OZ,71,8.972,a,S1 obj,58,co2a0000375,0.27734375
14983,8,OZ,72,8.484,a,S1 obj,58,co2a0000375,0.28125
14984,8,OZ,73,7.019,a,S1 obj,58,co2a0000375,0.28515625
14985,8,OZ,74,5.066,a,S1 obj,58,co2a0000375,0.2890625
14986,8,OZ,75,3.601,a,S1 obj,58,co2a0000375,0.29296875
14987,8,OZ,76,2.625,a,S1 obj,58,co2a0000375,0.296875
14988,8,OZ,77,2.136,a,S1 obj,58,co2a0000375,0.30078125
14989,8,OZ,78,1.648,a,S1 obj,58,co2a0000375,0.3046875
14990,8,OZ,79,2.136,a,S1 obj,58,co2a0000375,0.30859375
14991,8,OZ,80,2.625,a,S1 obj,58,co2a0000375,0.3125
14992,8,OZ,81,4.578,a,S1 obj,58,co2a0000375,0.31640625
14993,8,OZ,82,6.042,a,S1 obj,58,co2a0000375,0.3203125
14994,8,OZ,83,7.507,a,S1 obj,58,co2a0000375,0.32421875
14995,8,OZ,84,8.484,a,S1 obj,58,co2a0000375,0.328125
14996,8,OZ,85,8.484,a,S1 obj,58,co2a0000375,0.33203125
14997,8,OZ,86,8.972,a,S1 obj,58,co2a0000375,0.3359375
14998,8,OZ,87,9.949,a,S1 obj,58,co2a0000375,0.33984375
14999,8,OZ,88,9.949,a,S1 obj,58,co2a0000375,0.34375
15000,8,OZ,89,9.46,a,S1 obj,58,co2a0000375,0.34765625
15001,8,OZ,90,7.996,a,S1 obj,58,co2a0000375,0.3515625
15002,8,OZ,91,5.066,a,S1 obj,58,co2a0000375,0.35546875
15003,8,OZ,92,2.625,a,S1 obj,58,co2a0000375,0.359375
15004,8,OZ,93,0.183,a,S1 obj,58,co2a0000375,0.36328125
15005,8,OZ,94,-1.282,a,S1 obj,58,co2a0000375,0.3671875
15006,8,OZ,95,-1.77,a,S1 obj,58,co2a0000375,0.37109375
15007,8,OZ,96,-0.793,a,S1 obj,58,co2a0000375,0.375
15008,8,OZ,97,0.183,a,S1 obj,58,co2a0000375,0.37890625
15009,8,OZ,98,1.648,a,S1 obj,58,co2a0000375,0.3828125
15010,8,OZ,99,2.136,a,S1 obj,58,co2a0000375,0.38671875
15011,8,OZ,100,1.16,a,S1 obj,58,co2a0000375,0.390625
15012,8,OZ,101,-1.282,a,S1 obj,58,co2a0000375,0.39453125
15013,8,OZ,102,-4.211,a,S1 obj,58,co2a0000375,0.3984375
15014,8,OZ,103,-4.7,a,S1 obj,58,co2a0000375,0.40234375
15015,8,OZ,104,-2.258,a,S1 obj,58,co2a0000375,0.40625
15016,8,OZ,105,2.136,a,S1 obj,58,co2a0000375,0.41015625
15017,8,OZ,106,7.019,a,S1 obj,58,co2a0000375,0.4140625
15018,8,OZ,107,8.972,a,S1 obj,58,co2a0000375,0.41796875
15019,8,OZ,108,7.996,a,S1 obj,58,co2a0000375,0.421875
15020,8,OZ,109,4.089,a,S1 obj,58,co2a0000375,0.42578125
15021,8,OZ,110,-0.305,a,S1 obj,58,co2a0000375,0.4296875
15022,8,OZ,111,-3.723,a,S1 obj,58,co2a0000375,0.43359375
15023,8,OZ,112,-6.165,a,S1 obj,58,co2a0000375,0.4375
15024,8,OZ,113,-7.629,a,S1 obj,58,co2a0000375,0.44140625
15025,8,OZ,114,-9.583,a,S1 obj,58,co2a0000375,0.4453125
15026,8,OZ,115,-12.512,a,S1 obj,58,co2a0000375,0.44921875
15027,8,OZ,116,-14.954,a,S1 obj,58,co2a0000375,0.453125
15028,8,OZ,117,-17.395,a,S1 obj,58,co2a0000375,0.45703125
15029,8,OZ,118,-19.836,a,S1 obj,58,co2a0000375,0.4609375
15030,8,OZ,119,-21.79,a,S1 obj,58,co2a0000375,0.46484375
15031,8,OZ,120,-23.743,a,S1 obj,58,co2a0000375,0.46875
15032,8,OZ,121,-24.231,a,S1 obj,58,co2a0000375,0.47265625
15033,8,OZ,122,-22.278,a,S1 obj,58,co2a0000375,0.4765625
15034,8,OZ,123,-17.883,a,S1 obj,58,co2a0000375,0.48046875
15035,8,OZ,124,-12.024,a,S1 obj,58,co2a0000375,0.484375
15036,8,OZ,125,-6.653,a,S1 obj,58,co2a0000375,0.48828125
15037,8,OZ,126,-3.723,a,S1 obj,58,co2a0000375,0.4921875
15038,8,OZ,127,-3.723,a,S1 obj,58,co2a0000375,0.49609375
15039,8,OZ,128,-5.676,a,S1 obj,58,co2a0000375,0.5
15040,8,OZ,129,-8.606,a,S1 obj,58,co2a0000375,0.50390625
15041,8,OZ,130,-11.536,a,S1 obj,58,co2a0000375,0.5078125
15042,8,OZ,131,-12.512,a,S1 obj,58,co2a0000375,0.51171875
15043,8,OZ,132,-13.489,a,S1 obj,58,co2a0000375,0.515625
15044,8,OZ,133,-13.0,a,S1 obj,58,co2a0000375,0.51953125
15045,8,OZ,134,-13.489,a,S1 obj,58,co2a0000375,0.5234375
15046,8,OZ,135,-14.465,a,S1 obj,58,co2a0000375,0.52734375
15047,8,OZ,136,-16.418,a,S1 obj,58,co2a0000375,0.53125
15048,8,OZ,137,-17.883,a,S1 obj,58,co2a0000375,0.53515625
15049,8,OZ,138,-18.86,a,S1 obj,58,co2a0000375,0.5390625
15050,8,OZ,139,-19.348,a,S1 obj,58,co2a0000375,0.54296875
15051,8,OZ,140,-19.348,a,S1 obj,58,co2a0000375,0.546875
15052,8,OZ,141,-18.86,a,S1 obj,58,co2a0000375,0.55078125
15053,8,OZ,142,-19.348,a,S1 obj,58,co2a0000375,0.5546875
15054,8,OZ,143,-19.348,a,S1 obj,58,co2a0000375,0.55859375
15055,8,OZ,144,-18.86,a,S1 obj,58,co2a0000375,0.5625
15056,8,OZ,145,-16.907,a,S1 obj,58,co2a0000375,0.56640625
15057,8,OZ,146,-13.489,a,S1 obj,58,co2a0000375,0.5703125
15058,8,OZ,147,-9.583,a,S1 obj,58,co2a0000375,0.57421875
15059,8,OZ,148,-5.676,a,S1 obj,58,co2a0000375,0.578125
15060,8,OZ,149,-4.211,a,S1 obj,58,co2a0000375,0.58203125
15061,8,OZ,150,-4.211,a,S1 obj,58,co2a0000375,0.5859375
15062,8,OZ,151,-6.165,a,S1 obj,58,co2a0000375,0.58984375
15063,8,OZ,152,-8.606,a,S1 obj,58,co2a0000375,0.59375
15064,8,OZ,153,-10.559,a,S1 obj,58,co2a0000375,0.59765625
15065,8,OZ,154,-11.536,a,S1 obj,58,co2a0000375,0.6015625
15066,8,OZ,155,-11.047,a,S1 obj,58,co2a0000375,0.60546875
15067,8,OZ,156,-10.559,a,S1 obj,58,co2a0000375,0.609375
15068,8,OZ,157,-10.559,a,S1 obj,58,co2a0000375,0.61328125
15069,8,OZ,158,-10.559,a,S1 obj,58,co2a0000375,0.6171875
15070,8,OZ,159,-11.536,a,S1 obj,58,co2a0000375,0.62109375
15071,8,OZ,160,-13.0,a,S1 obj,58,co2a0000375,0.625
15072,8,OZ,161,-13.977,a,S1 obj,58,co2a0000375,0.62890625
15073,8,OZ,162,-13.977,a,S1 obj,58,co2a0000375,0.6328125
15074,8,OZ,163,-13.977,a,S1 obj,58,co2a0000375,0.63671875
15075,8,OZ,164,-14.465,a,S1 obj,58,co2a0000375,0.640625
15076,8,OZ,165,-15.442,a,S1 obj,58,co2a0000375,0.64453125
15077,8,OZ,166,-17.395,a,S1 obj,58,co2a0000375,0.6484375
15078,8,OZ,167,-18.86,a,S1 obj,58,co2a0000375,0.65234375
15079,8,OZ,168,-18.86,a,S1 obj,58,co2a0000375,0.65625
15080,8,OZ,169,-17.395,a,S1 obj,58,co2a0000375,0.66015625
15081,8,OZ,170,-15.442,a,S1 obj,58,co2a0000375,0.6640625
15082,8,OZ,171,-14.465,a,S1 obj,58,co2a0000375,0.66796875
15083,8,OZ,172,-14.465,a,S1 obj,58,co2a0000375,0.671875
15084,8,OZ,173,-16.907,a,S1 obj,58,co2a0000375,0.67578125
15085,8,OZ,174,-19.348,a,S1 obj,58,co2a0000375,0.6796875
15086,8,OZ,175,-21.301,a,S1 obj,58,co2a0000375,0.68359375
15087,8,OZ,176,-20.325,a,S1 obj,58,co2a0000375,0.6875
15088,8,OZ,177,-17.395,a,S1 obj,58,co2a0000375,0.69140625
15089,8,OZ,178,-14.465,a,S1 obj,58,co2a0000375,0.6953125
15090,8,OZ,179,-12.512,a,S1 obj,58,co2a0000375,0.69921875
15091,8,OZ,180,-13.0,a,S1 obj,58,co2a0000375,0.703125
15092,8,OZ,181,-14.954,a,S1 obj,58,co2a0000375,0.70703125
15093,8,OZ,182,-17.395,a,S1 obj,58,co2a0000375,0.7109375
15094,8,OZ,183,-19.348,a,S1 obj,58,co2a0000375,0.71484375
15095,8,OZ,184,-19.348,a,S1 obj,58,co2a0000375,0.71875
15096,8,OZ,185,-18.372,a,S1 obj,58,co2a0000375,0.72265625
15097,8,OZ,186,-17.395,a,S1 obj,58,co2a0000375,0.7265625
15098,8,OZ,187,-16.418,a,S1 obj,58,co2a0000375,0.73046875
15099,8,OZ,188,-15.442,a,S1 obj,58,co2a0000375,0.734375
15100,8,OZ,189,-13.977,a,S1 obj,58,co2a0000375,0.73828125
15101,8,OZ,190,-11.047,a,S1 obj,58,co2a0000375,0.7421875
15102,8,OZ,191,-8.118,a,S1 obj,58,co2a0000375,0.74609375
15103,8,OZ,192,-5.676,a,S1 obj,58,co2a0000375,0.75
15104,8,OZ,193,-6.165,a,S1 obj,58,co2a0000375,0.75390625
15105,8,OZ,194,-8.606,a,S1 obj,58,co2a0000375,0.7578125
15106,8,OZ,195,-12.512,a,S1 obj,58,co2a0000375,0.76171875
15107,8,OZ,196,-15.442,a,S1 obj,58,co2a0000375,0.765625
15108,8,OZ,197,-15.93,a,S1 obj,58,co2a0000375,0.76953125
15109,8,OZ,198,-13.489,a,S1 obj,58,co2a0000375,0.7734375
15110,8,OZ,199,-10.559,a,S1 obj,58,co2a0000375,0.77734375
15111,8,OZ,200,-8.606,a,S1 obj,58,co2a0000375,0.78125
15112,8,OZ,201,-8.606,a,S1 obj,58,co2a0000375,0.78515625
15113,8,OZ,202,-10.071,a,S1 obj,58,co2a0000375,0.7890625
15114,8,OZ,203,-11.536,a,S1 obj,58,co2a0000375,0.79296875
15115,8,OZ,204,-11.536,a,S1 obj,58,co2a0000375,0.796875
15116,8,OZ,205,-10.559,a,S1 obj,58,co2a0000375,0.80078125
15117,8,OZ,206,-11.047,a,S1 obj,58,co2a0000375,0.8046875
15118,8,OZ,207,-13.489,a,S1 obj,58,co2a0000375,0.80859375
15119,8,OZ,208,-17.395,a,S1 obj,58,co2a0000375,0.8125
15120,8,OZ,209,-19.836,a,S1 obj,58,co2a0000375,0.81640625
15121,8,OZ,210,-17.883,a,S1 obj,58,co2a0000375,0.8203125
15122,8,OZ,211,-11.047,a,S1 obj,58,co2a0000375,0.82421875
15123,8,OZ,212,-2.258,a,S1 obj,58,co2a0000375,0.828125
15124,8,OZ,213,4.089,a,S1 obj,58,co2a0000375,0.83203125
15125,8,OZ,214,6.042,a,S1 obj,58,co2a0000375,0.8359375
15126,8,OZ,215,3.601,a,S1 obj,58,co2a0000375,0.83984375
15127,8,OZ,216,-0.305,a,S1 obj,58,co2a0000375,0.84375
15128,8,OZ,217,-1.282,a,S1 obj,58,co2a0000375,0.84765625
15129,8,OZ,218,0.183,a,S1 obj,58,co2a0000375,0.8515625
15130,8,OZ,219,2.625,a,S1 obj,58,co2a0000375,0.85546875
15131,8,OZ,220,3.113,a,S1 obj,58,co2a0000375,0.859375
15132,8,OZ,221,0.671,a,S1 obj,58,co2a0000375,0.86328125
15133,8,OZ,222,-4.211,a,S1 obj,58,co2a0000375,0.8671875
15134,8,OZ,223,-8.606,a,S1 obj,58,co2a0000375,0.87109375
15135,8,OZ,224,-10.559,a,S1 obj,58,co2a0000375,0.875
15136,8,OZ,225,-11.047,a,S1 obj,58,co2a0000375,0.87890625
15137,8,OZ,226,-10.071,a,S1 obj,58,co2a0000375,0.8828125
15138,8,OZ,227,-9.583,a,S1 obj,58,co2a0000375,0.88671875
15139,8,OZ,228,-10.559,a,S1 obj,58,co2a0000375,0.890625
15140,8,OZ,229,-11.536,a,S1 obj,58,co2a0000375,0.89453125
15141,8,OZ,230,-11.047,a,S1 obj,58,co2a0000375,0.8984375
15142,8,OZ,231,-9.583,a,S1 obj,58,co2a0000375,0.90234375
15143,8,OZ,232,-7.629,a,S1 obj,58,co2a0000375,0.90625
15144,8,OZ,233,-7.141,a,S1 obj,58,co2a0000375,0.91015625
15145,8,OZ,234,-7.629,a,S1 obj,58,co2a0000375,0.9140625
15146,8,OZ,235,-10.071,a,S1 obj,58,co2a0000375,0.91796875
15147,8,OZ,236,-13.489,a,S1 obj,58,co2a0000375,0.921875
15148,8,OZ,237,-15.93,a,S1 obj,58,co2a0000375,0.92578125
15149,8,OZ,238,-16.907,a,S1 obj,58,co2a0000375,0.9296875
15150,8,OZ,239,-15.442,a,S1 obj,58,co2a0000375,0.93359375
15151,8,OZ,240,-13.0,a,S1 obj,58,co2a0000375,0.9375
15152,8,OZ,241,-10.071,a,S1 obj,58,co2a0000375,0.94140625
15153,8,OZ,242,-7.629,a,S1 obj,58,co2a0000375,0.9453125
15154,8,OZ,243,-6.653,a,S1 obj,58,co2a0000375,0.94921875
15155,8,OZ,244,-7.629,a,S1 obj,58,co2a0000375,0.953125
15156,8,OZ,245,-9.094,a,S1 obj,58,co2a0000375,0.95703125
15157,8,OZ,246,-10.559,a,S1 obj,58,co2a0000375,0.9609375
15158,8,OZ,247,-12.512,a,S1 obj,58,co2a0000375,0.96484375
15159,8,OZ,248,-13.977,a,S1 obj,58,co2a0000375,0.96875
15160,8,OZ,249,-13.977,a,S1 obj,58,co2a0000375,0.97265625
15161,8,OZ,250,-11.536,a,S1 obj,58,co2a0000375,0.9765625
15162,8,OZ,251,-7.629,a,S1 obj,58,co2a0000375,0.98046875
15163,8,OZ,252,-2.258,a,S1 obj,58,co2a0000375,0.984375
15164,8,OZ,253,2.625,a,S1 obj,58,co2a0000375,0.98828125
15165,8,OZ,254,5.554,a,S1 obj,58,co2a0000375,0.9921875
15166,8,OZ,255,7.507,a,S1 obj,58,co2a0000375,0.99609375
15168,8,P2,0,0.885,a,S1 obj,59,co2a0000375,0.0
15169,8,P2,1,-1.068,a,S1 obj,59,co2a0000375,0.00390625
15170,8,P2,2,-2.533,a,S1 obj,59,co2a0000375,0.0078125
15171,8,P2,3,-3.021,a,S1 obj,59,co2a0000375,0.01171875
15172,8,P2,4,-2.045,a,S1 obj,59,co2a0000375,0.015625
15173,8,P2,5,-0.092,a,S1 obj,59,co2a0000375,0.01953125
15174,8,P2,6,2.35,a,S1 obj,59,co2a0000375,0.0234375
15175,8,P2,7,3.815,a,S1 obj,59,co2a0000375,0.02734375
15176,8,P2,8,3.326,a,S1 obj,59,co2a0000375,0.03125
15177,8,P2,9,1.862,a,S1 obj,59,co2a0000375,0.03515625
15178,8,P2,10,-1.068,a,S1 obj,59,co2a0000375,0.0390625
15179,8,P2,11,-3.021,a,S1 obj,59,co2a0000375,0.04296875
15180,8,P2,12,-3.51,a,S1 obj,59,co2a0000375,0.046875
15181,8,P2,13,-2.045,a,S1 obj,59,co2a0000375,0.05078125
15182,8,P2,14,0.397,a,S1 obj,59,co2a0000375,0.0546875
15183,8,P2,15,2.838,a,S1 obj,59,co2a0000375,0.05859375
15184,8,P2,16,4.791,a,S1 obj,59,co2a0000375,0.0625
15185,8,P2,17,5.28,a,S1 obj,59,co2a0000375,0.06640625
15186,8,P2,18,4.791,a,S1 obj,59,co2a0000375,0.0703125
15187,8,P2,19,5.28,a,S1 obj,59,co2a0000375,0.07421875
15188,8,P2,20,5.768,a,S1 obj,59,co2a0000375,0.078125
15189,8,P2,21,6.744,a,S1 obj,59,co2a0000375,0.08203125
15190,8,P2,22,7.233,a,S1 obj,59,co2a0000375,0.0859375
15191,8,P2,23,6.744,a,S1 obj,59,co2a0000375,0.08984375
15192,8,P2,24,5.768,a,S1 obj,59,co2a0000375,0.09375
15193,8,P2,25,4.303,a,S1 obj,59,co2a0000375,0.09765625
15194,8,P2,26,3.326,a,S1 obj,59,co2a0000375,0.1015625
15195,8,P2,27,2.35,a,S1 obj,59,co2a0000375,0.10546875
15196,8,P2,28,2.35,a,S1 obj,59,co2a0000375,0.109375
15197,8,P2,29,2.838,a,S1 obj,59,co2a0000375,0.11328125
15198,8,P2,30,3.326,a,S1 obj,59,co2a0000375,0.1171875
15199,8,P2,31,3.815,a,S1 obj,59,co2a0000375,0.12109375
15200,8,P2,32,3.326,a,S1 obj,59,co2a0000375,0.125
15201,8,P2,33,3.326,a,S1 obj,59,co2a0000375,0.12890625
15202,8,P2,34,2.35,a,S1 obj,59,co2a0000375,0.1328125
15203,8,P2,35,2.35,a,S1 obj,59,co2a0000375,0.13671875
15204,8,P2,36,2.35,a,S1 obj,59,co2a0000375,0.140625
15205,8,P2,37,2.35,a,S1 obj,59,co2a0000375,0.14453125
15206,8,P2,38,2.35,a,S1 obj,59,co2a0000375,0.1484375
15207,8,P2,39,2.35,a,S1 obj,59,co2a0000375,0.15234375
15208,8,P2,40,1.862,a,S1 obj,59,co2a0000375,0.15625
15209,8,P2,41,1.373,a,S1 obj,59,co2a0000375,0.16015625
15210,8,P2,42,0.397,a,S1 obj,59,co2a0000375,0.1640625
15211,8,P2,43,-1.068,a,S1 obj,59,co2a0000375,0.16796875
15212,8,P2,44,-2.533,a,S1 obj,59,co2a0000375,0.171875
15213,8,P2,45,-2.533,a,S1 obj,59,co2a0000375,0.17578125
15214,8,P2,46,-1.556,a,S1 obj,59,co2a0000375,0.1796875
15215,8,P2,47,0.885,a,S1 obj,59,co2a0000375,0.18359375
15216,8,P2,48,2.838,a,S1 obj,59,co2a0000375,0.1875
15217,8,P2,49,4.791,a,S1 obj,59,co2a0000375,0.19140625
15218,8,P2,50,4.791,a,S1 obj,59,co2a0000375,0.1953125
15219,8,P2,51,3.815,a,S1 obj,59,co2a0000375,0.19921875
15220,8,P2,52,1.862,a,S1 obj,59,co2a0000375,0.203125
15221,8,P2,53,0.397,a,S1 obj,59,co2a0000375,0.20703125
15222,8,P2,54,-0.58,a,S1 obj,59,co2a0000375,0.2109375
15223,8,P2,55,-0.58,a,S1 obj,59,co2a0000375,0.21484375
15224,8,P2,56,-0.092,a,S1 obj,59,co2a0000375,0.21875
15225,8,P2,57,1.862,a,S1 obj,59,co2a0000375,0.22265625
15226,8,P2,58,3.326,a,S1 obj,59,co2a0000375,0.2265625
15227,8,P2,59,3.815,a,S1 obj,59,co2a0000375,0.23046875
15228,8,P2,60,3.815,a,S1 obj,59,co2a0000375,0.234375
15229,8,P2,61,3.326,a,S1 obj,59,co2a0000375,0.23828125
15230,8,P2,62,3.326,a,S1 obj,59,co2a0000375,0.2421875
15231,8,P2,63,4.303,a,S1 obj,59,co2a0000375,0.24609375
15232,8,P2,64,5.768,a,S1 obj,59,co2a0000375,0.25
15233,8,P2,65,7.721,a,S1 obj,59,co2a0000375,0.25390625
15234,8,P2,66,8.698,a,S1 obj,59,co2a0000375,0.2578125
15235,8,P2,67,8.698,a,S1 obj,59,co2a0000375,0.26171875
15236,8,P2,68,8.698,a,S1 obj,59,co2a0000375,0.265625
15237,8,P2,69,8.698,a,S1 obj,59,co2a0000375,0.26953125
15238,8,P2,70,8.698,a,S1 obj,59,co2a0000375,0.2734375
15239,8,P2,71,8.209,a,S1 obj,59,co2a0000375,0.27734375
15240,8,P2,72,7.721,a,S1 obj,59,co2a0000375,0.28125
15241,8,P2,73,6.256,a,S1 obj,59,co2a0000375,0.28515625
15242,8,P2,74,5.28,a,S1 obj,59,co2a0000375,0.2890625
15243,8,P2,75,4.303,a,S1 obj,59,co2a0000375,0.29296875
15244,8,P2,76,3.326,a,S1 obj,59,co2a0000375,0.296875
15245,8,P2,77,2.838,a,S1 obj,59,co2a0000375,0.30078125
15246,8,P2,78,2.35,a,S1 obj,59,co2a0000375,0.3046875
15247,8,P2,79,2.35,a,S1 obj,59,co2a0000375,0.30859375
15248,8,P2,80,3.326,a,S1 obj,59,co2a0000375,0.3125
15249,8,P2,81,4.303,a,S1 obj,59,co2a0000375,0.31640625
15250,8,P2,82,5.28,a,S1 obj,59,co2a0000375,0.3203125
15251,8,P2,83,6.744,a,S1 obj,59,co2a0000375,0.32421875
15252,8,P2,84,7.233,a,S1 obj,59,co2a0000375,0.328125
15253,8,P2,85,7.721,a,S1 obj,59,co2a0000375,0.33203125
15254,8,P2,86,8.698,a,S1 obj,59,co2a0000375,0.3359375
15255,8,P2,87,9.674,a,S1 obj,59,co2a0000375,0.33984375
15256,8,P2,88,10.651,a,S1 obj,59,co2a0000375,0.34375
15257,8,P2,89,11.139,a,S1 obj,59,co2a0000375,0.34765625
15258,8,P2,90,10.162,a,S1 obj,59,co2a0000375,0.3515625
15259,8,P2,91,8.209,a,S1 obj,59,co2a0000375,0.35546875
15260,8,P2,92,5.768,a,S1 obj,59,co2a0000375,0.359375
15261,8,P2,93,4.303,a,S1 obj,59,co2a0000375,0.36328125
15262,8,P2,94,3.815,a,S1 obj,59,co2a0000375,0.3671875
15263,8,P2,95,3.815,a,S1 obj,59,co2a0000375,0.37109375
15264,8,P2,96,4.303,a,S1 obj,59,co2a0000375,0.375
15265,8,P2,97,4.791,a,S1 obj,59,co2a0000375,0.37890625
15266,8,P2,98,4.791,a,S1 obj,59,co2a0000375,0.3828125
15267,8,P2,99,4.303,a,S1 obj,59,co2a0000375,0.38671875
15268,8,P2,100,2.838,a,S1 obj,59,co2a0000375,0.390625
15269,8,P2,101,1.373,a,S1 obj,59,co2a0000375,0.39453125
15270,8,P2,102,0.397,a,S1 obj,59,co2a0000375,0.3984375
15271,8,P2,103,-0.092,a,S1 obj,59,co2a0000375,0.40234375
15272,8,P2,104,1.862,a,S1 obj,59,co2a0000375,0.40625
15273,8,P2,105,4.303,a,S1 obj,59,co2a0000375,0.41015625
15274,8,P2,106,6.744,a,S1 obj,59,co2a0000375,0.4140625
15275,8,P2,107,7.721,a,S1 obj,59,co2a0000375,0.41796875
15276,8,P2,108,6.256,a,S1 obj,59,co2a0000375,0.421875
15277,8,P2,109,4.303,a,S1 obj,59,co2a0000375,0.42578125
15278,8,P2,110,2.35,a,S1 obj,59,co2a0000375,0.4296875
15279,8,P2,111,1.373,a,S1 obj,59,co2a0000375,0.43359375
15280,8,P2,112,0.885,a,S1 obj,59,co2a0000375,0.4375
15281,8,P2,113,-0.092,a,S1 obj,59,co2a0000375,0.44140625
15282,8,P2,114,-1.556,a,S1 obj,59,co2a0000375,0.4453125
15283,8,P2,115,-3.021,a,S1 obj,59,co2a0000375,0.44921875
15284,8,P2,116,-4.974,a,S1 obj,59,co2a0000375,0.453125
15285,8,P2,117,-5.951,a,S1 obj,59,co2a0000375,0.45703125
15286,8,P2,118,-6.927,a,S1 obj,59,co2a0000375,0.4609375
15287,8,P2,119,-8.392,a,S1 obj,59,co2a0000375,0.46484375
15288,8,P2,120,-8.881,a,S1 obj,59,co2a0000375,0.46875
15289,8,P2,121,-9.857,a,S1 obj,59,co2a0000375,0.47265625
15290,8,P2,122,-8.881,a,S1 obj,59,co2a0000375,0.4765625
15291,8,P2,123,-7.416,a,S1 obj,59,co2a0000375,0.48046875
15292,8,P2,124,-4.974,a,S1 obj,59,co2a0000375,0.484375
15293,8,P2,125,-3.021,a,S1 obj,59,co2a0000375,0.48828125
15294,8,P2,126,-2.045,a,S1 obj,59,co2a0000375,0.4921875
15295,8,P2,127,-2.533,a,S1 obj,59,co2a0000375,0.49609375
15296,8,P2,128,-3.998,a,S1 obj,59,co2a0000375,0.5
15297,8,P2,129,-6.439,a,S1 obj,59,co2a0000375,0.50390625
15298,8,P2,130,-8.392,a,S1 obj,59,co2a0000375,0.5078125
15299,8,P2,131,-9.369,a,S1 obj,59,co2a0000375,0.51171875
15300,8,P2,132,-8.881,a,S1 obj,59,co2a0000375,0.515625
15301,8,P2,133,-7.416,a,S1 obj,59,co2a0000375,0.51953125
15302,8,P2,134,-6.927,a,S1 obj,59,co2a0000375,0.5234375
15303,8,P2,135,-6.927,a,S1 obj,59,co2a0000375,0.52734375
15304,8,P2,136,-7.904,a,S1 obj,59,co2a0000375,0.53125
15305,8,P2,137,-9.369,a,S1 obj,59,co2a0000375,0.53515625
15306,8,P2,138,-10.345,a,S1 obj,59,co2a0000375,0.5390625
15307,8,P2,139,-10.834,a,S1 obj,59,co2a0000375,0.54296875
15308,8,P2,140,-10.834,a,S1 obj,59,co2a0000375,0.546875
15309,8,P2,141,-9.857,a,S1 obj,59,co2a0000375,0.55078125
15310,8,P2,142,-8.881,a,S1 obj,59,co2a0000375,0.5546875
15311,8,P2,143,-8.392,a,S1 obj,59,co2a0000375,0.55859375
15312,8,P2,144,-8.392,a,S1 obj,59,co2a0000375,0.5625
15313,8,P2,145,-8.392,a,S1 obj,59,co2a0000375,0.56640625
15314,8,P2,146,-7.416,a,S1 obj,59,co2a0000375,0.5703125
15315,8,P2,147,-6.439,a,S1 obj,59,co2a0000375,0.57421875
15316,8,P2,148,-4.974,a,S1 obj,59,co2a0000375,0.578125
15317,8,P2,149,-3.51,a,S1 obj,59,co2a0000375,0.58203125
15318,8,P2,150,-3.021,a,S1 obj,59,co2a0000375,0.5859375
15319,8,P2,151,-3.021,a,S1 obj,59,co2a0000375,0.58984375
15320,8,P2,152,-4.486,a,S1 obj,59,co2a0000375,0.59375
15321,8,P2,153,-5.463,a,S1 obj,59,co2a0000375,0.59765625
15322,8,P2,154,-6.927,a,S1 obj,59,co2a0000375,0.6015625
15323,8,P2,155,-6.927,a,S1 obj,59,co2a0000375,0.60546875
15324,8,P2,156,-7.416,a,S1 obj,59,co2a0000375,0.609375
15325,8,P2,157,-7.416,a,S1 obj,59,co2a0000375,0.61328125
15326,8,P2,158,-7.416,a,S1 obj,59,co2a0000375,0.6171875
15327,8,P2,159,-7.416,a,S1 obj,59,co2a0000375,0.62109375
15328,8,P2,160,-7.416,a,S1 obj,59,co2a0000375,0.625
15329,8,P2,161,-7.416,a,S1 obj,59,co2a0000375,0.62890625
15330,8,P2,162,-6.927,a,S1 obj,59,co2a0000375,0.6328125
15331,8,P2,163,-6.439,a,S1 obj,59,co2a0000375,0.63671875
15332,8,P2,164,-6.927,a,S1 obj,59,co2a0000375,0.640625
15333,8,P2,165,-7.904,a,S1 obj,59,co2a0000375,0.64453125
15334,8,P2,166,-9.369,a,S1 obj,59,co2a0000375,0.6484375
15335,8,P2,167,-10.834,a,S1 obj,59,co2a0000375,0.65234375
15336,8,P2,168,-11.322,a,S1 obj,59,co2a0000375,0.65625
15337,8,P2,169,-10.834,a,S1 obj,59,co2a0000375,0.66015625
15338,8,P2,170,-10.345,a,S1 obj,59,co2a0000375,0.6640625
15339,8,P2,171,-9.369,a,S1 obj,59,co2a0000375,0.66796875
15340,8,P2,172,-9.369,a,S1 obj,59,co2a0000375,0.671875
15341,8,P2,173,-9.857,a,S1 obj,59,co2a0000375,0.67578125
15342,8,P2,174,-11.322,a,S1 obj,59,co2a0000375,0.6796875
15343,8,P2,175,-11.322,a,S1 obj,59,co2a0000375,0.68359375
15344,8,P2,176,-10.834,a,S1 obj,59,co2a0000375,0.6875
15345,8,P2,177,-8.881,a,S1 obj,59,co2a0000375,0.69140625
15346,8,P2,178,-6.927,a,S1 obj,59,co2a0000375,0.6953125
15347,8,P2,179,-5.463,a,S1 obj,59,co2a0000375,0.69921875
15348,8,P2,180,-5.463,a,S1 obj,59,co2a0000375,0.703125
15349,8,P2,181,-5.951,a,S1 obj,59,co2a0000375,0.70703125
15350,8,P2,182,-6.927,a,S1 obj,59,co2a0000375,0.7109375
15351,8,P2,183,-7.904,a,S1 obj,59,co2a0000375,0.71484375
15352,8,P2,184,-7.904,a,S1 obj,59,co2a0000375,0.71875
15353,8,P2,185,-7.416,a,S1 obj,59,co2a0000375,0.72265625
15354,8,P2,186,-6.439,a,S1 obj,59,co2a0000375,0.7265625
15355,8,P2,187,-5.463,a,S1 obj,59,co2a0000375,0.73046875
15356,8,P2,188,-4.486,a,S1 obj,59,co2a0000375,0.734375
15357,8,P2,189,-3.998,a,S1 obj,59,co2a0000375,0.73828125
15358,8,P2,190,-3.51,a,S1 obj,59,co2a0000375,0.7421875
15359,8,P2,191,-2.533,a,S1 obj,59,co2a0000375,0.74609375
15360,8,P2,192,-2.045,a,S1 obj,59,co2a0000375,0.75
15361,8,P2,193,-1.556,a,S1 obj,59,co2a0000375,0.75390625
15362,8,P2,194,-2.533,a,S1 obj,59,co2a0000375,0.7578125
15363,8,P2,195,-4.486,a,S1 obj,59,co2a0000375,0.76171875
15364,8,P2,196,-6.439,a,S1 obj,59,co2a0000375,0.765625
15365,8,P2,197,-7.416,a,S1 obj,59,co2a0000375,0.76953125
15366,8,P2,198,-6.439,a,S1 obj,59,co2a0000375,0.7734375
15367,8,P2,199,-4.974,a,S1 obj,59,co2a0000375,0.77734375
15368,8,P2,200,-3.021,a,S1 obj,59,co2a0000375,0.78125
15369,8,P2,201,-3.021,a,S1 obj,59,co2a0000375,0.78515625
15370,8,P2,202,-4.486,a,S1 obj,59,co2a0000375,0.7890625
15371,8,P2,203,-5.951,a,S1 obj,59,co2a0000375,0.79296875
15372,8,P2,204,-6.927,a,S1 obj,59,co2a0000375,0.796875
15373,8,P2,205,-6.439,a,S1 obj,59,co2a0000375,0.80078125
15374,8,P2,206,-5.951,a,S1 obj,59,co2a0000375,0.8046875
15375,8,P2,207,-6.439,a,S1 obj,59,co2a0000375,0.80859375
15376,8,P2,208,-8.392,a,S1 obj,59,co2a0000375,0.8125
15377,8,P2,209,-10.345,a,S1 obj,59,co2a0000375,0.81640625
15378,8,P2,210,-10.345,a,S1 obj,59,co2a0000375,0.8203125
15379,8,P2,211,-8.392,a,S1 obj,59,co2a0000375,0.82421875
15380,8,P2,212,-4.486,a,S1 obj,59,co2a0000375,0.828125
15381,8,P2,213,-1.068,a,S1 obj,59,co2a0000375,0.83203125
15382,8,P2,214,-0.092,a,S1 obj,59,co2a0000375,0.8359375
15383,8,P2,215,-0.092,a,S1 obj,59,co2a0000375,0.83984375
15384,8,P2,216,-1.068,a,S1 obj,59,co2a0000375,0.84375
15385,8,P2,217,-1.556,a,S1 obj,59,co2a0000375,0.84765625
15386,8,P2,218,-1.068,a,S1 obj,59,co2a0000375,0.8515625
15387,8,P2,219,-0.58,a,S1 obj,59,co2a0000375,0.85546875
15388,8,P2,220,-0.58,a,S1 obj,59,co2a0000375,0.859375
15389,8,P2,221,-1.556,a,S1 obj,59,co2a0000375,0.86328125
15390,8,P2,222,-2.533,a,S1 obj,59,co2a0000375,0.8671875
15391,8,P2,223,-2.533,a,S1 obj,59,co2a0000375,0.87109375
15392,8,P2,224,-2.045,a,S1 obj,59,co2a0000375,0.875
15393,8,P2,225,-2.045,a,S1 obj,59,co2a0000375,0.87890625
15394,8,P2,226,-2.533,a,S1 obj,59,co2a0000375,0.8828125
15395,8,P2,227,-4.486,a,S1 obj,59,co2a0000375,0.88671875
15396,8,P2,228,-5.951,a,S1 obj,59,co2a0000375,0.890625
15397,8,P2,229,-6.927,a,S1 obj,59,co2a0000375,0.89453125
15398,8,P2,230,-5.951,a,S1 obj,59,co2a0000375,0.8984375
15399,8,P2,231,-3.998,a,S1 obj,59,co2a0000375,0.90234375
15400,8,P2,232,-2.045,a,S1 obj,59,co2a0000375,0.90625
15401,8,P2,233,-2.045,a,S1 obj,59,co2a0000375,0.91015625
15402,8,P2,234,-3.021,a,S1 obj,59,co2a0000375,0.9140625
15403,8,P2,235,-5.463,a,S1 obj,59,co2a0000375,0.91796875
15404,8,P2,236,-8.392,a,S1 obj,59,co2a0000375,0.921875
15405,8,P2,237,-9.857,a,S1 obj,59,co2a0000375,0.92578125
15406,8,P2,238,-10.834,a,S1 obj,59,co2a0000375,0.9296875
15407,8,P2,239,-10.345,a,S1 obj,59,co2a0000375,0.93359375
15408,8,P2,240,-8.881,a,S1 obj,59,co2a0000375,0.9375
15409,8,P2,241,-6.439,a,S1 obj,59,co2a0000375,0.94140625
15410,8,P2,242,-4.974,a,S1 obj,59,co2a0000375,0.9453125
15411,8,P2,243,-3.998,a,S1 obj,59,co2a0000375,0.94921875
15412,8,P2,244,-3.998,a,S1 obj,59,co2a0000375,0.953125
15413,8,P2,245,-5.463,a,S1 obj,59,co2a0000375,0.95703125
15414,8,P2,246,-7.416,a,S1 obj,59,co2a0000375,0.9609375
15415,8,P2,247,-9.857,a,S1 obj,59,co2a0000375,0.96484375
15416,8,P2,248,-11.81,a,S1 obj,59,co2a0000375,0.96875
15417,8,P2,249,-12.299,a,S1 obj,59,co2a0000375,0.97265625
15418,8,P2,250,-10.345,a,S1 obj,59,co2a0000375,0.9765625
15419,8,P2,251,-6.439,a,S1 obj,59,co2a0000375,0.98046875
15420,8,P2,252,-2.045,a,S1 obj,59,co2a0000375,0.984375
15421,8,P2,253,2.35,a,S1 obj,59,co2a0000375,0.98828125
15422,8,P2,254,5.28,a,S1 obj,59,co2a0000375,0.9921875
15423,8,P2,255,6.256,a,S1 obj,59,co2a0000375,0.99609375
15425,8,P1,0,-0.224,a,S1 obj,60,co2a0000375,0.0
15426,8,P1,1,-1.2,a,S1 obj,60,co2a0000375,0.00390625
15427,8,P1,2,-1.2,a,S1 obj,60,co2a0000375,0.0078125
15428,8,P1,3,-0.224,a,S1 obj,60,co2a0000375,0.01171875
15429,8,P1,4,1.729,a,S1 obj,60,co2a0000375,0.015625
15430,8,P1,5,3.194,a,S1 obj,60,co2a0000375,0.01953125
15431,8,P1,6,4.171,a,S1 obj,60,co2a0000375,0.0234375
15432,8,P1,7,4.171,a,S1 obj,60,co2a0000375,0.02734375
15433,8,P1,8,3.194,a,S1 obj,60,co2a0000375,0.03125
15434,8,P1,9,1.729,a,S1 obj,60,co2a0000375,0.03515625
15435,8,P1,10,-0.712,a,S1 obj,60,co2a0000375,0.0390625
15436,8,P1,11,-2.177,a,S1 obj,60,co2a0000375,0.04296875
15437,8,P1,12,-1.689,a,S1 obj,60,co2a0000375,0.046875
15438,8,P1,13,0.753,a,S1 obj,60,co2a0000375,0.05078125
15439,8,P1,14,4.171,a,S1 obj,60,co2a0000375,0.0546875
15440,8,P1,15,7.1,a,S1 obj,60,co2a0000375,0.05859375
15441,8,P1,16,8.077,a,S1 obj,60,co2a0000375,0.0625
15442,8,P1,17,7.589,a,S1 obj,60,co2a0000375,0.06640625
15443,8,P1,18,5.636,a,S1 obj,60,co2a0000375,0.0703125
15444,8,P1,19,4.659,a,S1 obj,60,co2a0000375,0.07421875
15445,8,P1,20,5.147,a,S1 obj,60,co2a0000375,0.078125
15446,8,P1,21,6.124,a,S1 obj,60,co2a0000375,0.08203125
15447,8,P1,22,7.1,a,S1 obj,60,co2a0000375,0.0859375
15448,8,P1,23,6.612,a,S1 obj,60,co2a0000375,0.08984375
15449,8,P1,24,4.659,a,S1 obj,60,co2a0000375,0.09375
15450,8,P1,25,2.218,a,S1 obj,60,co2a0000375,0.09765625
15451,8,P1,26,0.753,a,S1 obj,60,co2a0000375,0.1015625
15452,8,P1,27,-0.224,a,S1 obj,60,co2a0000375,0.10546875
15453,8,P1,28,-0.224,a,S1 obj,60,co2a0000375,0.109375
15454,8,P1,29,0.264,a,S1 obj,60,co2a0000375,0.11328125
15455,8,P1,30,1.729,a,S1 obj,60,co2a0000375,0.1171875
15456,8,P1,31,3.682,a,S1 obj,60,co2a0000375,0.12109375
15457,8,P1,32,5.147,a,S1 obj,60,co2a0000375,0.125
15458,8,P1,33,6.124,a,S1 obj,60,co2a0000375,0.12890625
15459,8,P1,34,5.636,a,S1 obj,60,co2a0000375,0.1328125
15460,8,P1,35,4.171,a,S1 obj,60,co2a0000375,0.13671875
15461,8,P1,36,2.218,a,S1 obj,60,co2a0000375,0.140625
15462,8,P1,37,0.753,a,S1 obj,60,co2a0000375,0.14453125
15463,8,P1,38,0.264,a,S1 obj,60,co2a0000375,0.1484375
15464,8,P1,39,1.241,a,S1 obj,60,co2a0000375,0.15234375
15465,8,P1,40,2.218,a,S1 obj,60,co2a0000375,0.15625
15466,8,P1,41,2.706,a,S1 obj,60,co2a0000375,0.16015625
15467,8,P1,42,2.218,a,S1 obj,60,co2a0000375,0.1640625
15468,8,P1,43,1.241,a,S1 obj,60,co2a0000375,0.16796875
15469,8,P1,44,-0.224,a,S1 obj,60,co2a0000375,0.171875
15470,8,P1,45,-0.712,a,S1 obj,60,co2a0000375,0.17578125
15471,8,P1,46,-0.224,a,S1 obj,60,co2a0000375,0.1796875
15472,8,P1,47,0.753,a,S1 obj,60,co2a0000375,0.18359375
15473,8,P1,48,1.241,a,S1 obj,60,co2a0000375,0.1875
15474,8,P1,49,1.729,a,S1 obj,60,co2a0000375,0.19140625
15475,8,P1,50,1.241,a,S1 obj,60,co2a0000375,0.1953125
15476,8,P1,51,0.753,a,S1 obj,60,co2a0000375,0.19921875
15477,8,P1,52,-0.224,a,S1 obj,60,co2a0000375,0.203125
15478,8,P1,53,-2.177,a,S1 obj,60,co2a0000375,0.20703125
15479,8,P1,54,-4.13,a,S1 obj,60,co2a0000375,0.2109375
15480,8,P1,55,-6.083,a,S1 obj,60,co2a0000375,0.21484375
15481,8,P1,56,-6.571,a,S1 obj,60,co2a0000375,0.21875
15482,8,P1,57,-5.107,a,S1 obj,60,co2a0000375,0.22265625
15483,8,P1,58,-3.642,a,S1 obj,60,co2a0000375,0.2265625
15484,8,P1,59,-1.689,a,S1 obj,60,co2a0000375,0.23046875
15485,8,P1,60,-1.689,a,S1 obj,60,co2a0000375,0.234375
15486,8,P1,61,-1.689,a,S1 obj,60,co2a0000375,0.23828125
15487,8,P1,62,-1.2,a,S1 obj,60,co2a0000375,0.2421875
15488,8,P1,63,0.753,a,S1 obj,60,co2a0000375,0.24609375
15489,8,P1,64,2.706,a,S1 obj,60,co2a0000375,0.25
15490,8,P1,65,4.659,a,S1 obj,60,co2a0000375,0.25390625
15491,8,P1,66,4.659,a,S1 obj,60,co2a0000375,0.2578125
15492,8,P1,67,4.171,a,S1 obj,60,co2a0000375,0.26171875
15493,8,P1,68,2.706,a,S1 obj,60,co2a0000375,0.265625
15494,8,P1,69,2.218,a,S1 obj,60,co2a0000375,0.26953125
15495,8,P1,70,2.706,a,S1 obj,60,co2a0000375,0.2734375
15496,8,P1,71,2.706,a,S1 obj,60,co2a0000375,0.27734375
15497,8,P1,72,2.706,a,S1 obj,60,co2a0000375,0.28125
15498,8,P1,73,2.218,a,S1 obj,60,co2a0000375,0.28515625
15499,8,P1,74,1.729,a,S1 obj,60,co2a0000375,0.2890625
15500,8,P1,75,1.729,a,S1 obj,60,co2a0000375,0.29296875
15501,8,P1,76,1.729,a,S1 obj,60,co2a0000375,0.296875
15502,8,P1,77,1.729,a,S1 obj,60,co2a0000375,0.30078125
15503,8,P1,78,0.753,a,S1 obj,60,co2a0000375,0.3046875
15504,8,P1,79,0.264,a,S1 obj,60,co2a0000375,0.30859375
15505,8,P1,80,0.264,a,S1 obj,60,co2a0000375,0.3125
15506,8,P1,81,2.218,a,S1 obj,60,co2a0000375,0.31640625
15507,8,P1,82,4.171,a,S1 obj,60,co2a0000375,0.3203125
15508,8,P1,83,6.124,a,S1 obj,60,co2a0000375,0.32421875
15509,8,P1,84,7.589,a,S1 obj,60,co2a0000375,0.328125
15510,8,P1,85,8.077,a,S1 obj,60,co2a0000375,0.33203125
15511,8,P1,86,8.077,a,S1 obj,60,co2a0000375,0.3359375
15512,8,P1,87,8.565,a,S1 obj,60,co2a0000375,0.33984375
15513,8,P1,88,10.03,a,S1 obj,60,co2a0000375,0.34375
15514,8,P1,89,10.518,a,S1 obj,60,co2a0000375,0.34765625
15515,8,P1,90,10.518,a,S1 obj,60,co2a0000375,0.3515625
15516,8,P1,91,9.542,a,S1 obj,60,co2a0000375,0.35546875
15517,8,P1,92,7.589,a,S1 obj,60,co2a0000375,0.359375
15518,8,P1,93,5.636,a,S1 obj,60,co2a0000375,0.36328125
15519,8,P1,94,4.171,a,S1 obj,60,co2a0000375,0.3671875
15520,8,P1,95,3.682,a,S1 obj,60,co2a0000375,0.37109375
15521,8,P1,96,3.194,a,S1 obj,60,co2a0000375,0.375
15522,8,P1,97,3.194,a,S1 obj,60,co2a0000375,0.37890625
15523,8,P1,98,3.194,a,S1 obj,60,co2a0000375,0.3828125
15524,8,P1,99,2.706,a,S1 obj,60,co2a0000375,0.38671875
15525,8,P1,100,2.218,a,S1 obj,60,co2a0000375,0.390625
15526,8,P1,101,1.729,a,S1 obj,60,co2a0000375,0.39453125
15527,8,P1,102,1.729,a,S1 obj,60,co2a0000375,0.3984375
15528,8,P1,103,1.729,a,S1 obj,60,co2a0000375,0.40234375
15529,8,P1,104,3.682,a,S1 obj,60,co2a0000375,0.40625
15530,8,P1,105,5.147,a,S1 obj,60,co2a0000375,0.41015625
15531,8,P1,106,7.1,a,S1 obj,60,co2a0000375,0.4140625
15532,8,P1,107,7.1,a,S1 obj,60,co2a0000375,0.41796875
15533,8,P1,108,5.636,a,S1 obj,60,co2a0000375,0.421875
15534,8,P1,109,3.682,a,S1 obj,60,co2a0000375,0.42578125
15535,8,P1,110,1.241,a,S1 obj,60,co2a0000375,0.4296875
15536,8,P1,111,-0.224,a,S1 obj,60,co2a0000375,0.43359375
15537,8,P1,112,-0.712,a,S1 obj,60,co2a0000375,0.4375
15538,8,P1,113,-1.2,a,S1 obj,60,co2a0000375,0.44140625
15539,8,P1,114,-2.665,a,S1 obj,60,co2a0000375,0.4453125
15540,8,P1,115,-4.13,a,S1 obj,60,co2a0000375,0.44921875
15541,8,P1,116,-6.083,a,S1 obj,60,co2a0000375,0.453125
15542,8,P1,117,-7.548,a,S1 obj,60,co2a0000375,0.45703125
15543,8,P1,118,-8.036,a,S1 obj,60,co2a0000375,0.4609375
15544,8,P1,119,-8.525,a,S1 obj,60,co2a0000375,0.46484375
15545,8,P1,120,-8.525,a,S1 obj,60,co2a0000375,0.46875
15546,8,P1,121,-9.501,a,S1 obj,60,co2a0000375,0.47265625
15547,8,P1,122,-10.478,a,S1 obj,60,co2a0000375,0.4765625
15548,8,P1,123,-10.478,a,S1 obj,60,co2a0000375,0.48046875
15549,8,P1,124,-9.013,a,S1 obj,60,co2a0000375,0.484375
15550,8,P1,125,-6.083,a,S1 obj,60,co2a0000375,0.48828125
15551,8,P1,126,-2.665,a,S1 obj,60,co2a0000375,0.4921875
15552,8,P1,127,-0.224,a,S1 obj,60,co2a0000375,0.49609375
15553,8,P1,128,-0.224,a,S1 obj,60,co2a0000375,0.5
15554,8,P1,129,-2.177,a,S1 obj,60,co2a0000375,0.50390625
15555,8,P1,130,-5.107,a,S1 obj,60,co2a0000375,0.5078125
15556,8,P1,131,-7.548,a,S1 obj,60,co2a0000375,0.51171875
15557,8,P1,132,-8.036,a,S1 obj,60,co2a0000375,0.515625
15558,8,P1,133,-7.06,a,S1 obj,60,co2a0000375,0.51953125
15559,8,P1,134,-6.083,a,S1 obj,60,co2a0000375,0.5234375
15560,8,P1,135,-6.083,a,S1 obj,60,co2a0000375,0.52734375
15561,8,P1,136,-8.036,a,S1 obj,60,co2a0000375,0.53125
15562,8,P1,137,-10.966,a,S1 obj,60,co2a0000375,0.53515625
15563,8,P1,138,-12.431,a,S1 obj,60,co2a0000375,0.5390625
15564,8,P1,139,-12.431,a,S1 obj,60,co2a0000375,0.54296875
15565,8,P1,140,-10.966,a,S1 obj,60,co2a0000375,0.546875
15566,8,P1,141,-9.501,a,S1 obj,60,co2a0000375,0.55078125
15567,8,P1,142,-8.525,a,S1 obj,60,co2a0000375,0.5546875
15568,8,P1,143,-9.013,a,S1 obj,60,co2a0000375,0.55859375
15569,8,P1,144,-9.989,a,S1 obj,60,co2a0000375,0.5625
15570,8,P1,145,-9.501,a,S1 obj,60,co2a0000375,0.56640625
15571,8,P1,146,-8.036,a,S1 obj,60,co2a0000375,0.5703125
15572,8,P1,147,-6.083,a,S1 obj,60,co2a0000375,0.57421875
15573,8,P1,148,-4.618,a,S1 obj,60,co2a0000375,0.578125
15574,8,P1,149,-3.642,a,S1 obj,60,co2a0000375,0.58203125
15575,8,P1,150,-2.665,a,S1 obj,60,co2a0000375,0.5859375
15576,8,P1,151,-3.153,a,S1 obj,60,co2a0000375,0.58984375
15577,8,P1,152,-3.642,a,S1 obj,60,co2a0000375,0.59375
15578,8,P1,153,-5.107,a,S1 obj,60,co2a0000375,0.59765625
15579,8,P1,154,-6.083,a,S1 obj,60,co2a0000375,0.6015625
15580,8,P1,155,-6.571,a,S1 obj,60,co2a0000375,0.60546875
15581,8,P1,156,-6.571,a,S1 obj,60,co2a0000375,0.609375
15582,8,P1,157,-6.083,a,S1 obj,60,co2a0000375,0.61328125
15583,8,P1,158,-5.107,a,S1 obj,60,co2a0000375,0.6171875
15584,8,P1,159,-5.107,a,S1 obj,60,co2a0000375,0.62109375
15585,8,P1,160,-5.107,a,S1 obj,60,co2a0000375,0.625
15586,8,P1,161,-6.083,a,S1 obj,60,co2a0000375,0.62890625
15587,8,P1,162,-6.571,a,S1 obj,60,co2a0000375,0.6328125
15588,8,P1,163,-6.571,a,S1 obj,60,co2a0000375,0.63671875
15589,8,P1,164,-6.571,a,S1 obj,60,co2a0000375,0.640625
15590,8,P1,165,-6.571,a,S1 obj,60,co2a0000375,0.64453125
15591,8,P1,166,-8.036,a,S1 obj,60,co2a0000375,0.6484375
15592,8,P1,167,-9.989,a,S1 obj,60,co2a0000375,0.65234375
15593,8,P1,168,-12.431,a,S1 obj,60,co2a0000375,0.65625
15594,8,P1,169,-12.919,a,S1 obj,60,co2a0000375,0.66015625
15595,8,P1,170,-12.431,a,S1 obj,60,co2a0000375,0.6640625
15596,8,P1,171,-10.966,a,S1 obj,60,co2a0000375,0.66796875
15597,8,P1,172,-9.501,a,S1 obj,60,co2a0000375,0.671875
15598,8,P1,173,-9.501,a,S1 obj,60,co2a0000375,0.67578125
15599,8,P1,174,-10.478,a,S1 obj,60,co2a0000375,0.6796875
15600,8,P1,175,-11.943,a,S1 obj,60,co2a0000375,0.68359375
15601,8,P1,176,-11.943,a,S1 obj,60,co2a0000375,0.6875
15602,8,P1,177,-10.478,a,S1 obj,60,co2a0000375,0.69140625
15603,8,P1,178,-8.036,a,S1 obj,60,co2a0000375,0.6953125
15604,8,P1,179,-6.083,a,S1 obj,60,co2a0000375,0.69921875
15605,8,P1,180,-6.571,a,S1 obj,60,co2a0000375,0.703125
15606,8,P1,181,-9.013,a,S1 obj,60,co2a0000375,0.70703125
15607,8,P1,182,-12.431,a,S1 obj,60,co2a0000375,0.7109375
15608,8,P1,183,-14.872,a,S1 obj,60,co2a0000375,0.71484375
15609,8,P1,184,-15.361,a,S1 obj,60,co2a0000375,0.71875
15610,8,P1,185,-13.896,a,S1 obj,60,co2a0000375,0.72265625
15611,8,P1,186,-11.454,a,S1 obj,60,co2a0000375,0.7265625
15612,8,P1,187,-9.989,a,S1 obj,60,co2a0000375,0.73046875
15613,8,P1,188,-9.501,a,S1 obj,60,co2a0000375,0.734375
15614,8,P1,189,-9.989,a,S1 obj,60,co2a0000375,0.73828125
15615,8,P1,190,-9.989,a,S1 obj,60,co2a0000375,0.7421875
15616,8,P1,191,-9.501,a,S1 obj,60,co2a0000375,0.74609375
15617,8,P1,192,-8.525,a,S1 obj,60,co2a0000375,0.75
15618,8,P1,193,-9.013,a,S1 obj,60,co2a0000375,0.75390625
15619,8,P1,194,-10.478,a,S1 obj,60,co2a0000375,0.7578125
15620,8,P1,195,-11.943,a,S1 obj,60,co2a0000375,0.76171875
15621,8,P1,196,-12.919,a,S1 obj,60,co2a0000375,0.765625
15622,8,P1,197,-11.454,a,S1 obj,60,co2a0000375,0.76953125
15623,8,P1,198,-8.525,a,S1 obj,60,co2a0000375,0.7734375
15624,8,P1,199,-5.107,a,S1 obj,60,co2a0000375,0.77734375
15625,8,P1,200,-4.13,a,S1 obj,60,co2a0000375,0.78125
15626,8,P1,201,-6.083,a,S1 obj,60,co2a0000375,0.78515625
15627,8,P1,202,-9.501,a,S1 obj,60,co2a0000375,0.7890625
15628,8,P1,203,-11.943,a,S1 obj,60,co2a0000375,0.79296875
15629,8,P1,204,-12.919,a,S1 obj,60,co2a0000375,0.796875
15630,8,P1,205,-11.943,a,S1 obj,60,co2a0000375,0.80078125
15631,8,P1,206,-10.966,a,S1 obj,60,co2a0000375,0.8046875
15632,8,P1,207,-11.454,a,S1 obj,60,co2a0000375,0.80859375
15633,8,P1,208,-13.407,a,S1 obj,60,co2a0000375,0.8125
15634,8,P1,209,-14.872,a,S1 obj,60,co2a0000375,0.81640625
15635,8,P1,210,-14.384,a,S1 obj,60,co2a0000375,0.8203125
15636,8,P1,211,-10.966,a,S1 obj,60,co2a0000375,0.82421875
15637,8,P1,212,-7.06,a,S1 obj,60,co2a0000375,0.828125
15638,8,P1,213,-4.13,a,S1 obj,60,co2a0000375,0.83203125
15639,8,P1,214,-4.618,a,S1 obj,60,co2a0000375,0.8359375
15640,8,P1,215,-6.571,a,S1 obj,60,co2a0000375,0.83984375
15641,8,P1,216,-9.013,a,S1 obj,60,co2a0000375,0.84375
15642,8,P1,217,-9.013,a,S1 obj,60,co2a0000375,0.84765625
15643,8,P1,218,-7.548,a,S1 obj,60,co2a0000375,0.8515625
15644,8,P1,219,-5.595,a,S1 obj,60,co2a0000375,0.85546875
15645,8,P1,220,-5.595,a,S1 obj,60,co2a0000375,0.859375
15646,8,P1,221,-7.548,a,S1 obj,60,co2a0000375,0.86328125
15647,8,P1,222,-9.501,a,S1 obj,60,co2a0000375,0.8671875
15648,8,P1,223,-11.454,a,S1 obj,60,co2a0000375,0.87109375
15649,8,P1,224,-11.454,a,S1 obj,60,co2a0000375,0.875
15650,8,P1,225,-9.989,a,S1 obj,60,co2a0000375,0.87890625
15651,8,P1,226,-9.501,a,S1 obj,60,co2a0000375,0.8828125
15652,8,P1,227,-9.989,a,S1 obj,60,co2a0000375,0.88671875
15653,8,P1,228,-10.966,a,S1 obj,60,co2a0000375,0.890625
15654,8,P1,229,-11.454,a,S1 obj,60,co2a0000375,0.89453125
15655,8,P1,230,-10.478,a,S1 obj,60,co2a0000375,0.8984375
15656,8,P1,231,-9.013,a,S1 obj,60,co2a0000375,0.90234375
15657,8,P1,232,-7.06,a,S1 obj,60,co2a0000375,0.90625
15658,8,P1,233,-6.083,a,S1 obj,60,co2a0000375,0.91015625
15659,8,P1,234,-6.571,a,S1 obj,60,co2a0000375,0.9140625
15660,8,P1,235,-8.525,a,S1 obj,60,co2a0000375,0.91796875
15661,8,P1,236,-10.478,a,S1 obj,60,co2a0000375,0.921875
15662,8,P1,237,-11.943,a,S1 obj,60,co2a0000375,0.92578125
15663,8,P1,238,-12.919,a,S1 obj,60,co2a0000375,0.9296875
15664,8,P1,239,-13.407,a,S1 obj,60,co2a0000375,0.93359375
15665,8,P1,240,-13.407,a,S1 obj,60,co2a0000375,0.9375
15666,8,P1,241,-11.943,a,S1 obj,60,co2a0000375,0.94140625
15667,8,P1,242,-9.989,a,S1 obj,60,co2a0000375,0.9453125
15668,8,P1,243,-8.036,a,S1 obj,60,co2a0000375,0.94921875
15669,8,P1,244,-7.06,a,S1 obj,60,co2a0000375,0.953125
15670,8,P1,245,-7.06,a,S1 obj,60,co2a0000375,0.95703125
15671,8,P1,246,-8.525,a,S1 obj,60,co2a0000375,0.9609375
15672,8,P1,247,-10.478,a,S1 obj,60,co2a0000375,0.96484375
15673,8,P1,248,-11.943,a,S1 obj,60,co2a0000375,0.96875
15674,8,P1,249,-11.454,a,S1 obj,60,co2a0000375,0.97265625
15675,8,P1,250,-9.501,a,S1 obj,60,co2a0000375,0.9765625
15676,8,P1,251,-6.571,a,S1 obj,60,co2a0000375,0.98046875
15677,8,P1,252,-3.153,a,S1 obj,60,co2a0000375,0.984375
15678,8,P1,253,-0.712,a,S1 obj,60,co2a0000375,0.98828125
15679,8,P1,254,0.264,a,S1 obj,60,co2a0000375,0.9921875
15680,8,P1,255,0.753,a,S1 obj,60,co2a0000375,0.99609375
15682,8,CPZ,0,-0.793,a,S1 obj,61,co2a0000375,0.0
15683,8,CPZ,1,-1.77,a,S1 obj,61,co2a0000375,0.00390625
15684,8,CPZ,2,-2.258,a,S1 obj,61,co2a0000375,0.0078125
15685,8,CPZ,3,-1.77,a,S1 obj,61,co2a0000375,0.01171875
15686,8,CPZ,4,-0.793,a,S1 obj,61,co2a0000375,0.015625
15687,8,CPZ,5,0.183,a,S1 obj,61,co2a0000375,0.01953125
15688,8,CPZ,6,1.648,a,S1 obj,61,co2a0000375,0.0234375
15689,8,CPZ,7,2.625,a,S1 obj,61,co2a0000375,0.02734375
15690,8,CPZ,8,2.625,a,S1 obj,61,co2a0000375,0.03125
15691,8,CPZ,9,2.625,a,S1 obj,61,co2a0000375,0.03515625
15692,8,CPZ,10,2.136,a,S1 obj,61,co2a0000375,0.0390625
15693,8,CPZ,11,2.136,a,S1 obj,61,co2a0000375,0.04296875
15694,8,CPZ,12,2.136,a,S1 obj,61,co2a0000375,0.046875
15695,8,CPZ,13,3.113,a,S1 obj,61,co2a0000375,0.05078125
15696,8,CPZ,14,4.089,a,S1 obj,61,co2a0000375,0.0546875
15697,8,CPZ,15,4.578,a,S1 obj,61,co2a0000375,0.05859375
15698,8,CPZ,16,5.066,a,S1 obj,61,co2a0000375,0.0625
15699,8,CPZ,17,5.066,a,S1 obj,61,co2a0000375,0.06640625
15700,8,CPZ,18,4.578,a,S1 obj,61,co2a0000375,0.0703125
15701,8,CPZ,19,4.089,a,S1 obj,61,co2a0000375,0.07421875
15702,8,CPZ,20,3.601,a,S1 obj,61,co2a0000375,0.078125
15703,8,CPZ,21,3.113,a,S1 obj,61,co2a0000375,0.08203125
15704,8,CPZ,22,3.113,a,S1 obj,61,co2a0000375,0.0859375
15705,8,CPZ,23,2.625,a,S1 obj,61,co2a0000375,0.08984375
15706,8,CPZ,24,1.648,a,S1 obj,61,co2a0000375,0.09375
15707,8,CPZ,25,1.16,a,S1 obj,61,co2a0000375,0.09765625
15708,8,CPZ,26,1.16,a,S1 obj,61,co2a0000375,0.1015625
15709,8,CPZ,27,1.648,a,S1 obj,61,co2a0000375,0.10546875
15710,8,CPZ,28,1.648,a,S1 obj,61,co2a0000375,0.109375
15711,8,CPZ,29,2.625,a,S1 obj,61,co2a0000375,0.11328125
15712,8,CPZ,30,3.601,a,S1 obj,61,co2a0000375,0.1171875
15713,8,CPZ,31,5.066,a,S1 obj,61,co2a0000375,0.12109375
15714,8,CPZ,32,6.531,a,S1 obj,61,co2a0000375,0.125
15715,8,CPZ,33,7.019,a,S1 obj,61,co2a0000375,0.12890625
15716,8,CPZ,34,7.019,a,S1 obj,61,co2a0000375,0.1328125
15717,8,CPZ,35,6.042,a,S1 obj,61,co2a0000375,0.13671875
15718,8,CPZ,36,4.578,a,S1 obj,61,co2a0000375,0.140625
15719,8,CPZ,37,3.601,a,S1 obj,61,co2a0000375,0.14453125
15720,8,CPZ,38,3.601,a,S1 obj,61,co2a0000375,0.1484375
15721,8,CPZ,39,3.601,a,S1 obj,61,co2a0000375,0.15234375
15722,8,CPZ,40,3.601,a,S1 obj,61,co2a0000375,0.15625
15723,8,CPZ,41,3.113,a,S1 obj,61,co2a0000375,0.16015625
15724,8,CPZ,42,2.136,a,S1 obj,61,co2a0000375,0.1640625
15725,8,CPZ,43,0.671,a,S1 obj,61,co2a0000375,0.16796875
15726,8,CPZ,44,0.183,a,S1 obj,61,co2a0000375,0.171875
15727,8,CPZ,45,0.671,a,S1 obj,61,co2a0000375,0.17578125
15728,8,CPZ,46,1.648,a,S1 obj,61,co2a0000375,0.1796875
15729,8,CPZ,47,3.601,a,S1 obj,61,co2a0000375,0.18359375
15730,8,CPZ,48,5.066,a,S1 obj,61,co2a0000375,0.1875
15731,8,CPZ,49,6.042,a,S1 obj,61,co2a0000375,0.19140625
15732,8,CPZ,50,6.531,a,S1 obj,61,co2a0000375,0.1953125
15733,8,CPZ,51,6.042,a,S1 obj,61,co2a0000375,0.19921875
15734,8,CPZ,52,5.554,a,S1 obj,61,co2a0000375,0.203125
15735,8,CPZ,53,5.066,a,S1 obj,61,co2a0000375,0.20703125
15736,8,CPZ,54,4.089,a,S1 obj,61,co2a0000375,0.2109375
15737,8,CPZ,55,3.601,a,S1 obj,61,co2a0000375,0.21484375
15738,8,CPZ,56,3.601,a,S1 obj,61,co2a0000375,0.21875
15739,8,CPZ,57,4.089,a,S1 obj,61,co2a0000375,0.22265625
15740,8,CPZ,58,4.578,a,S1 obj,61,co2a0000375,0.2265625
15741,8,CPZ,59,4.089,a,S1 obj,61,co2a0000375,0.23046875
15742,8,CPZ,60,3.601,a,S1 obj,61,co2a0000375,0.234375
15743,8,CPZ,61,3.113,a,S1 obj,61,co2a0000375,0.23828125
15744,8,CPZ,62,2.625,a,S1 obj,61,co2a0000375,0.2421875
15745,8,CPZ,63,3.113,a,S1 obj,61,co2a0000375,0.24609375
15746,8,CPZ,64,3.601,a,S1 obj,61,co2a0000375,0.25
15747,8,CPZ,65,5.066,a,S1 obj,61,co2a0000375,0.25390625
15748,8,CPZ,66,6.042,a,S1 obj,61,co2a0000375,0.2578125
15749,8,CPZ,67,6.531,a,S1 obj,61,co2a0000375,0.26171875
15750,8,CPZ,68,6.531,a,S1 obj,61,co2a0000375,0.265625
15751,8,CPZ,69,6.531,a,S1 obj,61,co2a0000375,0.26953125
15752,8,CPZ,70,7.019,a,S1 obj,61,co2a0000375,0.2734375
15753,8,CPZ,71,7.507,a,S1 obj,61,co2a0000375,0.27734375
15754,8,CPZ,72,7.507,a,S1 obj,61,co2a0000375,0.28125
15755,8,CPZ,73,7.996,a,S1 obj,61,co2a0000375,0.28515625
15756,8,CPZ,74,7.996,a,S1 obj,61,co2a0000375,0.2890625
15757,8,CPZ,75,7.996,a,S1 obj,61,co2a0000375,0.29296875
15758,8,CPZ,76,7.996,a,S1 obj,61,co2a0000375,0.296875
15759,8,CPZ,77,7.996,a,S1 obj,61,co2a0000375,0.30078125
15760,8,CPZ,78,7.019,a,S1 obj,61,co2a0000375,0.3046875
15761,8,CPZ,79,7.019,a,S1 obj,61,co2a0000375,0.30859375
15762,8,CPZ,80,6.531,a,S1 obj,61,co2a0000375,0.3125
15763,8,CPZ,81,7.019,a,S1 obj,61,co2a0000375,0.31640625
15764,8,CPZ,82,7.019,a,S1 obj,61,co2a0000375,0.3203125
15765,8,CPZ,83,7.507,a,S1 obj,61,co2a0000375,0.32421875
15766,8,CPZ,84,7.507,a,S1 obj,61,co2a0000375,0.328125
15767,8,CPZ,85,7.019,a,S1 obj,61,co2a0000375,0.33203125
15768,8,CPZ,86,7.019,a,S1 obj,61,co2a0000375,0.3359375
15769,8,CPZ,87,7.507,a,S1 obj,61,co2a0000375,0.33984375
15770,8,CPZ,88,7.996,a,S1 obj,61,co2a0000375,0.34375
15771,8,CPZ,89,8.972,a,S1 obj,61,co2a0000375,0.34765625
15772,8,CPZ,90,8.972,a,S1 obj,61,co2a0000375,0.3515625
15773,8,CPZ,91,7.996,a,S1 obj,61,co2a0000375,0.35546875
15774,8,CPZ,92,7.019,a,S1 obj,61,co2a0000375,0.359375
15775,8,CPZ,93,5.554,a,S1 obj,61,co2a0000375,0.36328125
15776,8,CPZ,94,4.578,a,S1 obj,61,co2a0000375,0.3671875
15777,8,CPZ,95,4.578,a,S1 obj,61,co2a0000375,0.37109375
15778,8,CPZ,96,4.578,a,S1 obj,61,co2a0000375,0.375
15779,8,CPZ,97,5.066,a,S1 obj,61,co2a0000375,0.37890625
15780,8,CPZ,98,4.578,a,S1 obj,61,co2a0000375,0.3828125
15781,8,CPZ,99,4.089,a,S1 obj,61,co2a0000375,0.38671875
15782,8,CPZ,100,3.601,a,S1 obj,61,co2a0000375,0.390625
15783,8,CPZ,101,2.625,a,S1 obj,61,co2a0000375,0.39453125
15784,8,CPZ,102,1.648,a,S1 obj,61,co2a0000375,0.3984375
15785,8,CPZ,103,0.671,a,S1 obj,61,co2a0000375,0.40234375
15786,8,CPZ,104,0.671,a,S1 obj,61,co2a0000375,0.40625
15787,8,CPZ,105,1.16,a,S1 obj,61,co2a0000375,0.41015625
15788,8,CPZ,106,1.648,a,S1 obj,61,co2a0000375,0.4140625
15789,8,CPZ,107,1.648,a,S1 obj,61,co2a0000375,0.41796875
15790,8,CPZ,108,1.648,a,S1 obj,61,co2a0000375,0.421875
15791,8,CPZ,109,1.16,a,S1 obj,61,co2a0000375,0.42578125
15792,8,CPZ,110,0.671,a,S1 obj,61,co2a0000375,0.4296875
15793,8,CPZ,111,0.671,a,S1 obj,61,co2a0000375,0.43359375
15794,8,CPZ,112,0.671,a,S1 obj,61,co2a0000375,0.4375
15795,8,CPZ,113,0.183,a,S1 obj,61,co2a0000375,0.44140625
15796,8,CPZ,114,0.183,a,S1 obj,61,co2a0000375,0.4453125
15797,8,CPZ,115,0.183,a,S1 obj,61,co2a0000375,0.44921875
15798,8,CPZ,116,-0.305,a,S1 obj,61,co2a0000375,0.453125
15799,8,CPZ,117,-0.305,a,S1 obj,61,co2a0000375,0.45703125
15800,8,CPZ,118,-0.305,a,S1 obj,61,co2a0000375,0.4609375
15801,8,CPZ,119,-0.793,a,S1 obj,61,co2a0000375,0.46484375
15802,8,CPZ,120,-1.282,a,S1 obj,61,co2a0000375,0.46875
15803,8,CPZ,121,-1.77,a,S1 obj,61,co2a0000375,0.47265625
15804,8,CPZ,122,-2.747,a,S1 obj,61,co2a0000375,0.4765625
15805,8,CPZ,123,-3.723,a,S1 obj,61,co2a0000375,0.48046875
15806,8,CPZ,124,-3.723,a,S1 obj,61,co2a0000375,0.484375
15807,8,CPZ,125,-3.723,a,S1 obj,61,co2a0000375,0.48828125
15808,8,CPZ,126,-3.235,a,S1 obj,61,co2a0000375,0.4921875
15809,8,CPZ,127,-2.747,a,S1 obj,61,co2a0000375,0.49609375
15810,8,CPZ,128,-3.235,a,S1 obj,61,co2a0000375,0.5
15811,8,CPZ,129,-4.211,a,S1 obj,61,co2a0000375,0.50390625
15812,8,CPZ,130,-4.7,a,S1 obj,61,co2a0000375,0.5078125
15813,8,CPZ,131,-4.7,a,S1 obj,61,co2a0000375,0.51171875
15814,8,CPZ,132,-4.211,a,S1 obj,61,co2a0000375,0.515625
15815,8,CPZ,133,-2.747,a,S1 obj,61,co2a0000375,0.51953125
15816,8,CPZ,134,-1.282,a,S1 obj,61,co2a0000375,0.5234375
15817,8,CPZ,135,-0.793,a,S1 obj,61,co2a0000375,0.52734375
15818,8,CPZ,136,-1.282,a,S1 obj,61,co2a0000375,0.53125
15819,8,CPZ,137,-2.258,a,S1 obj,61,co2a0000375,0.53515625
15820,8,CPZ,138,-1.77,a,S1 obj,61,co2a0000375,0.5390625
15821,8,CPZ,139,-1.77,a,S1 obj,61,co2a0000375,0.54296875
15822,8,CPZ,140,-0.793,a,S1 obj,61,co2a0000375,0.546875
15823,8,CPZ,141,-0.305,a,S1 obj,61,co2a0000375,0.55078125
15824,8,CPZ,142,-0.305,a,S1 obj,61,co2a0000375,0.5546875
15825,8,CPZ,143,-0.793,a,S1 obj,61,co2a0000375,0.55859375
15826,8,CPZ,144,-1.77,a,S1 obj,61,co2a0000375,0.5625
15827,8,CPZ,145,-2.258,a,S1 obj,61,co2a0000375,0.56640625
15828,8,CPZ,146,-2.747,a,S1 obj,61,co2a0000375,0.5703125
15829,8,CPZ,147,-2.258,a,S1 obj,61,co2a0000375,0.57421875
15830,8,CPZ,148,-2.258,a,S1 obj,61,co2a0000375,0.578125
15831,8,CPZ,149,-2.258,a,S1 obj,61,co2a0000375,0.58203125
15832,8,CPZ,150,-2.258,a,S1 obj,61,co2a0000375,0.5859375
15833,8,CPZ,151,-2.258,a,S1 obj,61,co2a0000375,0.58984375
15834,8,CPZ,152,-1.77,a,S1 obj,61,co2a0000375,0.59375
15835,8,CPZ,153,-1.77,a,S1 obj,61,co2a0000375,0.59765625
15836,8,CPZ,154,-1.77,a,S1 obj,61,co2a0000375,0.6015625
15837,8,CPZ,155,-1.77,a,S1 obj,61,co2a0000375,0.60546875
15838,8,CPZ,156,-1.77,a,S1 obj,61,co2a0000375,0.609375
15839,8,CPZ,157,-1.282,a,S1 obj,61,co2a0000375,0.61328125
15840,8,CPZ,158,-1.282,a,S1 obj,61,co2a0000375,0.6171875
15841,8,CPZ,159,-0.305,a,S1 obj,61,co2a0000375,0.62109375
15842,8,CPZ,160,-0.305,a,S1 obj,61,co2a0000375,0.625
15843,8,CPZ,161,0.183,a,S1 obj,61,co2a0000375,0.62890625
15844,8,CPZ,162,0.183,a,S1 obj,61,co2a0000375,0.6328125
15845,8,CPZ,163,0.183,a,S1 obj,61,co2a0000375,0.63671875
15846,8,CPZ,164,-0.305,a,S1 obj,61,co2a0000375,0.640625
15847,8,CPZ,165,-0.305,a,S1 obj,61,co2a0000375,0.64453125
15848,8,CPZ,166,-1.77,a,S1 obj,61,co2a0000375,0.6484375
15849,8,CPZ,167,-2.747,a,S1 obj,61,co2a0000375,0.65234375
15850,8,CPZ,168,-4.211,a,S1 obj,61,co2a0000375,0.65625
15851,8,CPZ,169,-5.188,a,S1 obj,61,co2a0000375,0.66015625
15852,8,CPZ,170,-4.7,a,S1 obj,61,co2a0000375,0.6640625
15853,8,CPZ,171,-4.211,a,S1 obj,61,co2a0000375,0.66796875
15854,8,CPZ,172,-3.235,a,S1 obj,61,co2a0000375,0.671875
15855,8,CPZ,173,-2.747,a,S1 obj,61,co2a0000375,0.67578125
15856,8,CPZ,174,-2.747,a,S1 obj,61,co2a0000375,0.6796875
15857,8,CPZ,175,-3.235,a,S1 obj,61,co2a0000375,0.68359375
15858,8,CPZ,176,-3.235,a,S1 obj,61,co2a0000375,0.6875
15859,8,CPZ,177,-2.258,a,S1 obj,61,co2a0000375,0.69140625
15860,8,CPZ,178,-1.77,a,S1 obj,61,co2a0000375,0.6953125
15861,8,CPZ,179,-0.793,a,S1 obj,61,co2a0000375,0.69921875
15862,8,CPZ,180,-0.793,a,S1 obj,61,co2a0000375,0.703125
15863,8,CPZ,181,-1.77,a,S1 obj,61,co2a0000375,0.70703125
15864,8,CPZ,182,-2.747,a,S1 obj,61,co2a0000375,0.7109375
15865,8,CPZ,183,-3.235,a,S1 obj,61,co2a0000375,0.71484375
15866,8,CPZ,184,-3.723,a,S1 obj,61,co2a0000375,0.71875
15867,8,CPZ,185,-3.235,a,S1 obj,61,co2a0000375,0.72265625
15868,8,CPZ,186,-2.258,a,S1 obj,61,co2a0000375,0.7265625
15869,8,CPZ,187,-2.258,a,S1 obj,61,co2a0000375,0.73046875
15870,8,CPZ,188,-2.747,a,S1 obj,61,co2a0000375,0.734375
15871,8,CPZ,189,-3.235,a,S1 obj,61,co2a0000375,0.73828125
15872,8,CPZ,190,-3.235,a,S1 obj,61,co2a0000375,0.7421875
15873,8,CPZ,191,-2.747,a,S1 obj,61,co2a0000375,0.74609375
15874,8,CPZ,192,-2.747,a,S1 obj,61,co2a0000375,0.75
15875,8,CPZ,193,-2.258,a,S1 obj,61,co2a0000375,0.75390625
15876,8,CPZ,194,-2.258,a,S1 obj,61,co2a0000375,0.7578125
15877,8,CPZ,195,-2.747,a,S1 obj,61,co2a0000375,0.76171875
15878,8,CPZ,196,-2.747,a,S1 obj,61,co2a0000375,0.765625
15879,8,CPZ,197,-2.258,a,S1 obj,61,co2a0000375,0.76953125
15880,8,CPZ,198,-1.282,a,S1 obj,61,co2a0000375,0.7734375
15881,8,CPZ,199,-0.305,a,S1 obj,61,co2a0000375,0.77734375
15882,8,CPZ,200,-0.305,a,S1 obj,61,co2a0000375,0.78125
15883,8,CPZ,201,-1.282,a,S1 obj,61,co2a0000375,0.78515625
15884,8,CPZ,202,-2.258,a,S1 obj,61,co2a0000375,0.7890625
15885,8,CPZ,203,-3.235,a,S1 obj,61,co2a0000375,0.79296875
15886,8,CPZ,204,-3.235,a,S1 obj,61,co2a0000375,0.796875
15887,8,CPZ,205,-2.258,a,S1 obj,61,co2a0000375,0.80078125
15888,8,CPZ,206,-1.77,a,S1 obj,61,co2a0000375,0.8046875
15889,8,CPZ,207,-1.77,a,S1 obj,61,co2a0000375,0.80859375
15890,8,CPZ,208,-2.747,a,S1 obj,61,co2a0000375,0.8125
15891,8,CPZ,209,-4.211,a,S1 obj,61,co2a0000375,0.81640625
15892,8,CPZ,210,-4.7,a,S1 obj,61,co2a0000375,0.8203125
15893,8,CPZ,211,-3.723,a,S1 obj,61,co2a0000375,0.82421875
15894,8,CPZ,212,-2.258,a,S1 obj,61,co2a0000375,0.828125
15895,8,CPZ,213,-1.77,a,S1 obj,61,co2a0000375,0.83203125
15896,8,CPZ,214,-1.77,a,S1 obj,61,co2a0000375,0.8359375
15897,8,CPZ,215,-2.258,a,S1 obj,61,co2a0000375,0.83984375
15898,8,CPZ,216,-3.235,a,S1 obj,61,co2a0000375,0.84375
15899,8,CPZ,217,-2.747,a,S1 obj,61,co2a0000375,0.84765625
15900,8,CPZ,218,-1.77,a,S1 obj,61,co2a0000375,0.8515625
15901,8,CPZ,219,-0.793,a,S1 obj,61,co2a0000375,0.85546875
15902,8,CPZ,220,-0.305,a,S1 obj,61,co2a0000375,0.859375
15903,8,CPZ,221,-0.305,a,S1 obj,61,co2a0000375,0.86328125
15904,8,CPZ,222,-1.282,a,S1 obj,61,co2a0000375,0.8671875
15905,8,CPZ,223,-0.793,a,S1 obj,61,co2a0000375,0.87109375
15906,8,CPZ,224,-0.305,a,S1 obj,61,co2a0000375,0.875
15907,8,CPZ,225,0.671,a,S1 obj,61,co2a0000375,0.87890625
15908,8,CPZ,226,1.16,a,S1 obj,61,co2a0000375,0.8828125
15909,8,CPZ,227,0.671,a,S1 obj,61,co2a0000375,0.88671875
15910,8,CPZ,228,-0.305,a,S1 obj,61,co2a0000375,0.890625
15911,8,CPZ,229,-1.282,a,S1 obj,61,co2a0000375,0.89453125
15912,8,CPZ,230,-1.282,a,S1 obj,61,co2a0000375,0.8984375
15913,8,CPZ,231,-0.793,a,S1 obj,61,co2a0000375,0.90234375
15914,8,CPZ,232,0.183,a,S1 obj,61,co2a0000375,0.90625
15915,8,CPZ,233,0.671,a,S1 obj,61,co2a0000375,0.91015625
15916,8,CPZ,234,0.183,a,S1 obj,61,co2a0000375,0.9140625
15917,8,CPZ,235,-1.282,a,S1 obj,61,co2a0000375,0.91796875
15918,8,CPZ,236,-2.258,a,S1 obj,61,co2a0000375,0.921875
15919,8,CPZ,237,-3.235,a,S1 obj,61,co2a0000375,0.92578125
15920,8,CPZ,238,-3.723,a,S1 obj,61,co2a0000375,0.9296875
15921,8,CPZ,239,-3.235,a,S1 obj,61,co2a0000375,0.93359375
15922,8,CPZ,240,-1.77,a,S1 obj,61,co2a0000375,0.9375
15923,8,CPZ,241,-0.305,a,S1 obj,61,co2a0000375,0.94140625
15924,8,CPZ,242,1.16,a,S1 obj,61,co2a0000375,0.9453125
15925,8,CPZ,243,2.625,a,S1 obj,61,co2a0000375,0.94921875
15926,8,CPZ,244,2.625,a,S1 obj,61,co2a0000375,0.953125
15927,8,CPZ,245,2.136,a,S1 obj,61,co2a0000375,0.95703125
15928,8,CPZ,246,1.16,a,S1 obj,61,co2a0000375,0.9609375
15929,8,CPZ,247,-0.305,a,S1 obj,61,co2a0000375,0.96484375
15930,8,CPZ,248,-1.282,a,S1 obj,61,co2a0000375,0.96875
15931,8,CPZ,249,-2.258,a,S1 obj,61,co2a0000375,0.97265625
15932,8,CPZ,250,-1.282,a,S1 obj,61,co2a0000375,0.9765625
15933,8,CPZ,251,0.183,a,S1 obj,61,co2a0000375,0.98046875
15934,8,CPZ,252,2.136,a,S1 obj,61,co2a0000375,0.984375
15935,8,CPZ,253,3.601,a,S1 obj,61,co2a0000375,0.98828125
15936,8,CPZ,254,4.089,a,S1 obj,61,co2a0000375,0.9921875
15937,8,CPZ,255,4.089,a,S1 obj,61,co2a0000375,0.99609375
15939,8,nd,0,2.421,a,S1 obj,62,co2a0000375,0.0
15940,8,nd,1,0.956,a,S1 obj,62,co2a0000375,0.00390625
15941,8,nd,2,-0.02,a,S1 obj,62,co2a0000375,0.0078125
15942,8,nd,3,0.956,a,S1 obj,62,co2a0000375,0.01171875
15943,8,nd,4,3.886,a,S1 obj,62,co2a0000375,0.015625
15944,8,nd,5,7.304,a,S1 obj,62,co2a0000375,0.01953125
15945,8,nd,6,8.769,a,S1 obj,62,co2a0000375,0.0234375
15946,8,nd,7,7.792,a,S1 obj,62,co2a0000375,0.02734375
15947,8,nd,8,4.862,a,S1 obj,62,co2a0000375,0.03125
15948,8,nd,9,0.956,a,S1 obj,62,co2a0000375,0.03515625
15949,8,nd,10,-1.485,a,S1 obj,62,co2a0000375,0.0390625
15950,8,nd,11,-1.973,a,S1 obj,62,co2a0000375,0.04296875
15951,8,nd,12,-0.997,a,S1 obj,62,co2a0000375,0.046875
15952,8,nd,13,0.956,a,S1 obj,62,co2a0000375,0.05078125
15953,8,nd,14,3.398,a,S1 obj,62,co2a0000375,0.0546875
15954,8,nd,15,4.862,a,S1 obj,62,co2a0000375,0.05859375
15955,8,nd,16,5.351,a,S1 obj,62,co2a0000375,0.0625
15956,8,nd,17,5.351,a,S1 obj,62,co2a0000375,0.06640625
15957,8,nd,18,6.327,a,S1 obj,62,co2a0000375,0.0703125
15958,8,nd,19,7.304,a,S1 obj,62,co2a0000375,0.07421875
15959,8,nd,20,8.28,a,S1 obj,62,co2a0000375,0.078125
15960,8,nd,21,8.769,a,S1 obj,62,co2a0000375,0.08203125
15961,8,nd,22,8.769,a,S1 obj,62,co2a0000375,0.0859375
15962,8,nd,23,8.28,a,S1 obj,62,co2a0000375,0.08984375
15963,8,nd,24,7.792,a,S1 obj,62,co2a0000375,0.09375
15964,8,nd,25,7.304,a,S1 obj,62,co2a0000375,0.09765625
15965,8,nd,26,6.327,a,S1 obj,62,co2a0000375,0.1015625
15966,8,nd,27,4.374,a,S1 obj,62,co2a0000375,0.10546875
15967,8,nd,28,2.909,a,S1 obj,62,co2a0000375,0.109375
15968,8,nd,29,1.444,a,S1 obj,62,co2a0000375,0.11328125
15969,8,nd,30,1.933,a,S1 obj,62,co2a0000375,0.1171875
15970,8,nd,31,3.398,a,S1 obj,62,co2a0000375,0.12109375
15971,8,nd,32,5.351,a,S1 obj,62,co2a0000375,0.125
15972,8,nd,33,5.839,a,S1 obj,62,co2a0000375,0.12890625
15973,8,nd,34,4.374,a,S1 obj,62,co2a0000375,0.1328125
15974,8,nd,35,0.956,a,S1 obj,62,co2a0000375,0.13671875
15975,8,nd,36,-2.95,a,S1 obj,62,co2a0000375,0.140625
15976,8,nd,37,-4.903,a,S1 obj,62,co2a0000375,0.14453125
15977,8,nd,38,-4.903,a,S1 obj,62,co2a0000375,0.1484375
15978,8,nd,39,-1.973,a,S1 obj,62,co2a0000375,0.15234375
15979,8,nd,40,0.956,a,S1 obj,62,co2a0000375,0.15625
15980,8,nd,41,2.909,a,S1 obj,62,co2a0000375,0.16015625
15981,8,nd,42,3.886,a,S1 obj,62,co2a0000375,0.1640625
15982,8,nd,43,3.886,a,S1 obj,62,co2a0000375,0.16796875
15983,8,nd,44,4.374,a,S1 obj,62,co2a0000375,0.171875
15984,8,nd,45,5.351,a,S1 obj,62,co2a0000375,0.17578125
15985,8,nd,46,4.862,a,S1 obj,62,co2a0000375,0.1796875
15986,8,nd,47,2.909,a,S1 obj,62,co2a0000375,0.18359375
15987,8,nd,48,-0.02,a,S1 obj,62,co2a0000375,0.1875
15988,8,nd,49,-3.438,a,S1 obj,62,co2a0000375,0.19140625
15989,8,nd,50,-3.927,a,S1 obj,62,co2a0000375,0.1953125
15990,8,nd,51,-2.462,a,S1 obj,62,co2a0000375,0.19921875
15991,8,nd,52,0.468,a,S1 obj,62,co2a0000375,0.203125
15992,8,nd,53,0.956,a,S1 obj,62,co2a0000375,0.20703125
15993,8,nd,54,-1.485,a,S1 obj,62,co2a0000375,0.2109375
15994,8,nd,55,-5.391,a,S1 obj,62,co2a0000375,0.21484375
15995,8,nd,56,-6.856,a,S1 obj,62,co2a0000375,0.21875
15996,8,nd,57,-4.903,a,S1 obj,62,co2a0000375,0.22265625
15997,8,nd,58,-0.02,a,S1 obj,62,co2a0000375,0.2265625
15998,8,nd,59,5.351,a,S1 obj,62,co2a0000375,0.23046875
15999,8,nd,60,7.792,a,S1 obj,62,co2a0000375,0.234375
16000,8,nd,61,7.792,a,S1 obj,62,co2a0000375,0.23828125
16001,8,nd,62,7.792,a,S1 obj,62,co2a0000375,0.2421875
16002,8,nd,63,9.257,a,S1 obj,62,co2a0000375,0.24609375
16003,8,nd,64,12.187,a,S1 obj,62,co2a0000375,0.25
16004,8,nd,65,14.14,a,S1 obj,62,co2a0000375,0.25390625
16005,8,nd,66,13.652,a,S1 obj,62,co2a0000375,0.2578125
16006,8,nd,67,10.722,a,S1 obj,62,co2a0000375,0.26171875
16007,8,nd,68,7.304,a,S1 obj,62,co2a0000375,0.265625
16008,8,nd,69,6.327,a,S1 obj,62,co2a0000375,0.26953125
16009,8,nd,70,7.792,a,S1 obj,62,co2a0000375,0.2734375
16010,8,nd,71,10.234,a,S1 obj,62,co2a0000375,0.27734375
16011,8,nd,72,10.234,a,S1 obj,62,co2a0000375,0.28125
16012,8,nd,73,8.769,a,S1 obj,62,co2a0000375,0.28515625
16013,8,nd,74,5.839,a,S1 obj,62,co2a0000375,0.2890625
16014,8,nd,75,4.374,a,S1 obj,62,co2a0000375,0.29296875
16015,8,nd,76,3.886,a,S1 obj,62,co2a0000375,0.296875
16016,8,nd,77,4.374,a,S1 obj,62,co2a0000375,0.30078125
16017,8,nd,78,4.862,a,S1 obj,62,co2a0000375,0.3046875
16018,8,nd,79,4.862,a,S1 obj,62,co2a0000375,0.30859375
16019,8,nd,80,4.862,a,S1 obj,62,co2a0000375,0.3125
16020,8,nd,81,5.839,a,S1 obj,62,co2a0000375,0.31640625
16021,8,nd,82,6.816,a,S1 obj,62,co2a0000375,0.3203125
16022,8,nd,83,8.28,a,S1 obj,62,co2a0000375,0.32421875
16023,8,nd,84,8.769,a,S1 obj,62,co2a0000375,0.328125
16024,8,nd,85,10.234,a,S1 obj,62,co2a0000375,0.33203125
16025,8,nd,86,11.21,a,S1 obj,62,co2a0000375,0.3359375
16026,8,nd,87,11.698,a,S1 obj,62,co2a0000375,0.33984375
16027,8,nd,88,11.698,a,S1 obj,62,co2a0000375,0.34375
16028,8,nd,89,11.21,a,S1 obj,62,co2a0000375,0.34765625
16029,8,nd,90,9.745,a,S1 obj,62,co2a0000375,0.3515625
16030,8,nd,91,7.792,a,S1 obj,62,co2a0000375,0.35546875
16031,8,nd,92,4.862,a,S1 obj,62,co2a0000375,0.359375
16032,8,nd,93,1.933,a,S1 obj,62,co2a0000375,0.36328125
16033,8,nd,94,-0.509,a,S1 obj,62,co2a0000375,0.3671875
16034,8,nd,95,-1.485,a,S1 obj,62,co2a0000375,0.37109375
16035,8,nd,96,-0.02,a,S1 obj,62,co2a0000375,0.375
16036,8,nd,97,2.421,a,S1 obj,62,co2a0000375,0.37890625
16037,8,nd,98,5.351,a,S1 obj,62,co2a0000375,0.3828125
16038,8,nd,99,5.839,a,S1 obj,62,co2a0000375,0.38671875
16039,8,nd,100,4.374,a,S1 obj,62,co2a0000375,0.390625
16040,8,nd,101,0.956,a,S1 obj,62,co2a0000375,0.39453125
16041,8,nd,102,-2.95,a,S1 obj,62,co2a0000375,0.3984375
16042,8,nd,103,-3.438,a,S1 obj,62,co2a0000375,0.40234375
16043,8,nd,104,-0.997,a,S1 obj,62,co2a0000375,0.40625
16044,8,nd,105,3.886,a,S1 obj,62,co2a0000375,0.41015625
16045,8,nd,106,8.769,a,S1 obj,62,co2a0000375,0.4140625
16046,8,nd,107,11.21,a,S1 obj,62,co2a0000375,0.41796875
16047,8,nd,108,9.745,a,S1 obj,62,co2a0000375,0.421875
16048,8,nd,109,5.351,a,S1 obj,62,co2a0000375,0.42578125
16049,8,nd,110,0.468,a,S1 obj,62,co2a0000375,0.4296875
16050,8,nd,111,-3.438,a,S1 obj,62,co2a0000375,0.43359375
16051,8,nd,112,-5.88,a,S1 obj,62,co2a0000375,0.4375
16052,8,nd,113,-7.833,a,S1 obj,62,co2a0000375,0.44140625
16053,8,nd,114,-9.786,a,S1 obj,62,co2a0000375,0.4453125
16054,8,nd,115,-11.739,a,S1 obj,62,co2a0000375,0.44921875
16055,8,nd,116,-14.181,a,S1 obj,62,co2a0000375,0.453125
16056,8,nd,117,-16.622,a,S1 obj,62,co2a0000375,0.45703125
16057,8,nd,118,-19.552,a,S1 obj,62,co2a0000375,0.4609375
16058,8,nd,119,-21.993,a,S1 obj,62,co2a0000375,0.46484375
16059,8,nd,120,-23.946,a,S1 obj,62,co2a0000375,0.46875
16060,8,nd,121,-23.458,a,S1 obj,62,co2a0000375,0.47265625
16061,8,nd,122,-20.04,a,S1 obj,62,co2a0000375,0.4765625
16062,8,nd,123,-14.669,a,S1 obj,62,co2a0000375,0.48046875
16063,8,nd,124,-8.809,a,S1 obj,62,co2a0000375,0.484375
16064,8,nd,125,-4.415,a,S1 obj,62,co2a0000375,0.48828125
16065,8,nd,126,-1.485,a,S1 obj,62,co2a0000375,0.4921875
16066,8,nd,127,-1.973,a,S1 obj,62,co2a0000375,0.49609375
16067,8,nd,128,-4.415,a,S1 obj,62,co2a0000375,0.5
16068,8,nd,129,-6.856,a,S1 obj,62,co2a0000375,0.50390625
16069,8,nd,130,-9.298,a,S1 obj,62,co2a0000375,0.5078125
16070,8,nd,131,-11.251,a,S1 obj,62,co2a0000375,0.51171875
16071,8,nd,132,-11.739,a,S1 obj,62,co2a0000375,0.515625
16072,8,nd,133,-11.251,a,S1 obj,62,co2a0000375,0.51953125
16073,8,nd,134,-11.251,a,S1 obj,62,co2a0000375,0.5234375
16074,8,nd,135,-12.716,a,S1 obj,62,co2a0000375,0.52734375
16075,8,nd,136,-15.157,a,S1 obj,62,co2a0000375,0.53125
16076,8,nd,137,-18.087,a,S1 obj,62,co2a0000375,0.53515625
16077,8,nd,138,-19.552,a,S1 obj,62,co2a0000375,0.5390625
16078,8,nd,139,-20.04,a,S1 obj,62,co2a0000375,0.54296875
16079,8,nd,140,-18.575,a,S1 obj,62,co2a0000375,0.546875
16080,8,nd,141,-18.575,a,S1 obj,62,co2a0000375,0.55078125
16081,8,nd,142,-19.063,a,S1 obj,62,co2a0000375,0.5546875
16082,8,nd,143,-20.04,a,S1 obj,62,co2a0000375,0.55859375
16083,8,nd,144,-20.04,a,S1 obj,62,co2a0000375,0.5625
16084,8,nd,145,-17.598,a,S1 obj,62,co2a0000375,0.56640625
16085,8,nd,146,-12.716,a,S1 obj,62,co2a0000375,0.5703125
16086,8,nd,147,-7.345,a,S1 obj,62,co2a0000375,0.57421875
16087,8,nd,148,-3.438,a,S1 obj,62,co2a0000375,0.578125
16088,8,nd,149,-2.462,a,S1 obj,62,co2a0000375,0.58203125
16089,8,nd,150,-3.438,a,S1 obj,62,co2a0000375,0.5859375
16090,8,nd,151,-5.88,a,S1 obj,62,co2a0000375,0.58984375
16091,8,nd,152,-8.321,a,S1 obj,62,co2a0000375,0.59375
16092,8,nd,153,-9.786,a,S1 obj,62,co2a0000375,0.59765625
16093,8,nd,154,-10.763,a,S1 obj,62,co2a0000375,0.6015625
16094,8,nd,155,-10.763,a,S1 obj,62,co2a0000375,0.60546875
16095,8,nd,156,-10.274,a,S1 obj,62,co2a0000375,0.609375
16096,8,nd,157,-8.809,a,S1 obj,62,co2a0000375,0.61328125
16097,8,nd,158,-8.809,a,S1 obj,62,co2a0000375,0.6171875
16098,8,nd,159,-9.298,a,S1 obj,62,co2a0000375,0.62109375
16099,8,nd,160,-10.763,a,S1 obj,62,co2a0000375,0.625
16100,8,nd,161,-12.716,a,S1 obj,62,co2a0000375,0.62890625
16101,8,nd,162,-13.692,a,S1 obj,62,co2a0000375,0.6328125
16102,8,nd,163,-14.181,a,S1 obj,62,co2a0000375,0.63671875
16103,8,nd,164,-14.669,a,S1 obj,62,co2a0000375,0.640625
16104,8,nd,165,-15.157,a,S1 obj,62,co2a0000375,0.64453125
16105,8,nd,166,-16.622,a,S1 obj,62,co2a0000375,0.6484375
16106,8,nd,167,-18.087,a,S1 obj,62,co2a0000375,0.65234375
16107,8,nd,168,-18.575,a,S1 obj,62,co2a0000375,0.65625
16108,8,nd,169,-17.598,a,S1 obj,62,co2a0000375,0.66015625
16109,8,nd,170,-16.134,a,S1 obj,62,co2a0000375,0.6640625
16110,8,nd,171,-14.669,a,S1 obj,62,co2a0000375,0.66796875
16111,8,nd,172,-14.669,a,S1 obj,62,co2a0000375,0.671875
16112,8,nd,173,-16.134,a,S1 obj,62,co2a0000375,0.67578125
16113,8,nd,174,-18.575,a,S1 obj,62,co2a0000375,0.6796875
16114,8,nd,175,-20.04,a,S1 obj,62,co2a0000375,0.68359375
16115,8,nd,176,-20.04,a,S1 obj,62,co2a0000375,0.6875
16116,8,nd,177,-17.598,a,S1 obj,62,co2a0000375,0.69140625
16117,8,nd,178,-14.181,a,S1 obj,62,co2a0000375,0.6953125
16118,8,nd,179,-12.227,a,S1 obj,62,co2a0000375,0.69921875
16119,8,nd,180,-12.716,a,S1 obj,62,co2a0000375,0.703125
16120,8,nd,181,-14.669,a,S1 obj,62,co2a0000375,0.70703125
16121,8,nd,182,-17.598,a,S1 obj,62,co2a0000375,0.7109375
16122,8,nd,183,-19.552,a,S1 obj,62,co2a0000375,0.71484375
16123,8,nd,184,-19.552,a,S1 obj,62,co2a0000375,0.71875
16124,8,nd,185,-18.087,a,S1 obj,62,co2a0000375,0.72265625
16125,8,nd,186,-17.11,a,S1 obj,62,co2a0000375,0.7265625
16126,8,nd,187,-16.622,a,S1 obj,62,co2a0000375,0.73046875
16127,8,nd,188,-16.134,a,S1 obj,62,co2a0000375,0.734375
16128,8,nd,189,-14.669,a,S1 obj,62,co2a0000375,0.73828125
16129,8,nd,190,-12.227,a,S1 obj,62,co2a0000375,0.7421875
16130,8,nd,191,-8.809,a,S1 obj,62,co2a0000375,0.74609375
16131,8,nd,192,-6.856,a,S1 obj,62,co2a0000375,0.75
16132,8,nd,193,-7.345,a,S1 obj,62,co2a0000375,0.75390625
16133,8,nd,194,-10.763,a,S1 obj,62,co2a0000375,0.7578125
16134,8,nd,195,-14.669,a,S1 obj,62,co2a0000375,0.76171875
16135,8,nd,196,-17.11,a,S1 obj,62,co2a0000375,0.765625
16136,8,nd,197,-17.11,a,S1 obj,62,co2a0000375,0.76953125
16137,8,nd,198,-14.669,a,S1 obj,62,co2a0000375,0.7734375
16138,8,nd,199,-11.739,a,S1 obj,62,co2a0000375,0.77734375
16139,8,nd,200,-10.274,a,S1 obj,62,co2a0000375,0.78125
16140,8,nd,201,-10.274,a,S1 obj,62,co2a0000375,0.78515625
16141,8,nd,202,-11.251,a,S1 obj,62,co2a0000375,0.7890625
16142,8,nd,203,-11.739,a,S1 obj,62,co2a0000375,0.79296875
16143,8,nd,204,-10.274,a,S1 obj,62,co2a0000375,0.796875
16144,8,nd,205,-8.809,a,S1 obj,62,co2a0000375,0.80078125
16145,8,nd,206,-10.274,a,S1 obj,62,co2a0000375,0.8046875
16146,8,nd,207,-13.692,a,S1 obj,62,co2a0000375,0.80859375
16147,8,nd,208,-18.575,a,S1 obj,62,co2a0000375,0.8125
16148,8,nd,209,-21.016,a,S1 obj,62,co2a0000375,0.81640625
16149,8,nd,210,-17.598,a,S1 obj,62,co2a0000375,0.8203125
16150,8,nd,211,-9.786,a,S1 obj,62,co2a0000375,0.82421875
16151,8,nd,212,-0.997,a,S1 obj,62,co2a0000375,0.828125
16152,8,nd,213,4.862,a,S1 obj,62,co2a0000375,0.83203125
16153,8,nd,214,4.862,a,S1 obj,62,co2a0000375,0.8359375
16154,8,nd,215,0.956,a,S1 obj,62,co2a0000375,0.83984375
16155,8,nd,216,-3.927,a,S1 obj,62,co2a0000375,0.84375
16156,8,nd,217,-5.391,a,S1 obj,62,co2a0000375,0.84765625
16157,8,nd,218,-2.462,a,S1 obj,62,co2a0000375,0.8515625
16158,8,nd,219,0.956,a,S1 obj,62,co2a0000375,0.85546875
16159,8,nd,220,2.909,a,S1 obj,62,co2a0000375,0.859375
16160,8,nd,221,0.956,a,S1 obj,62,co2a0000375,0.86328125
16161,8,nd,222,-3.927,a,S1 obj,62,co2a0000375,0.8671875
16162,8,nd,223,-8.809,a,S1 obj,62,co2a0000375,0.87109375
16163,8,nd,224,-11.739,a,S1 obj,62,co2a0000375,0.875
16164,8,nd,225,-12.227,a,S1 obj,62,co2a0000375,0.87890625
16165,8,nd,226,-11.251,a,S1 obj,62,co2a0000375,0.8828125
16166,8,nd,227,-10.763,a,S1 obj,62,co2a0000375,0.88671875
16167,8,nd,228,-10.763,a,S1 obj,62,co2a0000375,0.890625
16168,8,nd,229,-11.739,a,S1 obj,62,co2a0000375,0.89453125
16169,8,nd,230,-11.739,a,S1 obj,62,co2a0000375,0.8984375
16170,8,nd,231,-10.763,a,S1 obj,62,co2a0000375,0.90234375
16171,8,nd,232,-9.786,a,S1 obj,62,co2a0000375,0.90625
16172,8,nd,233,-8.809,a,S1 obj,62,co2a0000375,0.91015625
16173,8,nd,234,-9.298,a,S1 obj,62,co2a0000375,0.9140625
16174,8,nd,235,-11.739,a,S1 obj,62,co2a0000375,0.91796875
16175,8,nd,236,-14.669,a,S1 obj,62,co2a0000375,0.921875
16176,8,nd,237,-18.087,a,S1 obj,62,co2a0000375,0.92578125
16177,8,nd,238,-19.063,a,S1 obj,62,co2a0000375,0.9296875
16178,8,nd,239,-17.598,a,S1 obj,62,co2a0000375,0.93359375
16179,8,nd,240,-14.669,a,S1 obj,62,co2a0000375,0.9375
16180,8,nd,241,-10.763,a,S1 obj,62,co2a0000375,0.94140625
16181,8,nd,242,-7.833,a,S1 obj,62,co2a0000375,0.9453125
16182,8,nd,243,-6.856,a,S1 obj,62,co2a0000375,0.94921875
16183,8,nd,244,-8.321,a,S1 obj,62,co2a0000375,0.953125
16184,8,nd,245,-10.763,a,S1 obj,62,co2a0000375,0.95703125
16185,8,nd,246,-12.716,a,S1 obj,62,co2a0000375,0.9609375
16186,8,nd,247,-14.669,a,S1 obj,62,co2a0000375,0.96484375
16187,8,nd,248,-15.157,a,S1 obj,62,co2a0000375,0.96875
16188,8,nd,249,-14.669,a,S1 obj,62,co2a0000375,0.97265625
16189,8,nd,250,-12.716,a,S1 obj,62,co2a0000375,0.9765625
16190,8,nd,251,-8.809,a,S1 obj,62,co2a0000375,0.98046875
16191,8,nd,252,-4.415,a,S1 obj,62,co2a0000375,0.984375
16192,8,nd,253,-0.02,a,S1 obj,62,co2a0000375,0.98828125
16193,8,nd,254,2.909,a,S1 obj,62,co2a0000375,0.9921875
16194,8,nd,255,4.374,a,S1 obj,62,co2a0000375,0.99609375
16196,8,Y,0,2.706,a,S1 obj,63,co2a0000375,0.0
16197,8,Y,1,0.753,a,S1 obj,63,co2a0000375,0.00390625
16198,8,Y,2,1.241,a,S1 obj,63,co2a0000375,0.0078125
16199,8,Y,3,3.682,a,S1 obj,63,co2a0000375,0.01171875
16200,8,Y,4,7.589,a,S1 obj,63,co2a0000375,0.015625
16201,8,Y,5,11.007,a,S1 obj,63,co2a0000375,0.01953125
16202,8,Y,6,11.983,a,S1 obj,63,co2a0000375,0.0234375
16203,8,Y,7,10.518,a,S1 obj,63,co2a0000375,0.02734375
16204,8,Y,8,7.1,a,S1 obj,63,co2a0000375,0.03125
16205,8,Y,9,2.706,a,S1 obj,63,co2a0000375,0.03515625
16206,8,Y,10,-2.177,a,S1 obj,63,co2a0000375,0.0390625
16207,8,Y,11,-6.571,a,S1 obj,63,co2a0000375,0.04296875
16208,8,Y,12,-9.013,a,S1 obj,63,co2a0000375,0.046875
16209,8,Y,13,-8.525,a,S1 obj,63,co2a0000375,0.05078125
16210,8,Y,14,-5.107,a,S1 obj,63,co2a0000375,0.0546875
16211,8,Y,15,-0.224,a,S1 obj,63,co2a0000375,0.05859375
16212,8,Y,16,3.682,a,S1 obj,63,co2a0000375,0.0625
16213,8,Y,17,5.147,a,S1 obj,63,co2a0000375,0.06640625
16214,8,Y,18,4.659,a,S1 obj,63,co2a0000375,0.0703125
16215,8,Y,19,4.659,a,S1 obj,63,co2a0000375,0.07421875
16216,8,Y,20,6.124,a,S1 obj,63,co2a0000375,0.078125
16217,8,Y,21,9.542,a,S1 obj,63,co2a0000375,0.08203125
16218,8,Y,22,12.96,a,S1 obj,63,co2a0000375,0.0859375
16219,8,Y,23,13.448,a,S1 obj,63,co2a0000375,0.08984375
16220,8,Y,24,11.983,a,S1 obj,63,co2a0000375,0.09375
16221,8,Y,25,10.03,a,S1 obj,63,co2a0000375,0.09765625
16222,8,Y,26,10.03,a,S1 obj,63,co2a0000375,0.1015625
16223,8,Y,27,11.983,a,S1 obj,63,co2a0000375,0.10546875
16224,8,Y,28,13.936,a,S1 obj,63,co2a0000375,0.109375
16225,8,Y,29,13.448,a,S1 obj,63,co2a0000375,0.11328125
16226,8,Y,30,10.03,a,S1 obj,63,co2a0000375,0.1171875
16227,8,Y,31,3.682,a,S1 obj,63,co2a0000375,0.12109375
16228,8,Y,32,-2.665,a,S1 obj,63,co2a0000375,0.125
16229,8,Y,33,-5.595,a,S1 obj,63,co2a0000375,0.12890625
16230,8,Y,34,-4.13,a,S1 obj,63,co2a0000375,0.1328125
16231,8,Y,35,-0.224,a,S1 obj,63,co2a0000375,0.13671875
16232,8,Y,36,4.171,a,S1 obj,63,co2a0000375,0.140625
16233,8,Y,37,6.124,a,S1 obj,63,co2a0000375,0.14453125
16234,8,Y,38,5.147,a,S1 obj,63,co2a0000375,0.1484375
16235,8,Y,39,1.729,a,S1 obj,63,co2a0000375,0.15234375
16236,8,Y,40,-1.2,a,S1 obj,63,co2a0000375,0.15625
16237,8,Y,41,-1.689,a,S1 obj,63,co2a0000375,0.16015625
16238,8,Y,42,-0.712,a,S1 obj,63,co2a0000375,0.1640625
16239,8,Y,43,1.241,a,S1 obj,63,co2a0000375,0.16796875
16240,8,Y,44,2.218,a,S1 obj,63,co2a0000375,0.171875
16241,8,Y,45,1.729,a,S1 obj,63,co2a0000375,0.17578125
16242,8,Y,46,0.753,a,S1 obj,63,co2a0000375,0.1796875
16243,8,Y,47,-1.2,a,S1 obj,63,co2a0000375,0.18359375
16244,8,Y,48,-2.665,a,S1 obj,63,co2a0000375,0.1875
16245,8,Y,49,-2.665,a,S1 obj,63,co2a0000375,0.19140625
16246,8,Y,50,-2.177,a,S1 obj,63,co2a0000375,0.1953125
16247,8,Y,51,-1.689,a,S1 obj,63,co2a0000375,0.19921875
16248,8,Y,52,-0.224,a,S1 obj,63,co2a0000375,0.203125
16249,8,Y,53,1.241,a,S1 obj,63,co2a0000375,0.20703125
16250,8,Y,54,2.218,a,S1 obj,63,co2a0000375,0.2109375
16251,8,Y,55,3.194,a,S1 obj,63,co2a0000375,0.21484375
16252,8,Y,56,3.682,a,S1 obj,63,co2a0000375,0.21875
16253,8,Y,57,4.171,a,S1 obj,63,co2a0000375,0.22265625
16254,8,Y,58,4.659,a,S1 obj,63,co2a0000375,0.2265625
16255,8,Y,59,5.147,a,S1 obj,63,co2a0000375,0.23046875
16256,8,Y,60,6.124,a,S1 obj,63,co2a0000375,0.234375
16257,8,Y,61,8.565,a,S1 obj,63,co2a0000375,0.23828125
16258,8,Y,62,10.518,a,S1 obj,63,co2a0000375,0.2421875
16259,8,Y,63,12.96,a,S1 obj,63,co2a0000375,0.24609375
16260,8,Y,64,14.425,a,S1 obj,63,co2a0000375,0.25
16261,8,Y,65,15.401,a,S1 obj,63,co2a0000375,0.25390625
16262,8,Y,66,15.889,a,S1 obj,63,co2a0000375,0.2578125
16263,8,Y,67,16.378,a,S1 obj,63,co2a0000375,0.26171875
16264,8,Y,68,15.401,a,S1 obj,63,co2a0000375,0.265625
16265,8,Y,69,12.96,a,S1 obj,63,co2a0000375,0.26953125
16266,8,Y,70,10.03,a,S1 obj,63,co2a0000375,0.2734375
16267,8,Y,71,7.589,a,S1 obj,63,co2a0000375,0.27734375
16268,8,Y,72,8.077,a,S1 obj,63,co2a0000375,0.28125
16269,8,Y,73,10.518,a,S1 obj,63,co2a0000375,0.28515625
16270,8,Y,74,13.448,a,S1 obj,63,co2a0000375,0.2890625
16271,8,Y,75,12.472,a,S1 obj,63,co2a0000375,0.29296875
16272,8,Y,76,9.054,a,S1 obj,63,co2a0000375,0.296875
16273,8,Y,77,4.171,a,S1 obj,63,co2a0000375,0.30078125
16274,8,Y,78,1.241,a,S1 obj,63,co2a0000375,0.3046875
16275,8,Y,79,3.194,a,S1 obj,63,co2a0000375,0.30859375
16276,8,Y,80,8.565,a,S1 obj,63,co2a0000375,0.3125
16277,8,Y,81,13.936,a,S1 obj,63,co2a0000375,0.31640625
16278,8,Y,82,16.866,a,S1 obj,63,co2a0000375,0.3203125
16279,8,Y,83,15.889,a,S1 obj,63,co2a0000375,0.32421875
16280,8,Y,84,12.96,a,S1 obj,63,co2a0000375,0.328125
16281,8,Y,85,11.007,a,S1 obj,63,co2a0000375,0.33203125
16282,8,Y,86,11.983,a,S1 obj,63,co2a0000375,0.3359375
16283,8,Y,87,15.401,a,S1 obj,63,co2a0000375,0.33984375
16284,8,Y,88,17.354,a,S1 obj,63,co2a0000375,0.34375
16285,8,Y,89,16.378,a,S1 obj,63,co2a0000375,0.34765625
16286,8,Y,90,12.96,a,S1 obj,63,co2a0000375,0.3515625
16287,8,Y,91,8.077,a,S1 obj,63,co2a0000375,0.35546875
16288,8,Y,92,3.682,a,S1 obj,63,co2a0000375,0.359375
16289,8,Y,93,1.729,a,S1 obj,63,co2a0000375,0.36328125
16290,8,Y,94,0.753,a,S1 obj,63,co2a0000375,0.3671875
16291,8,Y,95,0.753,a,S1 obj,63,co2a0000375,0.37109375
16292,8,Y,96,1.241,a,S1 obj,63,co2a0000375,0.375
16293,8,Y,97,3.194,a,S1 obj,63,co2a0000375,0.37890625
16294,8,Y,98,5.636,a,S1 obj,63,co2a0000375,0.3828125
16295,8,Y,99,7.1,a,S1 obj,63,co2a0000375,0.38671875
16296,8,Y,100,5.636,a,S1 obj,63,co2a0000375,0.390625
16297,8,Y,101,1.241,a,S1 obj,63,co2a0000375,0.39453125
16298,8,Y,102,-2.665,a,S1 obj,63,co2a0000375,0.3984375
16299,8,Y,103,-3.153,a,S1 obj,63,co2a0000375,0.40234375
16300,8,Y,104,1.241,a,S1 obj,63,co2a0000375,0.40625
16301,8,Y,105,7.1,a,S1 obj,63,co2a0000375,0.41015625
16302,8,Y,106,11.495,a,S1 obj,63,co2a0000375,0.4140625
16303,8,Y,107,10.03,a,S1 obj,63,co2a0000375,0.41796875
16304,8,Y,108,4.171,a,S1 obj,63,co2a0000375,0.421875
16305,8,Y,109,-3.153,a,S1 obj,63,co2a0000375,0.42578125
16306,8,Y,110,-8.036,a,S1 obj,63,co2a0000375,0.4296875
16307,8,Y,111,-9.501,a,S1 obj,63,co2a0000375,0.43359375
16308,8,Y,112,-9.501,a,S1 obj,63,co2a0000375,0.4375
16309,8,Y,113,-9.501,a,S1 obj,63,co2a0000375,0.44140625
16310,8,Y,114,-10.478,a,S1 obj,63,co2a0000375,0.4453125
16311,8,Y,115,-12.431,a,S1 obj,63,co2a0000375,0.44921875
16312,8,Y,116,-13.896,a,S1 obj,63,co2a0000375,0.453125
16313,8,Y,117,-14.384,a,S1 obj,63,co2a0000375,0.45703125
16314,8,Y,118,-14.384,a,S1 obj,63,co2a0000375,0.4609375
16315,8,Y,119,-15.849,a,S1 obj,63,co2a0000375,0.46484375
16316,8,Y,120,-18.29,a,S1 obj,63,co2a0000375,0.46875
16317,8,Y,121,-20.732,a,S1 obj,63,co2a0000375,0.47265625
16318,8,Y,122,-22.196,a,S1 obj,63,co2a0000375,0.4765625
16319,8,Y,123,-21.22,a,S1 obj,63,co2a0000375,0.48046875
16320,8,Y,124,-18.29,a,S1 obj,63,co2a0000375,0.484375
16321,8,Y,125,-14.384,a,S1 obj,63,co2a0000375,0.48828125
16322,8,Y,126,-10.478,a,S1 obj,63,co2a0000375,0.4921875
16323,8,Y,127,-9.501,a,S1 obj,63,co2a0000375,0.49609375
16324,8,Y,128,-10.966,a,S1 obj,63,co2a0000375,0.5
16325,8,Y,129,-14.384,a,S1 obj,63,co2a0000375,0.50390625
16326,8,Y,130,-16.337,a,S1 obj,63,co2a0000375,0.5078125
16327,8,Y,131,-15.849,a,S1 obj,63,co2a0000375,0.51171875
16328,8,Y,132,-13.407,a,S1 obj,63,co2a0000375,0.515625
16329,8,Y,133,-11.454,a,S1 obj,63,co2a0000375,0.51953125
16330,8,Y,134,-12.431,a,S1 obj,63,co2a0000375,0.5234375
16331,8,Y,135,-16.825,a,S1 obj,63,co2a0000375,0.52734375
16332,8,Y,136,-23.173,a,S1 obj,63,co2a0000375,0.53125
16333,8,Y,137,-27.568,a,S1 obj,63,co2a0000375,0.53515625
16334,8,Y,138,-27.568,a,S1 obj,63,co2a0000375,0.5390625
16335,8,Y,139,-23.661,a,S1 obj,63,co2a0000375,0.54296875
16336,8,Y,140,-19.755,a,S1 obj,63,co2a0000375,0.546875
16337,8,Y,141,-18.778,a,S1 obj,63,co2a0000375,0.55078125
16338,8,Y,142,-20.732,a,S1 obj,63,co2a0000375,0.5546875
16339,8,Y,143,-22.685,a,S1 obj,63,co2a0000375,0.55859375
16340,8,Y,144,-21.708,a,S1 obj,63,co2a0000375,0.5625
16341,8,Y,145,-17.314,a,S1 obj,63,co2a0000375,0.56640625
16342,8,Y,146,-10.478,a,S1 obj,63,co2a0000375,0.5703125
16343,8,Y,147,-5.107,a,S1 obj,63,co2a0000375,0.57421875
16344,8,Y,148,-2.665,a,S1 obj,63,co2a0000375,0.578125
16345,8,Y,149,-3.153,a,S1 obj,63,co2a0000375,0.58203125
16346,8,Y,150,-4.13,a,S1 obj,63,co2a0000375,0.5859375
16347,8,Y,151,-5.595,a,S1 obj,63,co2a0000375,0.58984375
16348,8,Y,152,-7.548,a,S1 obj,63,co2a0000375,0.59375
16349,8,Y,153,-9.989,a,S1 obj,63,co2a0000375,0.59765625
16350,8,Y,154,-13.896,a,S1 obj,63,co2a0000375,0.6015625
16351,8,Y,155,-16.825,a,S1 obj,63,co2a0000375,0.60546875
16352,8,Y,156,-18.29,a,S1 obj,63,co2a0000375,0.609375
16353,8,Y,157,-17.802,a,S1 obj,63,co2a0000375,0.61328125
16354,8,Y,158,-17.314,a,S1 obj,63,co2a0000375,0.6171875
16355,8,Y,159,-17.802,a,S1 obj,63,co2a0000375,0.62109375
16356,8,Y,160,-20.243,a,S1 obj,63,co2a0000375,0.625
16357,8,Y,161,-22.196,a,S1 obj,63,co2a0000375,0.62890625
16358,8,Y,162,-22.196,a,S1 obj,63,co2a0000375,0.6328125
16359,8,Y,163,-19.267,a,S1 obj,63,co2a0000375,0.63671875
16360,8,Y,164,-16.337,a,S1 obj,63,co2a0000375,0.640625
16361,8,Y,165,-14.872,a,S1 obj,63,co2a0000375,0.64453125
16362,8,Y,166,-16.825,a,S1 obj,63,co2a0000375,0.6484375
16363,8,Y,167,-20.243,a,S1 obj,63,co2a0000375,0.65234375
16364,8,Y,168,-21.708,a,S1 obj,63,co2a0000375,0.65625
16365,8,Y,169,-19.267,a,S1 obj,63,co2a0000375,0.66015625
16366,8,Y,170,-13.407,a,S1 obj,63,co2a0000375,0.6640625
16367,8,Y,171,-8.036,a,S1 obj,63,co2a0000375,0.66796875
16368,8,Y,172,-6.571,a,S1 obj,63,co2a0000375,0.671875
16369,8,Y,173,-10.478,a,S1 obj,63,co2a0000375,0.67578125
16370,8,Y,174,-17.802,a,S1 obj,63,co2a0000375,0.6796875
16371,8,Y,175,-23.173,a,S1 obj,63,co2a0000375,0.68359375
16372,8,Y,176,-23.173,a,S1 obj,63,co2a0000375,0.6875
16373,8,Y,177,-18.29,a,S1 obj,63,co2a0000375,0.69140625
16374,8,Y,178,-12.431,a,S1 obj,63,co2a0000375,0.6953125
16375,8,Y,179,-9.013,a,S1 obj,63,co2a0000375,0.69921875
16376,8,Y,180,-9.989,a,S1 obj,63,co2a0000375,0.703125
16377,8,Y,181,-13.896,a,S1 obj,63,co2a0000375,0.70703125
16378,8,Y,182,-17.314,a,S1 obj,63,co2a0000375,0.7109375
16379,8,Y,183,-17.314,a,S1 obj,63,co2a0000375,0.71484375
16380,8,Y,184,-15.361,a,S1 obj,63,co2a0000375,0.71875
16381,8,Y,185,-12.919,a,S1 obj,63,co2a0000375,0.72265625
16382,8,Y,186,-12.431,a,S1 obj,63,co2a0000375,0.7265625
16383,8,Y,187,-13.407,a,S1 obj,63,co2a0000375,0.73046875
16384,8,Y,188,-14.872,a,S1 obj,63,co2a0000375,0.734375
16385,8,Y,189,-13.407,a,S1 obj,63,co2a0000375,0.73828125
16386,8,Y,190,-8.036,a,S1 obj,63,co2a0000375,0.7421875
16387,8,Y,191,-1.689,a,S1 obj,63,co2a0000375,0.74609375
16388,8,Y,192,2.218,a,S1 obj,63,co2a0000375,0.75
16389,8,Y,193,1.729,a,S1 obj,63,co2a0000375,0.75390625
16390,8,Y,194,-2.665,a,S1 obj,63,co2a0000375,0.7578125
16391,8,Y,195,-9.013,a,S1 obj,63,co2a0000375,0.76171875
16392,8,Y,196,-12.919,a,S1 obj,63,co2a0000375,0.765625
16393,8,Y,197,-11.943,a,S1 obj,63,co2a0000375,0.76953125
16394,8,Y,198,-7.548,a,S1 obj,63,co2a0000375,0.7734375
16395,8,Y,199,-2.665,a,S1 obj,63,co2a0000375,0.77734375
16396,8,Y,200,0.264,a,S1 obj,63,co2a0000375,0.78125
16397,8,Y,201,0.753,a,S1 obj,63,co2a0000375,0.78515625
16398,8,Y,202,0.264,a,S1 obj,63,co2a0000375,0.7890625
16399,8,Y,203,0.753,a,S1 obj,63,co2a0000375,0.79296875
16400,8,Y,204,2.218,a,S1 obj,63,co2a0000375,0.796875
16401,8,Y,205,3.194,a,S1 obj,63,co2a0000375,0.80078125
16402,8,Y,206,2.218,a,S1 obj,63,co2a0000375,0.8046875
16403,8,Y,207,-1.2,a,S1 obj,63,co2a0000375,0.80859375
16404,8,Y,208,-4.13,a,S1 obj,63,co2a0000375,0.8125
16405,8,Y,209,-4.13,a,S1 obj,63,co2a0000375,0.81640625
16406,8,Y,210,0.264,a,S1 obj,63,co2a0000375,0.8203125
16407,8,Y,211,7.1,a,S1 obj,63,co2a0000375,0.82421875
16408,8,Y,212,13.448,a,S1 obj,63,co2a0000375,0.828125
16409,8,Y,213,15.889,a,S1 obj,63,co2a0000375,0.83203125
16410,8,Y,214,13.936,a,S1 obj,63,co2a0000375,0.8359375
16411,8,Y,215,10.03,a,S1 obj,63,co2a0000375,0.83984375
16412,8,Y,216,7.589,a,S1 obj,63,co2a0000375,0.84375
16413,8,Y,217,8.565,a,S1 obj,63,co2a0000375,0.84765625
16414,8,Y,218,11.007,a,S1 obj,63,co2a0000375,0.8515625
16415,8,Y,219,12.96,a,S1 obj,63,co2a0000375,0.85546875
16416,8,Y,220,11.495,a,S1 obj,63,co2a0000375,0.859375
16417,8,Y,221,7.589,a,S1 obj,63,co2a0000375,0.86328125
16418,8,Y,222,3.194,a,S1 obj,63,co2a0000375,0.8671875
16419,8,Y,223,0.264,a,S1 obj,63,co2a0000375,0.87109375
16420,8,Y,224,-0.712,a,S1 obj,63,co2a0000375,0.875
16421,8,Y,225,-1.689,a,S1 obj,63,co2a0000375,0.87890625
16422,8,Y,226,-2.665,a,S1 obj,63,co2a0000375,0.8828125
16423,8,Y,227,-3.642,a,S1 obj,63,co2a0000375,0.88671875
16424,8,Y,228,-2.177,a,S1 obj,63,co2a0000375,0.890625
16425,8,Y,229,0.753,a,S1 obj,63,co2a0000375,0.89453125
16426,8,Y,230,4.171,a,S1 obj,63,co2a0000375,0.8984375
16427,8,Y,231,5.636,a,S1 obj,63,co2a0000375,0.90234375
16428,8,Y,232,3.682,a,S1 obj,63,co2a0000375,0.90625
16429,8,Y,233,0.264,a,S1 obj,63,co2a0000375,0.91015625
16430,8,Y,234,-3.153,a,S1 obj,63,co2a0000375,0.9140625
16431,8,Y,235,-4.618,a,S1 obj,63,co2a0000375,0.91796875
16432,8,Y,236,-4.618,a,S1 obj,63,co2a0000375,0.921875
16433,8,Y,237,-4.13,a,S1 obj,63,co2a0000375,0.92578125
16434,8,Y,238,-3.153,a,S1 obj,63,co2a0000375,0.9296875
16435,8,Y,239,-2.177,a,S1 obj,63,co2a0000375,0.93359375
16436,8,Y,240,-1.689,a,S1 obj,63,co2a0000375,0.9375
16437,8,Y,241,-1.689,a,S1 obj,63,co2a0000375,0.94140625
16438,8,Y,242,-4.13,a,S1 obj,63,co2a0000375,0.9453125
16439,8,Y,243,-7.548,a,S1 obj,63,co2a0000375,0.94921875
16440,8,Y,244,-10.966,a,S1 obj,63,co2a0000375,0.953125
16441,8,Y,245,-11.943,a,S1 obj,63,co2a0000375,0.95703125
16442,8,Y,246,-9.501,a,S1 obj,63,co2a0000375,0.9609375
16443,8,Y,247,-7.06,a,S1 obj,63,co2a0000375,0.96484375
16444,8,Y,248,-5.107,a,S1 obj,63,co2a0000375,0.96875
16445,8,Y,249,-4.618,a,S1 obj,63,co2a0000375,0.97265625
16446,8,Y,250,-4.618,a,S1 obj,63,co2a0000375,0.9765625
16447,8,Y,251,-3.153,a,S1 obj,63,co2a0000375,0.98046875
16448,8,Y,252,0.753,a,S1 obj,63,co2a0000375,0.984375
16449,8,Y,253,5.147,a,S1 obj,63,co2a0000375,0.98828125
16450,8,Y,254,9.054,a,S1 obj,63,co2a0000375,0.9921875
16451,8,Y,255,10.518,a,S1 obj,63,co2a0000375,0.99609375
